1860169
869222
1241370
3946158
1714882
1642267
2069841
3647082
1582287
1754777
1742470
3648544
1095893
4111035
1737899
2126752
1770368
2486881
1919312
1808605
1936713
2111505
1432041
2993974
3440238
1989203
3548649
657917
2546607
1811527
1695382
1588369
1935748
2788624
839627
1256809
1872396
1997892
1681360
1997307
1621319
1911572
3468687
1759814
1258642
1097543
1428949
1895605
2469345
2813781
1990718
1955170
2315558
2164997
795627
3466914
1570203
1083470
994370
2734925
803828
2659368
2498021
806325
1725999
2663986
1725588
1736571
2863215
1769144
1170505
2466406
1892257
2839813
2185824
1157868
970331
2256823
1895602
2237466
2203622
2596314
2129143
2428358
2496721
1845874
2174272
3142746
429989
1990449
4000950
718679
1128531
2616989
2360394
1853347
3284709
1860991
796161
1936782
675734
3571123
2884952
2026805
1554502
2324863
3666536
2410945
1024483
3206402
1805022
2275674
2882253
1001682
1091973
1699423
2034429
1228616
1946507
2088427
2615210
2935781
898597
1807735
2872154
2419085
1907933
2460720
1969946
2058788
897279
1069949
1849433
754084
2259800
1941712
2686032
1791443
1580160
2076578
1942387
1738018
2404778
797018
1267222
2177434
2519704
888015
2474574
4572837
908042
2410948
887556
2902017
3082637
2455505
2125262
3815421
2552046
4403746
1500990
1091062
1988753
1736329
767203
703794
1193449
2983416
903667
1128411
3596820
3130993
2267030
1257564
2033294
1918978
2112902
827803
2083422
2675575
2674634
2245529
3881559
1849580
2069610
1551135
2506713
1476606
644971
3359653
1219094
1588391
2245774
1899764
1690355
2041598
1414762
1537817
1919449
2546549
765873
1625482
1836593
1768904
2570594
2141888
1770623
762207
1529189
3018109
2481631
2105251
668662
1775699
1675085
1222063
3889361
1836484
1652503
2468866
112922
1910434
3256307
2376642
728318
2933707
999064
2036340
3215357
3441410
1408381
1493972
2011121
1940170
1579854
2034654
1059776
2718544
1127798
791274
1642961
1911308
2555568
794750
338682
1706834
1155619
2026764
1428543
765327
369349
2815257
2255644
3551549
2596018
957468
370440
1093078
23414
1627157
1895606
2204234
985875
658127
384926
2397136
1463192
1996531
2616414
1172819
1725624
1746492
690982
1199955
2025393
2173528
2661624
506357
1918413
1178526
1679054
1949183
2610039
2149446
2760593
1101611
774965
1683433
1752315
1556943
2209202
1862062
1397930
1962374
804164
1271007
1141084
1073201
2471173
1640362
1518162
2233205
790415
2189653
2485438
1554312
1064976
1882794
1036304
3131107
2247582
2618935
2485259
2118540
1351956
2659724
4165727
2312864
552068
2035291
129891
855762
1893432
1414400
1919344
1125784
1605598
2826730
351752
2335553
2917347
2838736
2058088
1200272
1816113
1568203
893739
670881
2509215
2492346
2834295
2192267
2261656
335628
1934624
988793
2768610
433005
711923
3297551
3880642
2095008
1366185
1927665
981872
2678194
1384287
3010178
2360153
1701160
1682436
1164568
1658399
1783947
1181761
2931366
3069848
734339
1129535
1700275
1329273
1947706
2166311
1633050
1528842
1296232
661705
3885164
2609731
1842043
1649064
1812660
972364
3203932
867747
1685500
807074
2077126
3046849
1949715
1000684
3145816
894189
866727
816327
634479
3317368
2026835
1869933
1453152
3901653
2461732
2669351
1670456
1943817
1843653
1505448
1281221
2628162
4277541
1863289
2967165
1168821
1587272
2867730
1491660
495651
1843589
1860433
994893
3231039
1095854
1744110
687303
2774775
1844335
2447121
2321257
2189687
3385971
1729489
1875178
1655981
2145283
1836354
2496720
974662
132946
1523740
860019
2764718
1861487
2903648
891867
2946557
1702172
1563493
1941499
1019006
2307722
1804972
839947
2681519
550235
1024742
2822288
725198
1078718
2231706
2780547
2915771
1695379
2527875
2410947
1416966
2102287
1726994
2102292
663992
2780850
808448
459845
732724
1155515
536476
2808923
1973410
2069999
949029
1397146
1824800
2932817
1351114
1389624
1582806
776951
2765641
1648505
3893423
2240526
3069278
2454836
263070
1018776
427586
954692
1992818
1877637
2038750
3849893
1304049
1185311
2164274
2877774
883912
2263158
726817
3339771
1938974
3573701
412057
2628691
2609561
2722140
733943
845378
1764213
2946925
2856775
1896447
83975
1831032
1630565
672594
2096102
1252711
1115984
246397
1626537
2911355
2877476
1816243
4227167
2915772
1514799
1623092
1992475
2139556
1031991
1863228
2094186
2615748
2778308
2246465
958098
970416
2172462
1537566
962381
2949285
1706210
2864233
3837137
1600415
2026320
1082260
1925409
722844
1886838
1391631
1229705
2023120
386728
1395942
2022204
1244293
2109961
2039533
1327000
1510355
1949106
890190
569094
2248253
487951
2446555
2857369
722596
2662780
3212416
1619555
648081
1403588
2252199
1628131
2245768
2871342
1734750
876685
680394
1172150
1807642
3623807
2593548
866192
2659369
3208695
1371599
1065689
1358210
126645
905800
2547134
252238
2836842
667021
2986112
1963713
907388
2737086
2670759
2824933
2682795
1982341
1531985
870839
974352
1911333
2138577
509510
969681
2245772
1400912
703584
1623285
1889232
869704
3919416
1785329
985741
1589320
3257742
1844417
3314129
2912432
2824039
949011
4109500
2112900
1011471
1358299
1645523
331506
1123161
949234
1758255
792670
2808771
1912765
1911636
852986
1414519
3632759
807482
2329514
1623093
1721919
1888008
889228
1313971
2964230
235470
1432943
2671118
2259898
2964221
2097898
2834369
657916
2044364
2764171
2559126
1952042
3794276
419551
111680
574050
1981872
1294632
1514105
2924687
2064537
2628639
450440
972034
1820170
965243
2430973
2581610
1967947
1534523
1921377
820737
1093605
2245766
2231774
2518847
1722406
720590
624133
1812392
804683
653816
770576
757003
2633790
2784506
1045757
3597892
1635388
1575053
2249464
2015472
1564055
1773235
47152
1867443
1212686
1754205
803418
2943183
1302567
2923287
2549390
1698115
2792119
2088202
300689
1039511
1485831
1782778
1863199
955737
2050696
2073335
775365
646713
428318
799415
2245783
1770619
3322513
918041
3000284
1945555
1248316
2829681
2178596
135880
3919008
223397
1530206
1797542
2336310
2948441
2962071
1884131
3595825
386760
2487693
1589931
1714686
2823897
994495
1075001
3211514
1385397
798853
2881112
2059942
2073076
1052353
2782388
2992855
779179
1828136
2309955
2223893
3415931
2068783
1645698
1610933
2173973
628755
2025942
2802630
2168768
1494828
66623
965549
1986783
2713278
356968
222278
4234569
3190056
1436329
1967760
2953859
971528
1688332
4444857
1073071
827228
2073818
3659484
1150882
772774
1577478
745224
221777
2489792
1029307
1869048
746471
991014
811127
1109572
2863530
297115
999944
1311613
2918487
1905293
1786106
877625
1158325
1264831
2952014
1619453
1025348
693195
2491234
2364135
861889
2157587
2028600
1474795
4593636
2040582
1721685
786018
2510779
2906051
929699
1763938
2461085
1015113
1683307
3563990
3153175
3138114
2063570
2605507
2850593
2805356
1556336
2328043
2059943
855456
1787255
2368457
2870522
3215934
1566064
1815397
737408
2316176
1968445
577517
1686552
642687
2779000
948389
727715
1828691
134563
1374121
1718671
555797
887621
517308
847314
845391
2193895
2303231
3429000
861846
257793
3609323
91037
2868166
2756928
2217244
89171
2341609
1680868
2911638
1204683
2008344
2923717
1727980
2135058
660593
2798816
1182586
1028733
2459394
1187506
1801887
498989
2932945
1260538
2866145
1139440
2912320
2654621
2025205
1250723
1504551
1839001
1218337
2294221
620789
1864425
856743
2850334
2196278
1838427
854972
2248906
2130588
1645293
712742
1397263
2779129
1204335
915606
2911635
977770
1207948
2493793
2235465
320712
2593620
2603107
2827077
1073279
738679
1402392
1221314
1971458
1142960
1419606
2250659
2922555
2736374
1584052
1086956
2755722
2157201
3242214
2983339
2165641
1995244
1908890
2365752
3247754
1700588
1972802
1757234
968065
895643
2236260
2915669
1291657
2833027
1601880
1953873
1828249
2060211
2916903
1789641
839711
1258579
2093706
2195938
1862525
3002764
1783813
3025307
2121051
2776196
1749322
1678956
1508978
2677494
2602195
1928680
2233132
1620144
1893461
865344
457061
1505901
1000747
2079609
742975
2930631
992437
1283568
2282512
4037655
2603705
2356157
2883194
2917259
2771907
1988911
1608832
2512370
1439137
1032348
2226722
2106818
951173
2690223
1883862
907068
95382
619051
1139789
3294721
106491
522348
1154908
912167
1314420
2328389
821165
2316100
1936135
1728764
797658
2280822
2296608
3781018
2909752
1893606
1813918
2801091
105806
2954960
1371120
655682
2044722
199593
2150733
1836456
737333
1932703
1961271
1766841
3148929
1362265
1702151
2811662
2964222
2413427
2332941
894090
569590
960875
1209189
3120316
1575968
1229702
1811389
811925
53554
2943063
1532240
2654458
2778999
2238203
1840374
2959445
422328
1029562
559071
2311467
3055877
658994
2012740
2887317
2308666
3794275
2197165
2988272
1695991
775624
2869288
2942337
1911574
912808
1168018
1282960
323883
2044362
1353480
2895675
2805421
2995730
2178107
2083431
74684
1912276
2188031
2112898
1662552
1781533
2788239
1822965
861164
1651290
917176
1743616
3757508
2245860
912610
1135459
2463234
1806995
1542899
2357806
1519346
2460779
2125846
2857513
1108593
970048
3671203
512000
2958102
433168
1805910
2534736
2173002
1764226
2164332
1809440
2200557
1814503
1607736
1968486
2677019
1827558
1769222
1553356
712278
2848662
2843995
2865041
1130600
2012300
1701892
860022
1944926
726289
2292207
2889019
1594727
2084629
1604268
1672204
2874833
1787965
2317124
2860521
3224356
1650859
1159687
1520526
732951
905684
1102734
1153255
1852786
3845728
1941890
665721
2734199
360736
913231
2843112
923985
1724319
1257669
808848
1168783
1875421
1979462
720589
3208192
3005309
1023307
764082
2639520
2226486
1712063
1693862
368238
1776627
2834274
2987631
2168802
2076663
1505170
2152564
1065884
2099676
1838383
1557461
1627873
1714833
978326
1489207
3808688
1930104
1557181
2768077
889529
1476582
788088
2881890
3829916
2133314
2766688
2917252
3922646
2968911
3351141
2098486
2027309
2496130
2506721
688886
952215
2601642
1783310
1785750
2101986
1870559
662064
1096345
2067859
625507
1785664
1219212
2330482
1177137
2093705
2437233
1528368
2906716
2460719
831443
2968871
1875674
2881840
3400000
539909
1918015
3028046
427090
2084862
1957843
140665
2548907
401513
658120
523376
628369
2211018
2915798
2259381
2604568
2986854
1100265
2593243
1907051
1774006
1921069
2481638
3293713
305227
1745634
2124108
1590446
693288
1680481
561628
2904679
1574314
920015
1413077
1503470
1468912
487384
1576449
674484
2118440
745360
1743778
1621068
1744522
543814
3737820
1343792
1192060
3945608
2132415
2050230
774903
1925194
2751338
2978905
1270000
683971
1737489
1482745
2843788
2916185
2245478
1500645
744396
1887384
2950367
1682475
1360931
1593252
860188
756065
1842954
1974604
1500991
1346092
1781015
1778453
2040972
117182
1761422
1868881
1486534
2354761
689290
2083439
1602803
1805075
1401254
853625
2452216
1596706
1618985
1659530
1193512
3650152
3019578
1316268
1343292
311898
1401283
3286169
1568262
2239445
2454944
2452099
749138
2086666
2253413
2093708
2941532
919772
2564222
1810188
1972186
1873843
2233802
1085207
2341602
2067820
770354
3543489
1688458
2112267
633965
880496
2100669
1302554
3437580
1768797
1475091
1963589
860793
1368231
870152
1412805
117641
1405981
3937343
1668948
1245365
1181126
1607114
2719653
2967789
1652172
1217462
1773928
2775211
1493121
869197
843013
853926
2680634
676172
1820339
1258101
1987383
753014
1630904
1968981
1231850
1934215
1897497
628139
1577751
2922034
1863201
314496
1461892
1468734
788472
2555536
967016
2134948
1564926
2144316
861180
2257469
3028927
2569254
2865232
1211828
2659351
733432
1253183
2590893
711758
2206972
2775959
2245777
1911666
1514253
2879341
822166
3985409
3078415
1110199
1884658
225490
2225036
2094495
1110826
1908618
1367148
1676603
1402367
118380
3232640
3782347
2632683
2270810
1967262
1901789
110874
991733
3340985
1939534
2324562
2718073
2042846
996109
2820568
2560356
1089041
1656150
1772906
698252
1095507
827984
763520
2658590
2058902
2156842
1119201
2133576
462678
570953
964122
2785115
2517071
1919041
1659260
2147636
2404833
563784
381798
2926075
691893
1311904
2890961
813588
2880178
1582549
458582
2107124
1891389
2789488
2740274
2933980
2899195
455222
1978280
3570727
2897611
1603721
888465
1899986
1738992
1474012
2065199
1714821
1975912
1697348
1971488
1039330
4793132
1822451
2316102
1126915
951053
1053236
500082
1079089
2732033
1937046
1989857
3208568
1109111
2988681
1649842
2465901
983680
2190037
2720302
2127114
1027692
887095
237848
1853547
2906357
110626
116128
1938324
777074
1939029
2609903
1067358
521244
150116
1705176
3333661
926644
563946
2557130
844718
930249
3012921
1487055
1783812
1930099
1590883
161787
2485140
285086
1141858
3387380
3341681
1850329
2603156
1846447
2495430
2911744
1705675
2079503
2168568
1990517
1603103
2986801
281036
416492
684921
1760798
3330062
1818097
1510744
1822068
1682412
2711757
726357
2020407
1750943
683970
2816643
2934950
1219214
790238
1878931
1961714
824970
1679283
1635233
1398123
2966994
3386360
2834725
1601387
2346624
1649916
3322016
2844942
1702903
1957224
918415
1782389
1907199
1268477
410193
1862521
1160282
2176922
140460
327526
555965
2619012
2266094
1776935
1649528
1220408
2201298
1483603
1860767
910124
3088767
785156
2830303
1694160
1728720
1647345
1099759
166830
2364104
1185233
2831663
1916880
2020385
2768612
1122874
4646485
746315
4230972
1298998
580407
908800
848143
1843593
1770695
2917617
1886627
1315517
1809736
3535768
381490
134130
1752311
1900899
2350478
3950005
2269544
776322
2786556
1117451
3281757
2770307
2795857
707187
783850
2270814
164183
769594
933228
664265
1599393
2416573
1644648
1603791
1730109
2207269
1849505
1972190
341891
2015527
522968
127440
1532546
2596015
1813741
3745820
75320
837605
1597953
1934139
878756
1095855
589969
2895240
2844709
927754
1220839
2804601
2276210
153484
1699366
1775325
988726
836826
1802689
2934771
733772
1927613
2139960
1758697
2803005
1220272
827294
2588321
1030374
2983686
1883745
2836795
1332969
1009097
1402272
2915788
392028
1295867
1775698
977875
148000
2249134
2129097
1613466
2618287
2952138
1870002
2040981
404429
1826135
214416
1459734
2540399
2129145
1099380
1744644
2037502
744673
1145026
1653195
1939636
2819736
2780579
2540771
4425088
1979344
2228175
1955829
2582808
1939637
1201899
2617773
1980295
1264483
2203621
1160280
3487327
2083104
2717039
2234050
2837168
1863205
933666
1978833
1949196
452508
2077771
2006543
1827432
2018512
159007
1086057
1618986
1939586
2155936
2571346
896753
2764448
181253
927487
1193468
1412760
2948994
2301161
470939
1960286
1373950
1890412
2335100
2100450
973278
1916244
867391
2363770
2059892
1713945
1596697
1398002
1174207
2932583
1868583
2127653
3005302
2664463
2392472
1007546
1488073
1838165
1905231
1032126
1810476
894744
2938023
1164179
2894142
546944
548376
2529598
2560354
2022477
474326
1941568
1519160
1652253
901234
1368355
2163007
468714
3631204
1501410
2828061
1925935
724015
1303812
1121435
2124067
1744286
1597247
5089492
2607769
2004799
2791761
106033
439135
1675838
2926074
4523498
1572868
706003
2697374
2559033
609129
2234002
2086065
572475
1109306
1877363
2284222
2883759
679131
2047677
2256206
1102963
2956319
1822516
1148238
1155062
1562874
2556209
1206875
1363570
2889169
374405
1935389
3444822
2762089
1699159
2301163
1657917
3562994
1010596
1463054
2172661
1294757
1982581
2953423
1329592
878386
2011421
1754721
403276
1015266
2777202
2559209
778641
1011144
1046830
2230657
2523311
1150189
2116804
2338623
818597
2322600
2075222
1618799
323907
1233778
2940540
2133558
1969005
1853842
1053130
596079
1082145
468997
1772897
1030261
1774140
2444943
115457
816600
3210497
1660602
1591906
1874165
2477069
1198928
2021335
2174050
126229
2123588
1419954
2871820
1619884
781213
749156
2869497
1040044
1649989
2570115
939197
2599455
1740092
187639
173391
2939383
2872474
1220260
1919543
3798522
4074305
658387
1509637
66609
1555792
2229349
2407235
2888635
1125406
2794850
2836811
1071424
335786
1890237
2579270
1737389
1514275
1602635
1385396
1670401
792989
2840085
2976444
1776628
2152484
1877694
385544
986939
2900416
3487328
836339
457448
1608414
1937552
2054557
3118127
2716344
2622411
2120669
1139633
3450937
2895528
2769850
2840060
2230771
1672408
4212326
1822016
1437218
139652
698254
383622
657054
729743
2241460
1700408
971975
1848803
2423260
1126310
777303
2203226
1816958
2660176
752980
2233386
1149353
1927444
1886274
2413242
635679
1984257
1972535
2768076
418762
1836852
1607331
979412
2153914
2717498
768555
1057509
3495348
2785532
442170
57540
2884633
1913603
2082843
553293
1717459
2947984
1892789
2609957
2651490
1523011
1725782
3794278
1701564
1963403
3794274
1944231
951778
397503
827317
3325377
1749822
1806803
2396518
2148623
1524104
966335
1366188
2117192
1674547
844103
2328680
1628133
1850608
2137749
2967835
1179007
1783968
1633693
727636
1146074
1762629
772286
3507057
1630299
1217417
1193499
297811
1312156
1603621
1520788
1363620
3164317
1438557
1699930
1939858
2630704
1292350
2766094
1759915
3956467
2134945
1738176
830322
1643085
1252022
1941920
1017991
933538
1187604
2756170
1494341
2014556
1993380
1780051
2771476
1618753
1943551
281843
1745501
288163
262302
215238
837694
2461904
280034
903049
2884457
2809893
557821
1913600
1886292
1580161
3583414
1574791
2946539
1864177
2849548
1901052
794779
1819587
2671123
2131544
1514898
144029
1764267
1676342
1578837
1520670
2291446
1004796
1857216
1872256
1515652
3001532
665509
1523119
1691921
3958276
4460063
2276247
1403240
1730139
2871800
3552451
978877
1722878
1273457
52398
1262832
308991
482147
1502636
3275796
1762724
1739893
2173072
1501711
2064304
1172029
1691136
1483781
544850
667957
2925833
1611167
1690475
786636
2678655
1658695
1451971
1863270
1693828
712015
2829910
2124919
2782389
962194
449484
3121438
1881837
1283279
1812145
2030853
1041934
28555
2138468
1243784
1385236
789765
4026577
2849057
93474
2988405
1785133
1924444
3081684
3905550
719594
968742
41034
1051486
1092980
1720423
1889138
46789
1952151
2866143
895014
1016923
891079
794670
2125714
2582733
3561625
2916562
2131688
3645538
2453247
1763013
1837462
124512
1741989
1754395
2975322
1892250
899859
1382659
722224
1810150
2519692
2049362
1945175
2455776
2960323
1070620
2039544
1886839
1029043
1584432
1243461
2252962
3338283
1598696
1165064
2785971
1554749
947708
485109
1941088
1410076
1040942
1555717
1693956
240488
3535767
495776
1231420
2769848
2889396
2233808
2771418
3188917
4366349
2683573
1863272
1913606
2788250
1717390
870151
1414527
786680
1928802
464521
2592149
3499914
1590637
1110602
2878340
707772
1727798
1900116
1932016
2328433
104945
35270
2123641
2228784
206567
1236211
2938608
1754352
1773874
2863554
1799797
1354196
1956730
2978571
1336662
1948941
2045906
3254176
2163449
1194232
431939
2788418
421532
2157773
2880786
2983190
2040035
2219160
2326267
2702129
209276
1990369
1966004
1603635
1794350
3671205
1391282
2789959
1766008
1099955
2937778
1644737
2791851
1350134
2625940
2842861
1290690
1468011
2916781
2957679
715013
2961652
2997438
461620
2125710
1897802
766504
2225073
2239984
3489531
2885069
432841
753001
62118
1860939
1775315
1962336
1454407
2454006
1724279
1583484
145669
1839534
2513942
1022252
3000283
2825217
71562
4215761
1947213
1068383
2235450
1694501
1455320
1919103
2688706
4261146
2961828
1653685
2896286
960985
3301339
1860803
713500
1897589
2463764
3386973
3500383
1567645
2626203
1144515
3904902
1414507
1952154
1843659
2176591
3011528
2881896
2677406
944710
1864175
1277254
1850085
2971438
1932206
1562317
2170342
1576912
1714451
2006080
1712377
1919018
3395910
2256806
2066644
1576653
1253483
503082
1083722
1554404
1804279
1660682
1474956
2107123
1158434
1982762
2047638
2919662
1565265
1290650
1169559
1935596
1521481
840864
2650207
4493005
321559
1787835
1842604
842512
1596845
1358921
2815870
1939016
2764719
1828400
1828339
1242784
1809947
1188172
2134713
1889238
1658063
2825230
1985735
4424145
773553
1352221
2829999
1104323
1316417
1595256
805855
1759876
1582621
2022378
2159143
142954
1670393
1730868
1760666
2992526
39397
2130435
2922912
1976027
2769029
976159
3138765
2674675
2628166
2271666
1736331
2014389
1012331
4503510
140937
47365
1569704
2922418
1828961
2160189
1167438
1828903
2822845
1039881
2643242
1995114
2078679
2588702
1630998
1891820
3926086
2270137
656386
1047758
1507223
1879911
2791745
971834
2444027
311864
753010
1828537
2453711
367175
2350464
2757979
2956882
2550231
2172903
1621040
962979
2221455
2272128
1156568
2328679
193523
1509693
238265
1455515
1396152
1619335
786021
974694
2595180
553131
1857147
2789383
1799238
2768611
2844963
2890650
1097476
1247238
2858303
2784944
1299008
3899781
690778
2844869
1405739
872155
1850982
2660169
1679391
1604699
1787528
1959413
881406
3679590
1599042
1925933
1250652
1544629
1749064
2629543
1938881
3017297
2463770
1637090
2258999
2291721
1830635
1086050
1170480
2794378
2639417
3339743
658561
2908469
155235
78049
2036902
1775286
1803316
2947472
2549327
817623
2910991
1954758
1386449
1783219
1651264
131891
2981534
2739858
1113263
1717652
3440632
2603703
2835133
2892752
1636304
2035276
1126352
1317186
1018869
1760374
3277659
2866166
650660
2803104
1829947
994568
2923009
70744
1855887
3605826
128533
1830206
1801652
888383
1935933
2193896
3543942
4453839
19969
912625
1131424
2690081
1468735
2188969
2028818
53926
1421439
1403276
274391
1642169
1825258
707802
1517726
1963682
2032560
1245830
2793096
5413
1601943
1531547
1594988
2146420
2755564
2781196
2307854
941197
1915983
2036653
1601787
2036852
1214691
2766772
10463
2500899
855536
1515487
1879954
2684859
1988751
778160
474115
1763222
1743206
2838150
2921884
1256458
1624291
3671202
2602768
1473301
2861767
2879943
3332151
128606
476149
775806
764293
2976489
1949246
2944304
827802
1899081
2478278
2038915
1175016
2910875
97416
3148305
1168807
1254678
2060199
2863609
2953077
1764644
363662
332962
2912764
2718560
991015
1966785
1343703
2394275
1536493
3178933
2920787
922600
2810635
553854
1162425
1983124
1557471
30386
2886350
1087690
1847496
116938
4087751
2828365
1549043
2475433
2823526
2901015
1704984
2285780
1764665
2217436
1003447
1838785
1846898
1054507
1639052
790218
2150450
1555610
3573132
1898518
2732132
1036393
2882501
2761853
846012
2208012
734927
3629
2945043
291285
1829146
559673
3740431
2088216
2393550
2531164
2672672
1421827
655300
930315
863249
806376
2843799
19520
2775198
977426
2888195
1659100
1039869
684163
1576174
2980850
2066867
2051026
2620987
660698
2532014
2781761
1959500
1971822
1889174
965040
1968236
200989
2408391
127136
958819
3231554
2527030
3374691
2856157
996985
1113343
2954961
3818041
1100091
2911637
1581561
1865005
2969237
2750752
2355038
2023927
2920002
765525
2861729
2950591
2724375
83338
2299553
1580652
1183266
2717662
2941887
2064450
1432783
1571309
822765
1053520
297668
1749449
1502250
1694017
1158474
1242791
1299287
1419801
1389956
2700108
2581265
2404573
1822957
1858799
4586674
292645
1053729
1318360
378781
2896259
351996
2034980
1530025
2964220
1604315
275266
1138405
2440264
2294415
1814018
2046495
1942473
1634034
1082614
4317153
2815761
2187624
2792015
946064
124664
1345459
201522
2639521
1901963
2848150
4566
3550288
1853394
134334
1400195
4176340
1925556
69219
2316103
827857
2948996
84787
2820662
787957
3352257
48985
2347052
1838159
2922983
1890246
2387896
1369527
2039850
1752368
2555645
2755610
2011555
2248613
2418825
2792012
2992208
1835589
144028
898575
3166834
2919883
47487
38828
2291947
1342357
1572058
2166462
2867842
1587090
1295194
1879176
1666827
1613687
1187302
2713279
2223856
725718
1056732
3011628
2960101
1594009
869973
49242
1803466
2099491
1748667
1530797
665663
1951581
2270813
36697
859591
2234162
1295253
2844052
1994564
221219
3925741
2070999
2715639
1580504
1655728
2978156
1714819
384718
1420472
1782425
1076706
133053
1924634
1909547
2101534
3580429
1895004
1993436
2224208
3469819
1824385
1572141
3158738
2889020
4015666
447164
2126990
3324646
1763937
3931719
2797473
2051545
283992
39209
514456
679903
2319257
2955953
2088589
1694583
1636722
74959
865514
1413257
1897577
2947232
1783725
117184
2993044
815690
2026798
2820764
3725695
1452809
3958155
2199470
1941208
1934828
2863391
2979430
1962267
1603080
1591702
5088278
26704
1809850
1416124
268490
2881219
877312
1722791
2110306
2941529
824931
1617945
2968971
2964306
1129148
2512375
1745037
2971699
1962654
743896
1949641
2886437
2831902
293573
418631
2792178
2837355
2959446
105021
792011
1520653
4154334
3793291
87396
1837082
2175511
1950484
1462155
1795805
581401
2777735
1863246
2831914
1078109
3413538
2050026
887252
178353
784502
1990559
1937663
140821
1864170
862338
4447027
63783
789819
2733463
43384
2850905
1973805
296
1916015
1954030
1755526
1757416
2594543
1220333
1558638
1026061
1827616
1877959
286615
1419144
2809892
870481
1617365
3205217
2961838
766891
2548638
3457998
1814702
5161
2597169
1922293
1543580
879786
1477241
1582674
1895993
2227698
2870383
3156883
4444860
1814264
1619682
4459321
699471
2559936
1952135
1027065
3924030
1033882
1124153
47973
3650154
2085694
1935932
1437794
1722407
2233803
1307291
2814172
1490588
2963352
950234
2677498
1980365
2842819
2778561
2899404
1849426
2246271
2580606
2833818
1870556
2655718
1453428
1082244
1200757
2857043
1500846
1783814
2920984
2037382
2251005
1911445
2032559
1737885
2941771
533622
2547378
2713281
2249030
2922036
2085384
2834097
3417994
2792014
17672
1513237
837604
1520991
1637380
3289
388877
958661
2953158
1983146
2974475
899144
1562377
871193
1382695
1578322
1488097
2751003
863540
2911747
1856597
1367861
1403907
902721
3762985
2885483
245960
1609721
1372586
498711
966203
2735614
1657066
3853540
98451
2512293
2798682
1852177
2535520
1819782
1886547
2514777
2651794
1385957
1608558
2397737
415307
2769390
701254
2871731
1942546
2719943
525278
2177668
1637391
73954
1475812
2935623
2278502
1881625
2160450
1754511
1183255
1829998
1453846
1826137
1726474
2743101
57243
1836274
1635980
1791372
2944303
1264763
2047674
2024606
657509
633993
2792683
2372073
2948995
1848308
1856299
2853477
4366520
1988963
2689510
2967720
2888273
1807831
3155478
1690353
1714350
803199
1519914
2514927
3577454
2876949
1262434
147449
544136
158309
813331
759638
2099107
1481178
1276080
3552792
471257
2599091
3794382
1846146
1414282
3624727
146985
2845803
1831801
2979115
2460553
2561904
1698745
50700
1155233
1152014
106050
2666335
3320061
1582618
3428216
2836078
1677967
1848919
2701095
2172199
1822108
1640342
523447
1936561
1543159
794624
4215762
2839967
2107120
179972
1274579
655680
2858748
3921929
1934216
1919142
1860435
2049342
1992446
1091478
1484776
1828340
1918233
2622787
3312731
2265852
1884742
1304748
1865744
2245771
626343
1033154
1859160
1762429
2796477
2836353
804021
2953364
3928577
1588910
734910
4118133
1741529
519940
2717037
68431
2953893
2883760
3657682
509346
1777995
4158630
1617047
1972842
1498091
1736515
99342
2645666
227772
3489484
4193231
2824352
3992575
1624370
1014580
1623401
4373459
2924352
2070594
1468581
1415026
2324906
1817769
2040771
929905
40285
1755642
144737
1898522
2778749
985141
1629267
2756132
1004556
1809853
101729
1012155
1605533
668460
3262862
2957935
1017530
1193344
1135202
996731
1612454
786379
2772959
248991
1518059
1215777
1950290
1919539
4406540
28148
2449729
1784323
2674676
3452317
3267957
4240222
3417993
185784
2885479
2885480
1892052
1585398
1666092
1643270
2453681
2952238
4363082
4351531
2137969
1915096
1122238
3996975
2818296
1263323
1765081
2276246
2889023
257154
2589788
877335
1498774
1708070
138099
2283327
1564921
337500
2227811
905745
2593231
3523788
1231936
2478213
2802054
1551810
2772144
949888
1004915
2936726
2946768
1394
1041874
750762
2927342
1965307
741851
1308411
1863235
67526
1353352
1736244
2293429
1832351
2352180
2886436
1822293
4019651
1473299
793107
47880
1741093
1713929
1255789
2783766
1238425
2719326
1128219
1922050
1465149
696225
1596172
1725396
2767825
2071921
986042
2990769
1475668
2222070
549280
4444108
1456771
2519771
108717
4413424
2925905
2831916
1460113
1186227
1517653
88002
299011
3487330
1537198
1973474
49312
966243
1451282
2162847
1364063
1684961
1869167
1733039
2368899
2003509
1725174
1013310
4473197
2174670
1425112
1600465
65417
203906
2065883
997648
1263775
2243386
2972055
1409923
2671414
2905226
114635
1847043
2053065
1788628
1009022
66684
712147
2962254
1863226
734184
2886714
2933755
1268530
49241
481813
2316106
787430
1219148
1898632
2132928
2142695
2828902
1242790
3028781
2438537
2699196
2245775
3911766
1688906
2983684
3797026
889087
1413768
2741813
1808741
2937385
1089855
1935584
1986367
3650151
1736330
2899915
2905433
99290
2198578
656385
211154
2801090
559372
2808985
2896899
377903
2285281
2777604
4024924
1814149
762507
1960837
2624022
2848672
4467173
2833129
1002613
3257640
1795059
39205
2710969
1952294
1857527
2886059
1864007
829779
1654305
2565415
1827911
2036467
1103732
1814075
2915790
2993045
2123415
691083
2269399
2929652
113587
1031604
2954595
2719327
2929650
2871730
1053232
1843481
2914811
2875166
2817562
827488
95716
2527282
1147
4473195
447145
2877085
1026666
1754329
2741533
1721284
557781
1093434
1520445
1625476
640073
2037476
3894432
3012916
1424854
3964846
1933413
232989
1863209
1960428
2517351
2764843
2752051
1508083
1712064
1115583
1824271
2843113
2791064
1631290
294
784369
4697394
2899551
3287485
989370
1609253
2818046
972592
848161
1419975
1501472
1416924
1951973
969651
2344118
3579611
1433283
2233041
1863993
2834250
1771397
1845341
1899815
85961
1417945
1464219
2249059
1852468
1119328
1965586
1102951
1086985
2916771
2077854
2093704
4535021
2153251
2757755
742728
1252078
1943424
1121089
105003
4494142
1279777
722587
2920177
1052987
169841
1290855
2096832
2650194
823455
2968653
52178
643607
2659337
428047
2500691
3386357
2368575
1717851
880198
1575620
63552
1260642
1330828
4264474
1784600
2186073
931490
2892764
50845
188835
1128455
2125408
2120145
2017496
1631774
693642
2960560
3779038
105639
83215
4242057
2399302
4114290
1910233
1826438
24045
679771
3577683
1773168
2210170
3644960
2326046
1991526
3095162
49144
2560355
1320129
1963482
1956518
84996
2003512
1321542
548219
2650616
2197185
2341738
2343583
1962756
1297215
2631924
1405094
1365911
221026
2994523
351039
1524103
219394
1512820
1959449
1944228
3542365
1717648
48071
145656
1989355
2877331
2866411
1739583
1837326
1294885
3012383
1919109
715044
2877317
679817
1728103
2897090
492126
2134895
3655549
1814906
281632
2788174
2961261
4944
4509186
1740993
2885693
1613232
125316
1984258
2970001
1940777
142588
2941504
1908552
1643616
3178352
2918513
1795143
1878684
948153
35174
2894166
1785185
1810372
2274048
2842820
5250
936035
62589
2927130
1840585
2026796
53987
1220276
1854283
1388622
1927666
1859001
2456085
128780
48807
1621175
50892
1612453
696461
891293
260872
588599
3093271
1908514
2831927
2538500
2193184
2009295
2958387
5259
1828341
448058
1706041
1871842
2743756
2245773
3906694
675394
1608475
1561819
85550
1453056
2952641
2927644
2772934
2941367
2941772
2693896
1242787
2938138
335041
2864289
3371379
2802407
118068
1649990
1985157
287018
2486019
3351140
3548728
1668840
1752416
4499921
1498891
1144257
2777517
1683784
2906762
275250
2058087
1977950
4107715
3986984
1562
1209242
1694395
526757
2003510
2706475
2649886
1091538
3440631
1411645
1704123
2809862
3513315
2874511
2841096
1345343
1675832
2889300
751874
1251181
1521299
1436138
495031
1523995
3796617
1290095
106919
2895242
2161658
2892551
1863248
1562113
1739112
2866144
1911625
1771787
3013039
2257346
2791233
1926252
2769435
1111515
93323
1587677
1701404
2087928
1786960
1095152
1612129
1028537
31334
1988816
2853732
1894591
2725766
2157799
154853
877728
56337
2915859
1419875
2982224
739845
1893520
1853800
691549
1301354
2533952
1228359
462225
2464147
2818779
3580622
4146172
754799
910147
2961120
2974123
978382
2777125
1491793
478437
2467171
1572134
1917082
2922060
2836053
1828557
1653519
2278169
2925832
2841693
2894120
1562486
2621195
2132073
2447068
1654883
1534639
1886545
204007
1270687
1960451
1850200
2034439
124321
1109972
2701388
2239403
3487329
2967837
2592046
4766114
1169586
2175928
1911346
785904
3121437
2094987
2023147
2906108
1555034
589965
102874
3003409
2306926
2438536
1465195
30810
2826914
2019487
2859906
3404280
98415
3012919
2601109
2892915
3327538
1505415
64468
1513113
1579923
801158
2097104
1691288
3523087
992281
48584
1521032
1518683
46184
1014480
1347486
978965
1390768
2852162
749140
1924818
1020491
40212
1743595
2245781
2917972
2928440
707985
111906
2933166
958038
2252196
989228
100627
2841044
3922644
2805961
4352515
2860713
61552
2534559
2031053
1577856
2505928
1100082
2590943
2193487
1985263
2423226
784791
1512691
2986350
1875396
1519885
93596
1800748
3247618
1860434
1895699
1461560
1593361
1810299
2951599
1861656
1043348
2937747
1249175
1062210
1462739
2827835
2917625
139649
1021579
2714569
1974367
696303
2670817
3671
1605059
2137778
2924731
1632945
1725906
651244
2873280
594331
1353936
1863247
1939270
2418757
4381304
140167
101115
2977916
3520088
45121
1419681
1744010
4523436
2631918
1746034
101597
3353695
1939642
1821081
1907246
1746514
2201077
993529
3661962
204536
69349
2095627
2916925
2201972
3254177
2693296
1416272
1949195
1919502
2885283
1795224
2946154
1618411
1736332
1313029
2719942
2278349
2497171
838482
2686386
1491476
2317473
2142341
1225317
4577772
2891411
1102952
978026
661561
2735208
2028583
2953472
2048925
2902675
3324715
1945790
3665005
3487326
1894354
1943786
2060305
1863206
892045
3546172
989
583365
2867804
114125
1939173
4083240
2622151
1398848
1453416
857477
2901058
1669068
2641365
1866415
1174377
1261191
66535
1973366
1220396
1586059
2509495
708421
40460
4566611
2101878
2939369
2629545
1963977
1927719
1626196
92762
1935864
2809095
83969
2116610
1166087
97811
3004787
1933112
4240221
2012301
2681336
87457
389398
235880
2055065
2839919
45838
1765767
2853190
3006913
1996788
970163
1867616
1991380
1590496
2161148
2361251
2930635
785982
1483485
62432
2365714
677903
1588075
1984424
1240314
5089494
2900319
241578
1846226
2607768
1496810
1131747
1813990
2831915
2796473
1697722
1821561
1838381
665210
2861149
1478678
4108094
2932150
1632673
2159668
1561
4045779
348903
1639734
979405
2085629
1650327
49705
2822732
82314
2373706
1400414
1016912
1573999
2185894
3190767
1406011
2256051
1813910
2950921
46616
1579673
1710792
48780
3331399
1669804
1515526
4472422
2125715
2611467
4448167
1938201
2948599
1943086
1686506
1937847
3085497
1443512
1316977
2816685
902709
15536
841899
1934013
1114721
2824587
176280
4174552
72284
1822146
3199701
3730152
2216541
2773052
2678652
2971550
2009327
2856191
48468
1053760
1516778
2223721
114465
1039164
2635903
3452738
2935168
2586715
809470
2793094
1857605
727637
1709121
3033024
2332655
2581632
3150892
1978834
1888862
3920071
17671
354185
4444109
55071
3596885
2194211
2655465
894011
2822563
888010
1265800
1171316
2361252
1459311
2800035
2908295
39157
1128220
1018938
4677958
1759602
1125109
2202514
799400
2316105
3880915
2731544
4482652
3075278
1863231
2422137
1372489
1023450
2823086
2972901
2896682
1176927
1922942
931492
163193
2580856
185974
4755366
1923538
2841097
1433173
765018
2660528
75843
1829718
3694825
2126494
2896717
1736327
758189
2825991
2772781
2972551
53701
4476512
2853839
2229689
919
2617331
1863291
1505029
1294402
1242792
1827323
2915505
1048276
2586717
2961839
2460912
1757005
1715953
2823561
1779729
1313431
2935682
3661943
1811477
651155
3460343
1115737
2115829
2228184
1934330
4469971
2943184
1700432
2160150
898576
2930810
117206
2798276
1974177
775522
109885
1350672
2396250
35820
917129
2008748
2921706
905419
41293
1908334
1481140
931487
2819529
197963
48530
1034570
1593927
141669
1347794
105659
965494
1300513
453358
1633532
1451540
3927309
1257723
676193
1908446
2372120
1391815
70086
2404721
1563057
1295717
2839010
4554452
679242
2200
1819313
2462808
1831197
2295386
47214
2943946
2157782
1511831
1684963
2786565
3671976
836556
1682424
1766514
4372466
705038
4543360
2017352
1595191
2076066
794615
2245613
2841370
1278814
115228
2941970
46278
4196782
3316
2486339
2716040
2887385
1794257
191423
2452467
2996605
2102353
98566
104229
438316
2245993
2036650
1489061
2933587
2453680
3561450
1114132
555651
1245345
2066685
1301167
2811422
1828346
1040946
2849535
2148625
2828269
2904378
2720602
2273016
16266
2729414
133476
1950959
1109565
2361249
2382046
1160996
1809151
53555
3005880
4365508
26397
1896650
25016
1046424
2685785
784977
2747275
1839692
351189
86079
373781
2923019
2856193
2903178
656337
2925682
2933979
2892696
2910723
2625254
2149823
1438651
2429296
3112386
5593
3906952
820004
1655510
1288559
1272890
657519
2077120
56283
2916926
2771570
3102212
321379
2306843
2905678
1735858
2172201
654108
1826401
1729283
3474728
1838426
1571448
2063684
2980379
47433
1824047
1499387
3190467
1362
1462348
2277608
1969240
135370
97923
1385056
1286726
1472912
3381022
4660961
1975997
2348869
2210863
2841899
4270567
2556199
2045979
1377957
1669644
2953159
1805627
4578638
2755775
1906336
2168419
2896253
1009863
99378
3384390
1075432
683825
1301434
93067
2950742
1038400
4240
2791338
3333031
1320292
569636
762573
73699
87576
3830916
2055425
2814588
1132818
1869619
1751470
1099942
3418992
2166111
2229109
667843
2094984
518068
614323
3332936
8733
539697
1831842
2788180
1576936
764125
2234831
1747639
1809107
1069973
155933
2834076
992223
357407
2868033
2954322
1219592
46615
1382561
931491
2233760
1481624
1274573
2840252
1842524
731966
2784484
1675839
1670009
1383451
2875003
300670
3694824
2603944
1297716
2680898
1504949
2809896
2622415
1095566
1787941
2941531
2034862
2898441
1620698
3036301
2443349
1399834
554287
2794653
929999
407544
2326935
718156
2797998
888011
17076
2912265
2564215
116526
1964758
116289
1930332
1492168
2423669
207659
1522760
1829131
1690359
2464708
1863256
2954321
2631845
1580794
686421
1347993
1665564
2968671
2980476
1201636
1530057
2425317
3709977
147327
3797044
1102148
1249815
2977648
2969814
1691089
1087428
1906932
2548684
2963163
1263997
939618
1352853
3758155
2800959
1806961
834589
1172030
7574
981342
2240055
2482032
395399
725
1964146
1137449
2267413
4031845
2227471
1464581
2901682
2735420
2535618
3030197
33895
1296925
2850776
681726
959194
2828062
364532
48442
1879644
2904100
397535
2134194
3220384
2893147
1974246
2962255
2114600
1508163
1844622
103199
2939613
651937
1923650
2941767
2161036
446612
1138710
1662512
2838149
1869050
2217440
2952502
704360
106156
2962189
2807947
1183811
1892411
1615569
2791577
100315
4101132
62590
2617892
1555430
744672
2669321
2917421
1660974
522936
1871128
2959444
1622359
1926331
1551262
2200216
1509549
1822454
97072
5175
3581361
1569153
823873
4507679
2900587
2296606
1136506
42152
111142
3153621
1965649
3323074
1796685
1059017
4256686
150118
1913299
6013
36679
28422
2888161
2823788
2971299
2428270
2370655
4269
1453420
2116308
873811
339959
3534118
2780995
2725790
4395968
2720603
4190538
1863462
1375449
2743497
2079597
2876871
966160
5100
2681263
2464606
32619
1899735
274033
2007268
1933527
1052871
2836483
1255349
2034057
1595156
915210
2918104
1947202
3581646
2808958
2815307
2857448
63804
681304
1971087
2828726
2620858
2198640
647610
1569904
207846
2971716
2183238
1364842
2849167
1984539
385548
4119358
2719802
2934333
1762730
1782090
1965258
3912663
2362076
60941
2942889
2967836
2925978
1555461
3617238
1649483
1124841
1968148
2820660
1501737
760779
1772632
2162848
1694860
1734232
3826219
2672145
931489
768556
841599
677872
50891
4482959
1804825
2769854
1518770
44982
91796
1790842
74222
2093703
914
91381
881313
2887557
1442221
2624908
1812393
2900943
1240783
1864179
3224278
2482
941044
2076573
2992480
4156596
2650943
5332
2664447
1965348
778732
4340377
3343060
109759
17786
1816320
2142611
1694582
2958923
2343884
3351143
2877083
3425894
1857519
760488
1027647
827528
1632050
2666261
2861807
2952279
2119075
2961260
1691360
9631
83674
1270113
2755563
961757
887532
1349686
1778267
2495110
1351585
30481
2686391
1636104
2911775
2955646
4129466
2675857
291284
3659361
1488047
2439848
2916341
4633066
2952917
1863464
2567932
251792
1917098
2247384
1594726
3773624
1915418
28578
2148690
1495322
1182331
1794074
1013534
2240355
3538921
1782
48616
2133943
2144782
2860948
2242734
3342778
2937543
2679146
1826966
2454945
2114604
94764
1488
244230
1741741
1455114
3015149
2948923
2845809
814615
1945281
1893439
2792013
674324
48323
2666171
2495109
3490302
1668308
1655990
1073277
1510874
116184
2844083
2915789
1403948
1091511
443272
1723257
2841095
1187250
3382544
933827
2733250
3141681
54708
57672
3206
931488
2930253
1583059
3551361
2391596
2395933
4035459
785162
1728493
101592
2834275
2127416
2917451
382975
1544643
1911702
1207717
3444608
4502
1072130
3332334
1951673
3600851
2733511
3152
2326783
1983108
1918044
2042694
1518125
4742
389703
2903214
226605
2977915
408632
2925802
2665225
2132924
1829925
107875
1562274
44522
4069047
2815482
1402167
652234
2514791
2767532
3098371
4473194
1897316
2983192
2691485
50216
1784485
1082882
1936122
2956151
1564191
3794279
1379821
2986935
1844821
45628
2549055
344
1102552
2905583
879160
1255391
2900417
2791830
1176565
1101837
99379
975588
74629
19109
2794643
2542808
3899780
106474
1566177
2289116
98258
151569
348
2814848
5412
2805930
1363026
2944586
1581349
2609733
1985210
1920536
3083702
61898
49866
2769853
2883758
46397
732318
990396
1932924
1347535
2052682
1871283
966920
2471708
475364
324264
1561529
2223393
2928746
1897952
713935
2109396
2317620
2445664
2694184
3606350
1464585
1642644
2551294
1086434
1485947
1431202
1574312
2178070
2645524
2741045
1863198
1935976
92729
1702984
2495113
2830674
1831935
138529
3355432
1219785
2885482
1640291
2236179
1573887
1857434
2052962
315
2911746
2409230
1226524
1543094
2841495
3521015
1770994
743120
2861293
2688832
256027
818606
50040
1593690
495633
2913834
1913996
1391413
1673578
94005
2133514
2730977
45658
1949380
2124407
2924927
53913
2790639
4472421
1780053
117122
955
1524183
3371313
4507048
3121436
2223259
1898297
1784484
105227
1783196
2875725
5614
2953274
987133
3570291
994
2916927
547598
350
2577888
5067642
41761
2322199
2602194
2111658
3773617
3133580
2109993
1887137
4026943
46735
2751374
1113332
2045213
2821137
101916
2289878
2442322
1626474
1913605
1701940
678106
1676409
1610567
878721
2444971
2966574
2921883
4576809
87730
4362809
49050
1347099
4364726
114395
1164324
2833632
1581544
128668
964625
3535753
107656
1661565
1828556
774786
117015
2888919
4741
1946522
2739954
3708050
1897206
4285010
863364
2293450
1866745
2866952
1702734
4486327
46277
2871772
1498150
2586716
2869329
2769847
669496
3000231
2918279
2129967
1725613
1887305
47352
2827315
542994
49532
2909140
12251
2668953
2819334
10462
101727
4055815
2877084
2362655
4483743
287020
2887659
1700527
3187413
2842818
2873301
828243
1653137
2788312
1158040
1506672
368
1037478
1242788
2944302
2796264
1983110
857624
2517565
47812
3166573
3528813
2107708
1811473
3035260
48891
1844019
2784504
1349478
2696276
1601
3601293
2676659
3034573
4444858
1829878
1024480
2874020
2944587
2480630
2910
2396251
1946856
1938846
1670008
46387
2851521
2399207
82245
49530
1819801
2872163
1581351
93722
1412467
1737169
2981462
2027927
1158221
1078177
115509
2240357
1891095
2472811
2874299
1968115
249233
2824628
1503731
1465465
1155547
1357823
2961424
1850120
110915
38507
2732053
2632192
39902
1754659
2270844
2040225
2286562
2503284
234
687624
55214
2743169
2871088
1583412
308917
2457696
1865037
4785130
2957552
3485635
2852577
1815491
1483764
2028816
1571082
2915773
2880284
2902813
2913953
6967
839102
1863342
3473656
1816273
2911
2926947
2834014
669513
3625114
3501
1289657
146235
3015399
3671201
4527069
2635002
2905591
2682048
2810850
2801137
4443830
1262485
669374
92838
962950
2410264
2944764
1857847
897024
1809439
728001
3315
1709046
2640890
2860939
2743102
2960557
4223842
1711830
2114606
2122926
1924570
54770
1092064
1044694
1749824
1674546
2163137
1957780
5377
19593
4417977
1804040
2955078
88633
418
279477
2321258
1658312
1874990
1947687
2084319
3153084
2967405
2890710
2555534
2078788
4044688
1938125
1476701
2285573
2934876
1643631
65405
581783
3475215
3310074
1922716
658044
3643082
98209
2792179
1921070
2483887
909551
3064811
2924076
4472975
112817
1714705
2014567
1687898
2659781
3975298
2998515
1017374
3890723
48729
2952945
2241580
1677424
3346088
1691948
2297326
1405185
337998
1565501
1623025
1812515
2419547
5088
2330574
2842731
1496794
1570798
2472
3533718
2055688
2833298
309360
1776939
559811
785898
5061
2149792
4411596
1641563
2815762
3917432
966177
855938
2697457
31995
2946455
2832674
30917
4474759
49435
48166
1018952
4075
2848149
2807077
172662
2701810
1672531
3784
2915636
2723913
2960558
1953942
1000075
2975962
1624388
1931294
44777
3985411
1732802
915
1808400
1360083
2673245
1990062
3665400
1986300
3929365
1236601
98051
2933224
1580858
333820
1493901
2925241
1362595
4059574
1571394
1106034
4559387
3651009
2579079
153486
2689519
2633335
3309169
2286284
1126510
1018019
2041
2196830
1533
17917
2947367
1593262
127560
2996105
2254470
4635
2128030
2130478
1589834
2626403
734
1984256
1705647
2807033
2291305
1841899
1949551
1251791
2211074
3571620
1891348
1290536
3488
3309170
2609064
1936962
4144024
3352435
322
2980743
2235499
1735451
86130
2983683
1849718
206529
2794654
103287
2285816
2776493
3318328
1820393
908183
945157
1926214
2631415
746810
1009047
36698
44983
904030
2901508
615141
1442631
78051
2820659
744036
1289705
1419243
4107668
2830058
535808
2763619
1829771
2299178
1464583
3990
2610243
5089493
2788620
2678653
3279045
3564802
1854034
18123
634351
1117
99407
113959
2923965
2851522
2791350
1986126
1547926
728870
1308410
3890268
380669
751747
1253622
1459309
1260494
3512770
106013
4444856
4149542
2988414
2892594
3519009
1823007
1909230
1654913
1830523
2250747
1815682
762631
1538383
3550289
736886
4501
931597
948386
1675842
103288
615
1693575
1809232
2121001
3861432
1918539
1294935
3005669
2927038
3207058
783127
5087
2922035
447506
133723
1655605
1788377
1196254
2161305
1457148
2795859
2800740
1852618
1803653
1047470
49403
2431020
3387672
1668949
1367259
1964460
2406591
1863412
1939883
358556
3416295
35010
1611178
1826136
1006822
2107707
987514
1901537
2779005
4460064
978542
4548755
1259798
3160752
1134549
48943
80914
858271
1593926
1983358
869285
3244792
2782390
3103580
2516616
2933401
256018
1628021
1629268
2761852
2965623
232673
1968870
588523
48916
2294654
44060
4007099
2907623
2792196
3796494
3866621
2928836
736215
1344191
2285947
3930069
1847261
2940150
2683632
351
39535
2783902
2904914
1955089
1582579
1951034
3252521
2907259
875149
3387121
1766943
3840424
2880794
125528
2484994
992106
4258365
4419802
1715955
3352778
1863931
2922483
823257
2839940
1714830
1813571
1621283
2880281
2964334
2795577
786108
3366758
2814171
1909552
1089
2669106
105940
48745
2040486
2797490
1088
1215688
1174596
1478355
1118891
1782343
3012918
2946047
2671948
276451
404440
1708902
1569378
5333
4355992
2061192
824665
1390362
1776029
1935721
5481
2996939
4204
1686505
2803002
690813
3385966
1863224
1224754
1249265
1559394
895806
2512118
2431862
115508
1025551
2499276
1741594
2773224
2223257
420080
2986326
2218778
3498473
1107970
2830411
1193089
1715176
1429457
2201971
2947670
1212692
2985707
2977471
672057
370
1249325
1173113
2952120
1573205
69637
1888029
2986865
1591949
2185810
3465363
2769855
1748583
2240666
4350892
2520164
1056698
2389705
2398109
129847
2850893
981
2316087
1701711
2859904
2623025
109056
1573997
2111383
1299913
111902
3665401
2173251
847315
2201521
1258
3012384
2844267
2156070
2818105
1119026
2807476
2952192
614215
1505568
3970329
2810472
148316
2836860
2648634
2254289
1569488
93836
2030
1655332
2231702
4035457
2980378
2914310
70213
753009
49865
2836793
1749331
2752563
3366813
146
1480798
1818788
1962275
2937386
2702494
1579562
48585
1534
135204
1434972
2602297
789752
1527747
3989
63322
283
24233
2904189
2149814
2132775
1653231
2709178
2884332
1102712
1043170
3007225
1288860
2485418
880761
1744551
2786200
888715
2802408
45122
1529697
58970
111996
1826587
720314
1814430
1145429
2921013
1596083
2234038
1917058
3386361
60734
889322
2745
2097562
1777067
541392
2901507
3089375
2933042
2233807
1885048
907479
2892426
1595587
2983036
2895239
930307
1053233
2965153
4183702
88339
2757180
1652992
45167
31782
1661048
1362784
2934611
49766
973159
1597806
3243714
671412
16611
4440831
553189
2114599
1891
1629
1784
714528
1129371
1846052
3518
2972580
2722429
2478381
2723894
4244
3736423
2708805
1843575
352698
1895604
1645699
131564
1072467
2317675
2902384
331
1157717
1495498
2821585
492543
2665351
940
2011203
119
2794887
280
1354260
330
1312787
2869330
3640375
2599592
4107641
92340
266523
3598923
2834373
2668594
1539972
827051
3229091
32935
2962964
1350927
142145
818655
1717898
3521
5482
2910019
4183703
2275189
3137
1883162
1662480
2791829
5207
47857
2434035
3989414
2676334
2958956
3969084
741467
3523
2836809
656387
1726039
1521033
96017
3387968
2938088
3400
2352268
45783
118157
4091938
3642950
1586892
4461855
2831912
2910768
2988009
2825958
2788191
2604
1854022
731838
20382
975418
2671949
1210660
2603702
4521160
9911
863928
1896581
1450380
1063364
1234400
2744749
3665398
2101912
100552
1834146
612
721024
2796474
1483481
17077
172473
2120489
138416
1614513
2997437
1864006
2828374
1554636
2474287
2002
1825764
3625
1904
1371423
2876872
1483484
1843244
1452531
3110488
82573
1642274
74057
3011530
3787123
2140308
3976472
2006067
630731
1229651
2979722
2668823
2778578
3344801
383536
109076
50039
1868547
4479752
3972064
3668020
456247
1468210
2721474
27663
2986325
1614477
1160610
1599043
2505545
2712688
109795
2651830
2016397
1524133
2269161
693621
1309290
108343
2916416
801303
1939638
1914735
3651794
874939
2233804
1492008
2468750
435273
38294
2650764
481057
188141
168666
773398
4165487
176006
665907
3485104
2097324
2942900
2924132
3978482
2941969
2953784
1729116
1730178
4033947
1973466
1512325
2836758
1968440
2910518
725061
2894165
1938210
34301
1650477
1420669
3849
841707
1916878
3957742
117534
763348
1170802
96531
2665350
2667
4535022
2494513
1275831
2141415
2904
3644079
1308975
28584
4478822
4057
1087299
20932
1939426
1907826
1353632
4478572
3628
1881639
1863800
4488767
753013
2507884
1247752
1855356
208
4504
272
3765
1829723
3368205
1671363
4074
1744
1675843
3205
26502
45523
264439
1941639
1920769
2332462
1817464
1814700
1633534
2117268
1538272
105910
2782702
1885531
1387568
2897563
2928429
8675
1851537
3205692
2028815
2582524
3782
4746
1344836
49436
2655079
2761277
1989318
1868237
1397837
4008
4704
367763
3505721
1420
3950576
2991175
8541
2924383
27604
2252964
1831261
102869
19402
1324380
2113754
17779
929660
4610841
1877730
1752543
275035
4281676
2451494
2837167
300
3347203
2972622
2012009
1765853
698249
1815526
2057956
1895603
2247532
988
1677854
1301154
1772635
48710
1768802
3666584
83974
2649095
3067941
820481
1682373
1027560
4788
134443
1707403
3677
769590
2248333
2191703
1852
238
1885229
1216800
50026
1827324
2886713
2142452
1693959
2933892
84800
4491313
39302
1043089
1517511
4410167
1077604
1165848
2925980
2742338
2880688
420
1062671
1118006
1542373
2104772
1094551
1840436
793846
45601
3873445
1873090
2587973
2861740
1582900
1075951
2732884
1660763
1396072
4334503
4630
1547617
1808290
2321549
1662436
2986531
3460598
2101658
2889189
1118007
1130467
2843789
114332
2089376
1682830
5639
2739117
3979198
1572
1401230
2223047
2534941
2175312
1973310
957
1760697
1711326
1839479
3988
1838665
1773961
4058526
1120184
1921232
180092
3839
1931597
2928428
1622298
17714
3512544
616
19522
2967833
425392
1686503
3386362
2609063
2513937
901854
2988243
977450
115724
416971
3889
3762
1345676
11527
1442773
50931
5089
1701400
3831
2932517
2505634
1611276
2788177
19926
2844710
116185
633375
663881
2268036
1164338
39112
1303748
1366280
3226632
2821238
2963126
1551651
2150112
3579517
52527
3320734
5099
316
4487244
328
1989718
1095271
47691
1513195
503262
1083583
4843324
2039543
4340500
2043
4035456
258
2754275
5615
1489274
1025869
61254
1256899
2908143
41623
2447579
5530
3155044
518069
1109818
1849121
2916283
2316795
239
2130224
3573
19172
1853553
286
1414928
1691087
1582591
4098711
1484886
4427698
2077121
2259267
209
2808006
933875
3987
2693089
1958595
38392
3183504
2930634
980
3237678
1954900
1971633
318
2688397
2841098
15535
47224
821785
3459056
2815315
125702
1573320
2834
3765141
1679127
1828299
1894825
3404785
1165694
1980287
1438946
2625911
2897659
3987607
2072289
954
3694822
102263
3572
1317124
1008998
820619
10980
1391263
4703
11516
2529681
2932151
4458811
1840444
4419241
4446935
1977553
1429896
293134
1591138
1017
847452
2859872
352
1898521
2885022
3550291
998048
49069
1692
687826
900957
2863524
49970
2136959
48136
1966027
3189
114587
2481
1289927
1548125
2742325
1749734
1410
2926281
2521245
1592521
2311222
1022071
2769857
678120
2917973
2609560
3537
33192
2933491
2789992
369
2097063
1087664
36448
1365772
48450
2809897
1401
1690929
1118442
1845585
2002322
979231
117183
3269618
1704463
1610189
2868688
3288
31279
2780452
1021398
2239088
2234037
2771171
2771203
2875310
3901315
338646
4334505
5060
2038
2552522
1716916
1310796
3759170
3022085
295
2036903
2183215
2061247
426
1831435
2963125
2661061
283965
5186
17137
1160278
3970053
39076
1289398
422
2826912
2976580
583343
2886682
1528015
2462648
5162
3350
319
775966
1643617
1571
2419845
2043017
5059
1866138
2963694
490154
3325546
2665
3932992
1761412
1046977
6098
1366190
1724600
44820
33280
93842
1671813
1322507
2011900
3071477
1775716
45923
2817899
4726
2504503
628995
43266
114145
2829118
4205
2960978
1927722
2293170
1803208
2270812
18955
2129147
3207042
3403124
1691949
398
786867
1995061
1295250
2877564
2413749
3307758
925
75359
13630
2395078
1592403
2864290
48755
254
1899226
2104148
3517
110859
4691
485125
792236
2176484
3261175
4485118
1608992
1774822
2196768
2647406
2265282
2489835
1656879
3036302
1041154
365
3229021
94834
3465034
2004828
1169865
3054701
2649506
1947
640037
312
4066074
1609602
2706197
3457777
3404787
2192122
2603
1696257
1448030
3781
3852
89803
724
3527214
438456
2054198
1306781
1567
648980
5249
879061
1802456
115384
5169
833605
913
1826150
2446847
4634
148098
5174
1586865
2968374
2094986
2443726
338
2233984
2176046
3348823
172834
4690
1075593
4322610
1562547
298
1179849
5331
152490
2652498
2911730
147728
19925
112286
745151
560272
111480
308
2817622
804108
1238045
990527
2438031
844716
48452
2983174
567103
2725764
2766306
3743010
2256387
1240611
1672
4334502
1349621
1686507
3287875
1865086
1487
192180
18922
4817026
3920639
9630
2948997
2924077
839634
2898443
2240404
2038860
1911665
309
828242
1020
679943
1427
343232
1538481
1127768
690461
11432
2447349
1819160
3158090
1988434
1839701
48944
1453452
2156318
767924
287
2728794
3842
1439001
2727880
2985646
1811460
798711
2227470
1377
2452
787307
1325510
2125716
1521031
2850957
1926725
3542
1731655
2455670
1595588
1809913
3572698
1603081
1782578
2009788
2526955
5528
19173
4396
735378
2702487
992563
46208
2831917
1692474
2935683
2197307
1415403
50882
1026834
794899
891294
2878578
2097831
846872
465548
5034
4037873
354
3766
2904324
1688177
3002609
2841055
1761204
2638692
2769391
2941967
611753
3755042
2854691
2977897
17136
95954
627
2922037
3846505
2743395
50713
1391152
3168036
1439335
2119728
94791
2743
530250
2332178
3047205
1289755
4055613
2331169
3290
48092
2848207
4672
4107640
2565590
5592
23982
1415376
3917473
30542
4567717
1007522
50701
2952116
1304
1566634
2553777
2722432
1875550
1393
1597642
1781876
1608726
100443
3796120
2907086
2047085
1199350
3127889
23336
2285188
3081319
1521305
128132
2752564
333
2883345
19467
2967406
2576520
2168206
3958297
4239797
1183809
1146
48167
659
1530
2670866
1019417
47919
2985706
3338304
2666
1254
4472450
4461455
1110353
3361023
1562497
2769852
2909359
3190
1171668
28684
2730082
2574681
18122
4036935
2663872
2457197
121073
4196159
278
1270576
3348824
1861434
1758428
69670
2037
1212291
2892378
114443
1644535
1959346
8673
2114605
2769851
4444859
5566
3752170
42691
1654578
2933400
4747
1814107
2795613
2396517
2958480
2885400
305796
4500
976008
2851520
20113
336
2199
2976951
2953362
2662213
3386363
1903
3102213
885200
18930
2220106
291
1865087
1907281
820531
592113
3581775
989091
1679799
1696290
2607770
19042
50014
2869297
2199223
99176
102201
2694011
995
2514910
21010
3794280
2252198
2907115
110417
1836165
2732592
1546425
2934060
1369375
207
15534
2846121
3074522
3699
19927
668
8540
2765792
2751375
2898086
1606883
2245779
2868674
2063931
1674513
539394
97924
2792016
2916636
2233986
1468910
4178
1636195
1796164
1398881
2835413
3004584
2859907
1482959
1849273
2114602
2328356
3004748
1828562
1920571
2423228
1231229
279481
24453
2993078
1538480
4473196
2430086
199658
2455671
3667989
3625293
1131
1891907
5206
2137635
36449
2074136
3207
2941760
3316195
2832
1475722
35560
4740
2638074
1569034
2908861
2557951
2160936
35023
12789
2961259
1087
3117364
48973
1583147
2449759
2500162
1671095
1289107
2371773
813754
766475
1623892
1251769
3520
8674
1642251
19532
1143704
3997117
1909555
47328
2451
314
18512
3184241
5251
1618424
2009759
1993418
50407
4520
3576352
1801419
1679794
2944588
1255
5613
3580348
3790
757984
3752
3648075
1625963
3497827
2014039
2577747
2515129
2801750
2248999
3076104
2978157
37988
1706958
48711
421
1758674
3061405
2962696
2505289
1473302
1523707
6966
3458474
1826472
818022
4215072
1861781
3537514
2843662
734769
1850759
2749800
26729
2954695
2827019
3922647
18513
3523630
2382047
4241
2633812
1831280
1376
2834249
3566450
202756
80991
307
834984
3409619
1564457
1714161
22759
4509052
329
4469446
2316101
420951
2911159
753012
2925638
2114603
3670
2727104
3644745
4399744
345189
736395
3854204
3415531
490679
1632733
26472
4014470
516295
1123759
2810339
334
2961574
3003410
2824561
2928441
768358
2610417
1257663
2409
94416
2719462
2815543
2980517
3160162
5567
752615
2442130
2914405
55
4103881
8732
25459
2466018
2280823
2274146
2845702
2743215
2933663
1894831
878369
20381
3236099
75311
2927020
3008842
2955393
1951215
3816123
17916
232
1968
1346404
2828063
2910876
22828
658
1045
1715819
3949083
4373897
1451004
2844661
976187
2953894
1034421
1863918
2788997
5480
2864382
1407599
1684158
2826913
2685714
2812103
2747094
2966995
179224
5434
804096
2776474
823870
2848292
2877698
4418782
3550292
1127341
1514465
2743170
1391268
46265
2127846
4258
2885284
1864236
1843242
4416
3009051
18790
3125070
2926085
1575688
79434
2176486
2667397
3314160
1204320
2246356
2651915
2936242
102264
2741599
136411
2875914
1484989
3676
596827
2878518
50015
3626025
2738842
2952094
2116860
2105441
2907457
2899987
4447051
4240223
1361
2812719
1535062
1343517
1366681
538214
2713282
1066054
1837350
2836056
104837
1747986
425
1115844
2245782
2740264
2471
2937387
1428309
2911634
995932
2276249
2771272
2915287
3951999
2941530
1169773
1787755
1876210
2925944
2841465
1517055
210550
1971660
3493929
2673499
2842165
2143996
2463652
3271297
1899581
1477910
104635
2764404
46790
1078426
2992586
1602802
28068
2913662
2868689
2793179
2270058
4134976
1292113
159005
453357
114588
1840498
674349
1940431
85274
2680897
2720584
50165
2911748
2911181
1253
2794063
3961414
3789
3423573
19118
2930310
112842
4270
1985057
2952531
2933746
2784505
4725
4175148
731320
2906036
2876970
20734
1679782
343
2232950
2130542
3500
1926750
1859175
3011529
2957904
1899759
2329321
114467
2818297
1294882
2616085
4380619
56638
3671204
2911670
3105129
47488
3817408
2093707
2678654
116422
2983685
2772780
2233805
2234734
2694372
417
1409
4872652
2804727
3793506
3510048
2443854
1593901
50037
1944412
3101003
2741566
2977917
2227472
2637676
1927158
2017880
1754868
20949
614
49993
2177163
356182
902048
39158
2912126
712847
2024483
1674283
4195637
1955676
2879095
2960561
2801783
3066546
18776
3583163
2856194
54771
2663318
72448
2384193
2627593
2958686
94292
2886576
2602769
1028266
1249389
1256353
2910519
2929837
2824241
80
3574198
4946
2453448
3779337
1259653
2608130
1249833
3333525
8731
1599882
2457595
2012780
2959443
4529238
2976163
2240356
93236
3796119
45447
2747530
2359476
32177
1840736
2643289
2246304
93723
1385398
2932715
5089495
1826030
1701066
2933477
2789489
3564938
419
106312
4069048
1648055
3575130
2874408
2895779
4059161
1549739
2877364
1083092
2116784
2816023
366596
3035363
2954323
2765846
1321823
2821436
2944305
3611792
3327827
1706410
888621
1884388
2639447
4519
2341682
2973688
50166
1629266
93324
2836757
47930
2901702
819840
2824655
4584871
2778121
3851
2855387
44984
1289863
1806531
1876364
3467573
790048
2842179
1831083
1461252
1004016
2836756
2794886
2028817
3538801
4444110
3322202
1131074
1857003
3650153
2453682
1803605
2837169
4058572
4535023
2795858
2930633
101730
335
2857367
2901509
2801713
3884
1229038
3607095
2396252
3665399
1529758
2586718
3985408
3324215
28065
4409898
2925979
54
2254290
2453918
1782390
1649874
1289606
2921031
2693254
3283681
3555
347
1170453
1728456
1532
989244
2674792
2582829
2916946
3373807
1462875
1740944
2955231
4576810
1267198
920985
3002811
2810610
1760861
2981278
4035458
2845284
32021
3637960
161815
4433609
59431
2871773
2047086
1702250
3363658
1917262
2898442
2926606
2996940
664851
428
1964641
1372142
2838471
2351094
2857163
1240759
3762984
2270815
1954343
2789414
3665397
2479301
1593061
2082095
2535593
4603303
2804587
1463470
2761854
2125712
106211
323
1485744
790229
2895241
1560
19043
2941500
3057152
2660145
4474716
53010
3351142
48989
3915850
1383825
97073
2953422
2660529
2643436
779950
341
1656727
2184492
5638
2836794
846105
2361250
2788176
2885484
2809643
293
3260996
1508350
2744
2671950
2806033
3934
3310999
1690511
2676854
2806025
1741959
2884147
2797491
4308800
2900048
1665770
2915791
74687
2651464
2886473
2875458
1868567
2953160
2795587
2828375
3099626
2941968
3214586
909494
2597311
246259
2409854
26601
257937
2283480
1728216
3439142
3485
1685780
2344868
2781805
651552
49404
2993229
1834598
41343
2060873
3387122
2816305
18775
46617
48775
19924
4107531
107891
2924209
1909993
2857962
1175599
2077125
4503
3947390
2891070
1781
3556
2953394
1717798
1032304
2555535
1245003
49387
2863194
47692
2768781
2721475
4432620
77761
2249000
4288004
3874056
2831929
21507
425293
117000
1688157
2075268
4259
2788619
2895929
83745
22683
50810
270
9823
824242
890955
230114
1855
3533716
2952946
2496646
2967834
2419847
2453613
2958518
2429369
4141886
1110532
1468736
4395
233
441526
4366382
3386358
117123
108911
2802409
2246270
3053109
2928430
2542809
1745946
92247
2647275
1042794
1443865
1125642
31141
1691088
28558
1484934
1816793
3261749
103289
1775314
2054200
41470
4395885
2796476
2225505
2443190
1454085
2947872
1483482
1934864
2628955
75
19876
9825
4334504
1939635
1841457
3036300
285414
1643106
2278318
1415290
1351972
1961111
1464587
859607
723
1310748
36914
648214
2273031
889632
1377588
2986327
201523
256
1847262
1283490
3018621
831241
4014589
1634
10979
48917
1306932
3360013
4087722
676109
3012920
4133938
1433
54372
43725
1142884
242
1657931
48060
277
49145
2820932
4359640
2858770
561335
288067
1546209
1697752
2831647
4752299
3992308
2296022
2767032
980638
3287
1454845
2267564
2887762
1343710
1069950
1854
2339070
43920
11639
1779838
43736
1181031
255
2615018
3141504
2852578
1043169
114124
4081203
19107
2919234
1391267
1967
48998
3849847
939
1257656
17859
1851
355257
1451747
3301981
23983
217339
2693897
1092582
2876873
2045115
1372338
21654
1915794
4243
2886873
111558
111905
208928
1257855
626
1991379
65836
2534942
1296926
3499
494256
902888
1909554
2856294
3842393
48982
2609065
2831036
489533
261464
2910084
3534671
473210
46159
3073983
2743103
602547
3404788
750791
4564
2354378
1574230
3348825
4056
1890
1626479
2903191
2561493
2069833
1712589
6096
3297
48808
935455
1796309
2661537
918
2922514
2607767
2545604
2926763
3178734
2362243
53
1483
2114601
3044230
3419890
2144356
2640889
1354657
50893
73718
8672
2834013
2916977
24163
2026595
76190
2986559
176238
54173
5529
4545364
19531
2258310
3522
48324
1671171
4198445
979337
2689030
1977951
18511
3108140
2330808
4482186
712
117535
1578505
2943967
4010
3409624
2195728
2920609
3519
3252519
2227469
17135
2175313
2801629
2941386
1783
1681634
95714
14648
45432
728878
2665352
17915
1061200
2313419
17074
2932798
2919370
2161101
84601
4448166
2468751
1618988
2382810
4242
2316397
1464582
879062
232530
2596789
4048510
4458812
4461456
2026797
265460
93021
45355
3850
1265017
1083054
109758
2906054
839569
4101130
2112385
2223258
15533
2736895
1258156
2952093
2331557
100553
3003076
1154509
1597469
78050
2780934
2719437
1567435
100050
1655730
112287
2823866
2972179
3586
2809895
2866795
84648
1582988
624683
279179
2986456
1839474
51551
2905
2949730
2466940
792117
4499
277065
96867
2513715
48628
2876932
3795063
188142
2022704
114263
3104522
1879793
1146956
91642
1712134
54986
45405
3585
3140221
2769849
18722
2816686
1366187
3870286
3012917
4702
1116
313
2933516
1774124
90101
1155253
68136
3778960
733
1570
1671
2827231
2795861
2730819
2257480
224132
3551877
18405
2539426
3883
3764
5248
3404789
2827018
1071369
19117
2682644
2094983
2779332
40017
1927306
2815388
3082601
1077675
2322515
706
2273695
46876
2664
1677429
38391
70845
5168
2200806
39481
226
49992
6965
2294350
2743207
1942822
44541
611751
237
1984587
658078
2561288
2911636
2602770
7960
2804728
50999
4376242
2029
3825620
2890602
1714637
1946834
18100
889676
1950597
3986675
22234
148347
19959
1365214
235
57143
1559
195244
1536491
2674832
554242
268301
17051
2112908
355
3941047
137167
9628
114466
90214
2952008
332
18510
18832
3792984
2564546
4487061
116488
50890
50965
2962142
49032
101728
2977914
2200805
2926224
108759
32077
46877
2028814
102530
2984487
108342
2911745
116345
1703817
975549
24587
49796
39759
1961024
2602
1208919
1128081
1130
931504
625
2042
367
1634985
665787
1044
2916688
346
228
2627811
1535886
55727
769389
1131032
51071
1415526
3119369
337
109662
48396
2751436
1193339
1655606
1906615
2734236
4563
2149131
49243
210744
3933
950048
921840
3419450
349
1257660
43767
2252249
3420529
110271
1488259
2273329
4268
1161457
340
20302
2769856
3930603
2414472
3694823
5411
3143257
345
978213
3652829
519926
2807894
2805980
2894445
54983
92028
66110
21912
40059
2914404
3520087
1566
1321419
141127
94076
55425
1894658
687530
44062
39522
4438749
3963082
2283477
1182462
611931
3322364
72228
47486
3030766
49503
30869
853779
1762797
1013338
1115
161902
2766527
1229493
4469976
4745
44542
713
50217
289
1871913
2011188
16740
2832711
1415157
2783688
21248
1950368
2222880
122693
46788
3624
3554
2795660
2983682
2910925
2847081
445435
1092234
11093
2365948
53632
427
4195596
3108064
2725765
1879803
49329
1587059
19358
1227359
257
1961263
1344602
40524
1056202
39466
114585
24581
23296
3379344
2957538
3450517
2442128
9629
223
1179680
46134
2916770
974939
128270
4048541
76189
791635
2319009
91
1754266
2581092
50214
8539
3135149
2781252
84838
17073
43769
48836
862088
1839002
947304
1983647
1087334
2080676
35053
2817542
49829
103582
79433
3841
357
2158783
2945904
115646
1717456
609693
1097149
4056326
10757
53935
8730
1129
91961
115491
2399609
46260
669
1441943
101591
2912403
755124
47223
2442129
2276248
10186
967561
101221
19850
108794
1804058
20380
103322
827926
94291
2248790
70076
1615502
2941965
3250615
118412
31000
2020747
13759
3169279
2233806
1895607
67632
40870
256464
2948659
105128
35759
186601
47945
110890
56526
281543
2654526
1596171
1467217
434709
88959
1650139
1385942
133438
2523668
356
1072455
3147541
1111737
1441081
97071
2046445
494511
3275891
1859282
667
3779998
673056
314140
1628
2039845
101794
107657
2869396
112351
2468749
1952037
19164
106777
139034
19949
24917
3990706
2856192
115109
151843
151892
2082093
1919575
126266
39781
101640
115804
2963127
2512990
85512
1670874
1573190
49401
1914981
734714
4598620
43680
4107398
3888402
1135395
324516
93322
37965
18774
2636964
37241
90480
75310
1360
1636508
1230854
105307
3081746
1962335
94997
1450182
93759
48010
101116
1229400
205994
871349
3169568
2367340
49659
114208
1412997
106407
3536
114589
2248998
4565
52812
858445
222339
34546
329821
138110
875945
3121079
4009
54769
1596752
27738
2843334
401014
2555533
2600984
1157430
81002
1370029
771496
865459
3959319
2287891
1891349
48661
3145415
549707
102632
5098
2660836
1506395
133250
1820797
102576
1395684
66246
1260037
2397791
3128518
1894345
1521408
486510
51797
2583505
4014468
4025260
1359985
48262
1145
541549
19779
46760
660247
1121777
424
1068098
1421744
62307
1966553
149150
318340
182932
2736556
48269
955812
1017828
153848
413428
159156
231225
3309764
37103
756229
1500439
1185407
40183
763440
891805
138830
1301562
2788617
121468
28327
118487
34136
213833
41342
45183
64379
310
43527
20069
46939
4518
935146
3350946
271581
1827249
86
353
222898
574110
48735
46001
61392
668780
40014
103286
2809894
4458810
55605
230560
36247
1674545
57365
770227
1410549
261808
2516163
2361248
2182100
212062
931860
110828
4485879
2955392
46791
4017109
1208673
128881
1503603
123481
296699
2781386
33189
70665
1651230
103559
81372
1564884
19567
1458877
135205
3481619
49779
1639735
26666
2664322
299
288066
843155
195779
231304
2247622
2596270
90145
792126
115446
249
2157430
112285
226458
466518
2870806
1130468
1536981
109757
112181
20441
2098787
93060
1491540
279
1119206
1557303
256506
27486
9627
2671379
271197
1522626
2926264
1377462
51323
22650
1623397
1092363
241987
31659
167499
1940033
74422
86340
50463
24512
39156
30809
62269
105711
1582901
297
18773
23993
924031
114123
92180
57281
46207
937458
761641
3404786
279140
285
133475
49123
2090255
3399
208643
826968
40604
30906
176712
469052
1846053
201391
1257239
3397015
2143044
411291
38780
23984
241802
163312
34527
67432
42196
2345714
512271
26799
1481747
3070177
203632
75686
97692
1469284
224705
232665
695470
591347
1567481
259199
149831
916250
2489378
700978
45489
1098206
550612
203766
62934
352880
366687
23303
1102101
914220
42165
1551873
1518940
5058
423
1111047
95167
3516
95649
2480417
775072
46160
137429
1483523
54536
2778368
49161
858177
10844
45802
2391463
1675742
435620
2201524
111591
100155
85675
43972
92468
30071
1017972
50607
43015
22195
1858750
43223
744642
2362263
342
24539
129299
1531
1541853
754073
47458
21246
1554495
1687641
48532
792711
437773
1513541
85224
12437
419274
1282466
1018878
1714573
22960
4461454
1729203
1518701
48173
3502092
1902818
93870
177508
23202
66370
2589997
1785659
2162263
173265
96089
217382
1094111
47613
1016
1056699
2562794
57416
1559974
42822
1649419
3041193
815208
731598
159563
85555
1118296
1660992
1564643
3111877
1857321
5376
824137
3160036
2314855
2632448
93676
92421
1312252
1508248
1127861
1246251
44700
26918
153873
14584
118995
1354990
284
3565718
96890
269
1071441
1481207
45936
1993172
208673
864446
39757
126132
177917
405780
45663
2996741
4517
2788540
58527
3564221
32176
1803623
950170
2919235
1166229
2385573
98839
32934
3438102
838743
1040826
1256874
884418
4107851
49478
1174838
4246671
1090643
3217855
1051358
1013369
64187
87170
210527
2903
246202
3204
336942
954027
879969
861415
3554814
3644487
36993
138258
4140868
72711
1652808
71652
1242793
1481080
1379327
55178
3313127
227
794481
42580
1854032
56918
49101
681610
2340924
1241924
4485788
2230996
1257580
171769
2475201
999720
80290
67502
1434598
1366722
1793625
924759
290
6902
818430
292
918391
1067513
1312375
2189162
42148
3305281
1163521
57626
300255
2623756
121223
2023935
2377917
2772606
26715
133938
29965
2622747
1814069
1445267
843477
1909963
998642
848159
1173001
4671518
1290916
2962588
2144017
2146365
23736
3096069
3081403
47886
1801894
281914
2485595
48258
1028839
3178733
4503490
1451342
1523016
1492911
3322616
742861
19639
1584604
1385964
1332018
4288226
34529
1020815
3697466
2796126
90783
74620
3205089
3802844
1354531
935503
1905993
2173775
4382515
2745135
4338756
6097
9889
2333525
16610
1245883
1956157
81963
1460627
2445269
2929651
1828342
1261879
271
3595696
2152441
26853
4442826
3890660
1983406
547566
2648218
27478
1634984
1241726
1302583
2019880
820080
1768837
3802323
1763410
35124
1246807
2699308
1166947
181776
1967558
1537214
2622988
2544136
803137
4509416
42317
3934310
1853452
1186901
2423227
2583506
2937500
880206
1399651
1294709
1479927
1296370
4055916
3481620
3209338
3493411
367834
116346
3030240
738063
1746840
2963216
1563135
4415495
321
1843236
1787848
1842523
2969884
408378
1612465
1983648
24023
2165744
42705
2504695
1189078
3869035
769747
1709022
657
4454127
3273140
2479479
1422334
2054191
1016701
2078680
306
3491545
1288675
259
3517482
3037642
622457
52817
238698
1776723
4695360
3573970
1545078
1194981
1665528
1723473
1044610
794480
4436738
1529756
119021
2417422
66007
3023414
2521259
2231816
3500105
64613
1646193
2630863
3926567
3700073
663725
50063
1592916
2341586
2503194
2719334
2552930
1764707
1219705
2135495
4238418
2135493
3250375
102458
2249551
2815425
26541
2252829
2856086
2597020
4718650
3352759
3712677
1795264
3877854
2996890
228919
382313
3449740
1649597
48014
880321
1525311
4393670
1378892
1839789
2590221
1825953
26153
2194972
3396147
3721240
1877418
1387651
2237579
1286241
1492007
2740148
2775397
1734403
2654506
3322635
2586420
1981708
3501901
1112356
2735748
288
1892253
3064687
1644670
1730657
1601613
1097891
1406470
3333701
2472324
1612281
1139717
580907
1989886
814198
1702072
1366986
2668755
2021776
1856805
2987243
2719372
2516387
31692
1134237
1172784
3358820
678461
1163440
1807291
3707958
817929
2909625
1291267
63133
1290997
2005910
2049467
883670
2574259
2957446
1804399
544419
3044997
45433
2051817
1125665
3499015
3392208
2184669
3826380
1697643
462736
764472
3333706
2277236
404663
1636879
3564083
3623106
3294694
1631588
1118311
2549105
1968283
3877905
924414
1451703
1124313
881123
3899964
3566847
2761831
1093245
2044338
1307142
3115672
2630685
2255524
1803397
2141854
2713369
890084
1850849
4690175
4143665
567376
3320026
684970
2868388
3070176
2553242
1820817
4546446
3885119
2069825
1109595
2633231
3233265
3034391
1138154
1426769
2011173
3765522
3530570
2533711
1696136
2200841
734392
2223077
1551874
4186244
47359
734434
4594280
1137879
1076862
2923999
3322736
737100
1029677
4374452
2505463
3210249
3577374
837567
3493282
2132119
4172054
2004892
1137670
2256378
1915340
511046
4189842
1872562
735833
2992705
1556971
2117909
2120083
2164095
2303916
4111778
2098786
2330438
3881448
3977191
3614063
1488698
1354842
2990542
2311599
3087146
1943046
4790484
2399767
4047519
3386365
3206043
2075545
2855075
3328315
3760479
4697334
4643871
1594426
3333745
2657705
1694855
3132824
3534950
2839767
1641008
4528224
2947606
2994583
3508672
3410035
922172
4570949
1156536
4180549
1149423
2272898
1672165
2354379
2623831
1115713
1850655
3704761
1126228
4784164
2026391
1509639
1165959
4867759
3484856
4816962
29844
3588263
2335045
3912664
2726346
1729177
4480795
1791893
3944260
967546
4867758
2179629
1646483
3444967
1894469
924337
4867761
3941094
718643
1907880
4729338
2587226
1498152
2448565
872110
1736333
1932010
1688226
296384
1829038
1075653
437139
768454
3160677
Total scores: 9830
Average score: 233464.11
SSH: 1699, SH: 2603, SS: 3, S: 26, A: 4250, B: 921, C: 278, D: 50
