3654660
1808605
4742940
1860169
3854743
3393903
1990718
1064976
2100822
2174272
3010986
3254875
3891728
2520220
1582287
1949106
2209202
1714882
4070109
3811857
3700073
2708949
1866087
1754777
2294912
2769886
2079597
4187053
4751287
1940633
4177434
1989203
4565459
3548649
807074
1903809
2677494
2385605
2228387
3416615
1997892
3648544
2026764
1255288
4074165
2689931
1101611
4768489
1681360
2659368
3891761
2556200
4641395
3623807
2064453
2843965
2141888
3295903
4383664
4641389
1182613
1935845
2097898
3579281
1889232
2364135
2574259
4127115
2132119
3551549
1895604
1451282
2012300
1075797
2686032
1069949
2699196
1849580
1770552
4651531
1911572
3992865
2409570
1830123
2765068
1282960
4214779
2410945
2615210
761641
992389
1642274
3130993
1701940
3468687
1890412
1385398
2034983
1718152
3624005
2185148
1912276
2932601
3221833
2629595
2360394
2058788
3847754
2365752
1529189
2981463
3167072
1389624
2404778
1828346
2097882
2126752
1046841
2444148
2179629
2350833
1920872
2188031
4039860
2077126
1811722
1984886
905800
1610746
2874408
658561
2505956
2469345
1770623
2241258
1655981
2118444
1648055
2410948
2589997
1843653
1112521
1610745
898597
1158227
1816243
2294654
1842675
2022718
1911308
2518847
1836593
670881
2223303
1869933
1860433
2442025
2211018
1347794
2040582
2719282
2129143
2629589
2335100
1695382
1241370
1627148
2173528
1029562
2382377
782021
2361328
1399651
1769144
2534559
2278930
2336704
3642423
652234
2536179
1734750
1918978
1062394
869222
3206402
1685500
649184
2069999
2330438
2022204
1936713
1131424
1857519
1843481
2315558
958176
2557979
1725588
1690353
2860521
1690355
1892257
3710704
2240526
2779000
1027560
2245774
703794
658127
3003399
1969946
1091973
855762
1274573
3746239
2237466
1758255
1125665
1489207
2781622
1902832
2328680
3226141
1218337
1181761
2458202
1435459
884327
1515526
1264831
1413257
1229705
2223833
1596706
3727753
2599514
2569254
2546306
1807735
2102287
1158474
1711307
1828400
1353480
2240404
1914981
1071424
2796473
767774
1737326
899732
2468866
1816571
2185824
1983406
3020230
3071981
1834598
2759787
1097891
2235465
1605598
1857434
1734403
2679477
2330482
4111035
2249464
2360153
1286697
2659141
1881615
2615748
1380717
71080
1736329
2088427
602917
2484994
1782046
2294643
715637
2610039
1895606
1596845
1706278
2404675
1155619
4425879
2428358
1129193
1494828
2207855
821785
1436329
4748879
2896983
622407
2241579
1816073
427090
1844239
3013996
1836687
1895605
1895603
1312156
2036093
1156405
1944926
1028733
2495792
1679667
1756397
2189687
2593813
4093216
2231702
1838165
1838427
794899
1644535
425761
2298047
1294884
41044
2027927
2510998
1791888
1908552
2964230
2059455
2095008
2113851
3240924
1253654
1607736
2042533
2530755
1210660
791274
2282512
2077273
2084862
2740274
831443
2506240
2196278
1955170
1985735
776951
817929
1732802
1166448
1351585
792989
2519692
1108149
1893461
994893
1827324
2057577
879062
3548983
2282368
1721284
1724319
986191
799916
1124857
457061
2127114
1401547
2125715
2141415
1233127
839711
3093271
880496
1238045
2898086
2620911
1219647
1031991
2446555
1699159
1997307
1930104
2362339
2398423
3284709
989228
1535180
1570203
2258888
1127861
3476542
1839002
3983342
1729177
2111505
2217244
2449759
674324
1846270
315
526757
2574090
495899
3063047
1807946
1505901
983609
2198933
1353828
1509693
2283327
2504927
3909857
1805627
1846321
2072405
2485438
2201145
824242
1820550
2914288
1620144
2223964
2273031
1700220
3959036
1917082
955737
660248
1519863
254656
1828903
2834752
1681810
1272890
2678891
2684033
3248720
931791
804021
1519160
1377588
894744
178645
2562794
1355247
1113778
1500772
1907310
1413258
2496646
1964641
2241460
1927665
2042429
2941532
1493345
1878931
112922
3038997
1736571
1426307
2067859
725198
392927
2454006
1215958
1979409
1613091
2659911
2703519
525278
554392
2609957
2496720
2492632
1163440
1626537
827528
733943
1862525
1040424
509510
2354378
1701404
2719326
1044694
1103732
1447383
1172819
1627157
2259381
4085207
1809913
1473296
464294
1728493
2328816
887059
2129555
1927666
1749294
1542373
1298998
1506794
1826438
2514909
2731892
2233986
2146132
660247
1232752
1932597
2267564
1071369
3745820
2603845
2269122
2639644
1706410
762207
1977950
1051486
1895607
1908215
36332
2105163
2158670
1351956
2172320
2077121
2281078
1083643
1932689
830322
2519700
897024
308917
1960286
2168206
767672
2660294
2252784
2837528
1107102
2104881
792545
1060576
1715953
1399834
1756964
1540892
2226722
1963713
122693
2332178
1501410
2540399
2203212
766891
1344836
1922293
2941386
2132924
2732387
2327132
2652057
2076609
1211828
1955867
2164997
1501582
1419875
2096054
1665868
2342187
1807945
1942473
1515652
2750550
1027692
2500162
917062
2313561
988276
2863524
211154
994495
2285719
1776723
1766943
978213
1243461
2182766
1401254
1439240
1476582
3707950
2011555
1714634
1740993
2095803
2285947
2242173
1348191
2171675
1897567
975588
684970
1783010
1864175
673275
133938
1839222
1124616
1329273
1454082
2750925
176280
252238
1110532
1665528
2655718
1229651
2200805
1656727
1849273
3307169
1126915
2026790
2292884
1826150
2941385
2217638
1803114
2222880
1568489
555797
1409923
2898419
2512990
2330574
339055
412288
2056505
1363026
1625191
1155547
1842523
2689921
2341586
1403907
2176046
2504422
2708952
1126352
1657931
1849433
1793625
1065821
1137172
2357471
3034593
1482959
2986935
1935748
2338619
765525
161902
95202
1875444
635865
974352
977770
1888397
1950959
561335
954108
2653213
1634985
929999
1852572
2134823
1579923
2471823
1321846
1312375
2635559
1289705
1809151
2138577
2643204
1160278
2781369
2249551
1983647
1350927
1506395
959426
2505634
2413749
1436138
1201636
875945
770227
492064
3131529
1236211
655682
2046351
1639261
1317713
2161305
131891
745360
889632
2843304
1814069
2004828
1163521
664224
1788628
1783014
979231
653489
1804515
2101126
2331169
1023355
2279004
342075
1219991
1967216
1313029
3977916
2250833
1544643
2277236
2136959
1845585
2241691
1583228
986943
3688094
1936561
2116237
2156318
888621
1905993
1241924
1398110
1587059
24023
2803688
2719372
1003013
2719283
2061192
2682467
674349
3981374
211903
2244060
2279621
286489
3613647
1142884
1083583
2414472
1794985
21010
1693575
2296606
2041050
1344602
2264767
2431786
1429457
1894825
1426038
572525
1574314
1034421
2479479
1861487
4048208
1029307
1414282
1915340
1668949
1410548
1589931
915210
2260875
862088
2223077
1257217
2068025
2457696
1355829
1769418
1165848
2775397
3008709
1627860
2076578
2333145
1871913
2485595
2829681
479812
3020256
828242
2319009
1290916
1114721
35015
1612465
1926958
2710628
1329774
2116146
2379656
2556724
49101
47359
1253352
1546209
2045979
2332462
1838426
1366917
785999
1844019
1726857
2021776
900957
722844
1760666
1302583
2669210
789765
895997
1631588
2628834
986837
1410549
557781
1141858
2135493
1219705
945157
1592916
1408449
845378
1784600
4019353
1349312
1534949
1706210
1160810
1408543
2278525
870707
764472
1157868
951401
2290441
1286726
1445267
614323
327230
1271476
2055396
1258366
2677019
924414
1289755
58064
2628166
1169773
2034284
2008748
462736
1961263
1570547
2586420
106057
2590221
1966563
2296588
4787127
1021579
2735748
1245003
879061
1361581
2113754
1250656
1892253
3595734
1016169
318950
1884654
3164032
820481
2164274
2449729
2061247
1291267
2125366
1226524
2514739
2520325
2628955
2328679
2660646
2321562
1457148
2004892
960875
1640115
1415582
2495917
3093275
858241
1681634
31146
2182100
2301163
2299178
1076706
2014389
1814107
2521259
Total scores: 941
Average score: 317768.00
SSH: 6, SH: 66, SS: 4, S: 6, A: 664, B: 133, C: 41, D: 21
