1241370
2257346
1213856
1861487
2097898
1872396
1655981
1919312
1199955
1808605
1838426
1895602
1918978
1407152
1902832
1256809
674324
1955170
2058087
1600465
1083470
1736329
1286726
774965
1709022
2562794
2164997
2993974
1041481
1619555
1286697
1949106
1917082
452508
2058788
1496766
1836593
1302554
1484776
1306448
1642274
816600
1695382
1706210
1749322
2118444
956483
1601457
2112908
1031991
1983406
1782046
1450423
2598214
1332240
1551135
1193449
1073279
1091973
1612329
1843589
1591616
1760666
2118540
1892257
1596706
2068681
1997307
1131424
735272
917061
1895604
1046339
807074
1623285
1952177
1911308
1816243
1621068
2008748
2182100
2269544
1969946
1947968
1968674
1551874
1925029
2058288
1637380
1989857
1354319
2022718
1720423
2503284
1722487
683970
2078961
1701996
804164
861415
951053
1752315
969681
1419243
1537817
2245774
2025942
2014389
1573320
1589931
1155085
2058789
1062394
1843621
795627
869222
297115
1231616
1181761
2069841
2102287
1400414
1565265
1172819
2282512
1473296
1804553
1669719
1495848
2523668
1626537
2553777
1481747
1544643
1630299
1113332
1869933
2241580
1215958
2082725
1569904
791274
1277254
1649842
1571309
861164
1984889
1628654
1600415
776951
1773082
905745
1947687
1276141
668662
878369
1029562
839947
2587226
1451282
794670
410250
1010596
827488
1895606
1627148
879061
1895607
1685500
1217417
1410549
813573
1074806
345189
2050696
980431
910147
1675844
683409
1097476
1955867
1126915
1211706
690982
1321823
613351
2457197
1016169
1843481
2222070
1844622
978877
891867
1402392
1087664
755124
1690355
1313431
1557181
1993380
422328
1809151
1100512
1759135
1860433
927487
1362711
1893461
959406
660593
1572198
1395942
1969005
1356023
2256387
711209
1817548
2045979
1007522
1620144
550235
821625
3659057
380646
2060305
711758
1672250
1602802
1115737
1468912
1982645
1258579
828242
1166448
994495
1534523
1095854
926644
1406470
1788628
3708195
1413257
1531547
1286374
1528015
828214
2518847
1034482
1065821
1029307
1796164
1474956
2040582
1720903
2328679
1219647
3036835
1902818
1554632
829779
133938
1209701
865344
1806803
967546
1587569
1262434
1996809
1701775
843155
2149131
2082447
2406120
1667534
1367148
2410945
1594426
966243
1468614
1396152
1970829
1309256
1053520
1860169
1915416
1262433
1618800
845378
1889232
1541907
638493
1927665
808848
1068383
777303
894744
2296022
1839474
649184
1849120
2168768
221777
1619564
164020
1302552
784240
1229400
1287350
1344602
2048477
1414282
812590
1977950
1013839
780914
620789
658127
773553
372840
953586
2169831
900957
2025938
252238
526757
915210
1736333
126645
719517
705111
1573321
1155062
902888
1210184
711923
1056306
1752311
1706017
1529189
844103
1514898
1267082
1610745
684163
1201636
1302139
1270410
71080
1785659
644971
1401254
1679667
958038
971834
837605
1961271
1838427
361818
1570203
2530755
1412805
1354114
1656727
1556336
201811
1828537
1059894
1026729
937647
2603107
514516
690778
1348191
1703420
1843653
1373482
1419403
878721
473210
447048
1715917
1854182
1385397
902048
1451004
999064
36547
2014469
1083092
1527960
188835
1287292
732318
1928680
2342739
929905
734339
2961551
129891
1827432
1706278
1046830
975588
1602803
822651
827803
1512177
839634
1509512
1351585
1157868
1912276
1595191
1259155
736215
772476
1295546
1764213
1294882
1251826
1226524
1992711
1724268
663888
690410
231917
1524103
1905396
1021579
1082245
822166
2207953
1028733
2615210
1097891
775624
914237
465548
931856
1162425
753014
248501
2195031
958093
1495634
858271
498989
1289657
314496
907479
1592916
927842
60089
1023355
821548
140665
509510
1261879
848084
1962758
2336319
523376
555797
1723101
783860
1706834
1618799
1849273
1925194
2084629
1728493
1710926
1675830
823710
883670
1230854
1839649
1628131
221950
1701404
1952037
848994
1692260
2096921
1492911
1032126
1704984
2958956
1354196
589969
1618424
1066890
791029
1027692
2379756
1869619
1210660
1789963
628343
1095566
502581
1890412
1436138
2185148
1124179
1056140
1237137
683825
1262832
1488259
1368115
817174
1642114
1158040
1174467
1530025
1917158
1324772
339795
1506911
954692
2150737
999720
2237466
676172
2248790
1704599
1694787
1620512
2233760
1220425
1726994
1890062
976409
848582
1405981
879062
1569153
1236211
890190
763213
1259280
1291657
769590
172662
1501472
2176046
1612453
1782215
1493704
1426769
1608832
917062
1200272
1231232
111680
1563135
1281115
4093223
1106518
1250652
1408519
983680
1233127
1274017
905800
1609180
435273
1946834
1654579
1161457
970331
2020258
2129555
1642962
594965
978026
211154
1358299
863038
1218337
1288341
1059197
1396072
1183663
1534949
892853
793845
855762
1725588
1208919
114635
992563
1574314
1662810
745360
1227359
1990541
1154149
1289926
1783812
1259798
146929
1039164
642687
1594009
706743
1619561
764292
98496
3899964
655794
2509341
715637
764441
2443190
1160282
1782389
1618753
893365
1844239
129847
1240390
1454087
1385396
1879176
2290441
1574296
3440631
1221687
1696695
1395749
1033002
97397
2359099
1829927
324516
278451
1454378
1508535
1681810
1124268
1462812
571291
3814314
1431582
665149
777074
1799197
757912
1640362
146985
328472
1741740
2132928
763946
1118311
41044
484661
1578505
1609772
660247
385544
1064909
1114721
1613687
975418
1537198
187639
1345676
821785
693642
687624
131891
104229
953394
2156323
2245772
1003011
1822957
1158325
151229
1257162
677938
203906
3573970
1183255
969314
1216883
1794985
2038860
1027542
696225
1510355
1003631
1725621
172834
1893432
196977
1935933
1088368
907349
2330574
1042794
1564607
1454085
1849904
950234
161787
1398110
1649528
1321542
933827
2335100
412057
1925556
1183256
494818
1008998
1838662
1208664
209276
1193339
1063410
736214
1415583
1249183
367175
245284
1487817
1610746
1226973
1637003
1856755
1095288
378126
680689
48098
103281
1219511
914220
1507882
796693
1082783
787430
4093224
308917
664265
1610994
318950
1926840
95954
2844075
1099369
169450
1084832
1182401
1217241
791390
1460972
889632
1219991
1396342
1670139
1186227
1214421
880761
565471
1685774
795988
1290691
2624331
315660
724015
948153
1373950
1476582
1243079
1432783
1777067
2241579
889327
980927
699318
1790104
2355792
1876611
1649183
1102144
2024492
475190
525278
1783725
641387
1506912
1459621
138830
1283624
1737885
1266886
1655332
1795177
1848919
2020385
1530938
1754680
3283681
2173865
1319760
1232440
1182462
1315139
1828400
1531044
2033294
1951034
1274597
1278814
1816113
1076952
1033882
521280
1289927
2223338
1460444
590695
3397860
1843086
1654075
1657917
738980
1258652
1831051
1278652
84398
1621319
152480
1736727
1500645
937709
2447121
1075653
1977528
2504422
1723257
869286
1606115
1351501
1602159
1509549
2628691
530250
1659421
1962161
1573997
2044362
1688424
1740092
848159
1872873
1612465
2240526
1530797
75359
594197
142954
351189
1161789
1561529
1317186
1218074
1451992
1597806
1120738
1717413
2861729
2233986
784369
760779
1631588
2177340
779950
62589
1077675
801303
125702
1551873
2155617
1945948
1039869
124664
1968283
486692
1128896
1108593
495633
1688154
479681
1167189
2597311
1911665
1535180
415217
1179870
1657612
2127114
380625
744040
451612
211889
194665
95382
1884131
1862525
1030374
1100071
1828346
936495
909032
1426038
135370
1897511
1023307
2659368
1669808
1073711
743463
514515
256027
1270538
1071424
1793625
1493667
1509460
2332429
2617331
1482959
1737326
1986416
972364
2651849
1618546
1103732
1733519
102736
1556943
1896581
2328680
1827324
1482543
560150
39076
1660763
844058
1350353
1149303
776752
4187053
1770893
1816320
1655728
652127
2222880
1255280
1186378
1527475
547566
1101356
306683
73699
306279
2012406
2651784
3071981
766891
1969171
917369
1787941
344715
1492628
1002807
1694395
1354779
1121909
116760
757067
514518
752633
895331
131564
1841176
1256708
1306932
1851537
1485667
1040942
1331610
1361581
1702186
1289606
1342357
386140
1817464
397299
1246095
1935932
1149283
1764412
1519160
781124
1658400
1253352
2135493
1716916
40017
2018512
609843
1464448
1267491
1221541
134856
783229
668460
995563
380029
1663107
279481
82962
634351
1077686
1342612
1258135
1092364
510510
1613979
1316758
1816571
1385780
1247184
1827616
1204537
147766
800237
1482745
614323
1242790
331352
786680
1565144
2103267
2340796
3784901
3135195
1220276
1776148
1813052
1576395
1257855
1477910
898577
492064
1701539
1888647
1529761
729619
244224
2338623
1604236
3817104
1269803
1134237
1962676
1020320
1243461
889729
1174596
295915
1292113
2448565
674308
1149638
406970
1981708
1210069
2114461
888621
735356
756423
1245760
2078680
546944
102441
1876142
1955829
262189
1826438
2452860
1688226
1700402
1385964
96587
2855075
553189
1777468
622407
1223770
1580093
1696257
1215641
1215688
792712
331706
919196
1895605
1644670
1413113
107410
1354636
1681026
1413258
1083052
1675837
1056202
2144017
1115844
146957
1073789
2084862
4131132
2161305
2201675
2674297
1633675
1231936
1324380
1135331
2933892
95149
116023
90201
1689294
1158221
1690353
1151654
1385398
1110353
1774124
315
60234
1353828
1454622
3901232
1062577
899467
203993
1692395
443267
929999
129875
1345670
1218649
1857003
1125665
1354842
1883681
538930
881313
72585
1014241
1059388
1587059
283722
1994599
1055312
1121834
3089375
2267564
39549
841630
1483946
1909555
1670874
775561
870707
2512118
1219310
2035291
1073964
803402
1786254
1609590
1481149
2906211
1365772
1370180
3377883
3863224
1785185
1596771
1114132
2874408
1469467
1351972
2404675
106965
2365948
1643106
1474946
1681634
783230
45923
2046445
751180
556040
1640115
2651794
926143
591347
2132119
1965348
983692
3772513
734927
1149864
1782390
595161
2042533
1169773
2164095
1517511
625507
1941064
3551877
1354778
1580728
1351114
1983647
2484994
1157344
2165744
4442826
1253654
2444148
1449326
966160
1028144
1668949
4042697
1272842
1688177
848161
1926750
65756
2404144
2410948
1415526
2242173
1687642
3352759
2217039
50712
2189162
2719334
1509529
161902
3252181
999944
3101937
2629590
723000
178966
2383590
1053232
290305
1072460
1718671
2495051
3583163
1290692
699471
1612454
1124269
2260875
1620085
1154509
3047284
132623
1754868
3703862
1865037
711921
3229091
2034654
1180037
611753
2022237
3037642
306669
1099081
1668496
1865075
2400783
912625
910822
1007403
1623883
1032374
49101
2980529
3373331
2745135
1406907
437139
2108648
1121245
1842700
3135149
1270764
611931
830322
1562551
23847
3385971
393953
523575
2512990
1611995
1024480
462700
1051486
1587275
2227398
2479479
2285713
1768802
2622787
730865
561335
1069949
2442178
714001
1810344
2750832
1290916
2274013
734434
1060503
1303587
4093819
785999
904715
1160278
2074851
975549
1036393
663725
1184962
1073277
3093269
1363620
789765
1983648
1535062
2781369
1488203
971405
917129
1377588
318340
1479927
2309694
2586420
335786
678054
1897317
1656911
1137173
3912664
1944412
786867
1754266
1417797
821070
1403907
726381
3313127
402031
1067513
922748
955812
1289208
1332018
1046870
1002298
1219148
1863800
1385779
1603081
1194232
1926958
813588
1583342
2246659
1008850
1658399
3537267
1839002
1137448
972834
1393319
1483104
1608414
2014201
1398809
657917
764472
2661537
416971
1757109
652234
3023414
1124313
2059942
1628115
720314
1142884
1118614
1233157
3050529
1529758
1914037
1816793
1076862
965243
3517482
1039801
4570593
1484886
3577374
1509639
2745510
3767017
1312375
1429457
479812
1231072
1116977
234412
738978
1529763
1694855
833605
2203212
1354657
462736
1289755
3188920
1759171
1399651
986837
171015
1556971
1679789
1892253
66246
1296370
1780725
705091
1714634
1988753
4480795
862088
1122238
465543
1966563
1126228
3934310
1435459
1109552
1289675
1754777
2279004
2150079
741870
753445
1124616
891757
1665638
755413
425392
235470
733943
1274573
1704794
58970
770354
1494341
2813660
1803114
1826476
1302583
352757
1687908
1915340
3700995
2117909
1095855
108021
1289705
3002734
1468470
3564083
1408449
1320129
2963216
1511837
3257371
1895603
1964641
4227410
845391
1110532
3869560
924414
983609
974939
678106
2004892
1702984
4528387
1148905
1784600
1443341
4528224
1231400
2388562
1290536
2044338
2154182
4298765
1392007
1071242
1606114
1438232
1243791
1763666
1401547
736300
2599504
3285233
2068025
3119369
3759944
1527747
1730657
4115643
1291267
966203
2273031
1329774
2021776
589749
1805627
188171
1015865
1806531
350237
1041727
3773045
1605598
1922293
544419
3583226
1163521
1100091
1450182
1629195
1498630
1380295
354
3034391
841064
1027707
4107794
825582
1432834
2870806
1557461
511046
141722
2853913
784791
1553265
1542373
404663
2548533
2266659
2436912
1425686
1743616
911612
1105014
713500
1468282
827317
1170505
320350
3762927
4243842
960875
271418
1416839
3101174
4020050
1078426
543814
4009220
341
1871913
2209202
3756314
503262
2164274
4146222
1451703
4243833
572525
837567
3656072
1397854
1572100
3647082
986943
1354795
3921649
3582418
3444967
881123
1279490
1047758
1791893
847314
1828562
1243117
1162172
1219210
4255312
2413749
1185036
641441
2527867
3022072
3508372
2599450
1317992
817987
1697643
2601148
2526842
3604692
594541
1071125
1018776
1060576
4060312
1180209
1627157
2210863
1494828
259
1118891
59572
3122483
113897
2618934
2626473
Total scores: 1676
Average score: 237054.78
SSH: 22, SH: 285, SS: 5, S: 19, A: 1012, B: 215, C: 81, D: 37
