1808605
1849580
1990718
1582287
1241370
2677494
1570203
1828346
4214779
1681360
3854743
2209202
4742940
658127
3058489
1537566
869222
2520220
1655981
1159687
4298765
1895605
2627079
3946158
4641389
839627
1938974
2241579
2323911
1714882
2111505
4187053
2100822
4565459
1064976
1860169
4177434
2615210
2279621
2708949
1199955
2058788
1911572
1911308
1754777
2088427
3548649
2546607
3773248
1718152
1635388
1737899
1895606
1270000
1934098
1911588
1890412
2686032
1018019
1385398
1857519
2078195
1636104
657917
2360394
2034654
2126752
2660294
1918978
2245774
1736571
1895603
3361951
1843481
861415
1610745
1605598
1083470
1129193
2185824
1736329
1836593
745360
1092516
1892257
4122187
1969946
2629595
1860433
2518847
1919312
2469345
1829131
2189687
4070109
2404778
1621319
1029562
2330357
2486881
1816243
1115737
2250747
1474795
1701940
2025393
4746232
2322888
4641395
1476606
795627
3884667
1258642
1895604
1895602
3056834
2410948
2129143
1350927
2179629
4443814
1701404
1537817
2659368
2188031
2444148
2069841
2041050
2257346
1591616
1988911
1554502
2574090
1899764
2485438
1071424
2201460
2246465
2550203
933875
1157868
2191143
2164274
1690353
2034983
1805627
2164997
1796176
1069949
2331169
1861487
2241580
898597
774965
1695382
1758255
3526561
2689921
2237466
1783947
1678956
806017
1875396
958038
2330482
1640362
3355394
4176938
1626537
1770623
4273030
2112902
281632
1464254
1630299
1843653
954254
3093271
2492632
807074
1125665
2364135
1961300
1989203
1642274
2269544
2314614
2604568
1281115
2149819
1749322
2354378
2461085
3855998
1002940
1596706
969681
1725588
2231831
3018109
994893
1489207
1502678
1784189
2128030
1816073
1812660
2505956
2025942
1895607
4452401
4803756
1332240
1609180
2570594
1872396
2059822
1193449
2185148
2457532
2121230
3666536
2118444
1231520
2360153
2005307
2496721
1492911
2981463
1843589
4276420
2410945
2084862
1869933
1811722
2166311
1951973
1838426
2102287
2468866
1178526
3632631
2626473
1891907
2026764
1028733
2225036
2026805
2992943
696225
1127798
533775
1087664
2597616
1989857
1474956
1845585
2485793
713190
1816113
2969988
1936782
1627148
2237465
1312156
1219511
2304622
1123759
2596015
1571309
2095803
862338
2059455
1838427
4415584
3122809
2098783
4018934
1778560
666445
4061167
1911333
2444149
1451282
2204234
2349467
3019409
3036835
1860991
2573914
600515
3892050
1912276
3968196
2050536
2184680
1954587
3524168
1555792
2173002
1720423
660593
1822965
1848919
2282512
2524196
2437233
981872
1955170
3353088
1053520
4749569
2338610
2780850
1979344
380646
3071981
1057477
3595734
3919008
2151203
2662784
2282103
808848
1577751
1955242
1997307
2287401
3928577
2572295
555797
2468862
2826730
1968445
2428358
164020
1679667
2743756
2596018
1500645
978382
822651
1531707
2302135
974352
2112758
1174467
783860
1402392
816600
2118440
1419243
1183255
1766216
2397136
1265017
2097898
2131079
1996531
2061232
2185224
1988753
795232
1186685
2251265
1706834
1091249
1092364
2932830
1903809
3963421
762207
1736333
1890062
2058288
1607404
1082245
1065821
2742959
3956011
2096800
1993380
726381
1262434
2067426
1941890
2309955
767774
1071242
2077126
2211018
2474574
2615748
2341609
2518845
2336704
4722420
2530810
960875
1994564
2473047
705091
2276916
1556336
880496
1509512
1501472
1181761
3328576
1942387
1695379
2616989
1706278
2044366
2360152
827488
2058902
1816320
920879
769590
1675837
1261191
1519160
4139122
3623807
2295253
1917082
1763013
2014556
2282064
2206972
2069833
2964230
83975
1738992
2442744
794670
457061
959426
2282067
2033294
1413257
1044728
1988907
2260493
1623093
3982549
2779000
1972480
2958102
3563444
3551549
910147
2333273
845378
1893432
2458202
215238
2496720
889327
3214886
2179560
2457749
1969005
907388
2573459
1432943
2281346
2349470
2454836
1726994
4350927
828242
278451
1260007
1608832
1573320
2233132
863037
1882794
1637011
722844
1007185
1656727
2149821
3328794
766891
966177
2245783
1121504
2177642
770576
676193
1983665
3648544
2410947
2150733
2118443
1252711
2220997
2008402
4143861
205282
4165727
2267564
1522329
2133229
3257742
2581428
3108018
422328
2755722
679581
2097992
2681192
830322
1915794
4074165
1126915
428318
2097882
1893461
2507465
2094186
2797470
2701095
1582771
3046191
1619555
1826438
2452216
2769886
2164601
2267262
955697
1008998
3410654
2163092
1683433
993529
1705176
3885119
1099759
1577478
815071
2156323
2040582
846105
3779342
2587891
502230
2580634
2014469
4111035
2559127
592367
4153251
2666060
892853
2316176
1984141
3926506
2833172
4628575
820481
1353480
1969095
2799046
2089680
4214867
979155
3873445
1573321
427090
173391
3385971
2276090
2295085
1353828
2628161
2790477
1311613
2678891
1574296
722596
869240
2610170
2464402
2245906
1544643
2450629
828806
2467121
2474570
1897567
4270838
71080
905800
3279538
2098897
3646595
2586235
1327000
3157652
1602803
2078429
2181195
1952177
2174965
2045107
1955867
1652503
1495848
1329273
1130590
1824271
2660646
817623
2361328
2161926
1108149
1934139
2045979
2994534
4141762
1024840
1672641
2025205
3121360
2324859
1973474
1365637
1956515
2237467
2239403
2521210
2481605
2045115
2485565
1992711
1951733
1690355
2047638
2706393
561628
2763447
725198
2359368
2473353
695823
2789938
3035551
291285
1109463
2102292
1861656
1970829
2416573
1692260
2460926
1935596
137111
2332240
3040104
3475417
1035898
2535650
2682795
2235465
3716285
2587226
3218544
1259280
3078877
755124
2461848
3385511
1264831
2362339
2620607
1809151
2569254
1936713
1572198
2105347
1869619
2574259
1733345
2294643
2716316
3126758
2606880
1018938
3762927
956502
2680247
3221833
1117798
917176
1602802
1937456
2628166
1455779
298034
1068383
1063044
2514739
1637380
1861763
1301354
1363026
2022718
129891
2165271
1916377
1141858
918391
3793450
2013792
641387
1006822
1503470
1888397
1417254
2485108
1215958
2523311
1003944
1011144
2170568
1785750
1574470
2477510
2012301
2674642
2482886
3884886
2527026
2267943
306156
559809
52245
1286726
953394
2679998
3385967
622287
1844417
2207953
1074901
3169485
52862
1905654
2078961
2195530
2102274
3006530
764082
1350835
1129824
2274904
3905266
276451
1632673
2341738
2952138
1978242
3155247
1569904
4832938
2335100
2460925
2590943
1670401
1213856
1831032
2708899
2350281
2693369
1886838
2645395
871154
1021583
791811
1321542
1623025
1484886
1783812
724474
2256387
3563096
1827432
4581701
1291657
691893
2803332
1736729
3884914
2053094
2231774
958093
142588
2923026
4166299
2196278
3083319
1297787
1668949
136749
3230245
2301163
1258135
2759787
2245772
659450
2514909
1563000
896753
1836274
98452
2338753
722968
2833565
1138710
887059
1755267
84398
2126990
2290048
3746239
3038997
1104834
2054965
602917
1763222
1935845
1295253
2979824
2549281
1419403
1969212
1160996
1973577
2449792
1142960
211697
2008748
2195806
3940958
1554632
2082725
428047
2545234
2315633
3798824
328472
3371802
3010348
2285719
2022477
3623520
2960404
2292542
2465053
1818428
1009197
1988910
735272
2182470
1021579
3410653
1541384
806325
2443190
2321257
2024637
1993436
126715
2941386
2087452
632523
864446
1612329
1892789
2005305
3615659
1160610
662294
1685118
1092582
2394731
3962022
2970030
2367340
1501410
104229
2670604
2106818
4060642
1514898
3639880
967546
2923893
3663708
1075001
974422
1530797
2843965
4059980
1121405
777074
2134713
2132924
3215636
1302567
2225073
2065883
3940466
2659911
4724034
2240526
2264994
1877248
2697861
1321846
97934
405981
1792026
2383276
2634217
2600169
1270687
1103903
1889804
735833
1992467
195305
626245
2231320
1649842
3523496
1377957
2127114
2449791
4641116
2077125
1432783
2368500
2259381
2262286
1561819
1918233
2047629
2493793
161787
1510874
2139094
359663
3349882
684970
2628159
1981785
569735
3217085
274033
846259
1846270
897024
1040942
4048746
2993974
1436138
3500383
1372338
2051592
317107
4277943
1515526
622407
141669
2995944
2843304
1054400
1595303
93705
1981128
1029307
518331
4215263
903280
2666136
1839599
1975912
2322394
2502643
3048043
2221095
3718236
1368678
1707138
2707240
1992818
2424516
1314420
2514777
1734750
2217489
169841
2640351
3217116
1023492
2683901
472309
54357
3187060
128718
2881772
2791233
2249059
814075
1793625
1286697
3975819
4538361
2063980
1788240
4463726
2061485
2245766
2323862
2059943
116128
816327
2686709
1298486
1131747
4213989
3066712
921857
1558872
2689525
1714637
1926331
2646883
2251648
3844651
203906
2150737
2714569
170608
927754
1079133
2205152
2750832
1605533
4011742
4323259
1819782
1439840
1274017
1923538
1599393
785113
2067104
1395662
1647345
3514184
3649082
3484856
813200
2199386
1226524
853779
1852572
1983358
1373950
1752311
787430
30261
2663986
2347578
1649528
1954900
1301167
2731892
798801
1258579
1981872
98496
524774
2580675
2328676
2679372
1014580
2242173
2061081
2347052
3166637
972592
3651245
1761422
1420671
2046653
1361322
2559126
2577456
2245768
2304303
2685040
2973962
687089
2036650
2945149
677541
2151200
790218
839947
983680
293573
1462224
75930
1370207
3412638
1728493
2177340
677126
2599450
2406539
241578
2223338
3122808
3982806
2097124
843155
2025119
2159665
2104522
1975370
1018869
83338
3457998
314014
467765
3230247
2833295
2969237
2477273
2226722
1730868
799711
1788379
3299362
776951
308917
3045279
479681
1319547
3048516
3309061
1155085
1431202
1642114
2680873
2137969
2398564
3579611
2826252
2932583
3624693
1680504
4040328
2504503
1927665
1341959
699
2368899
1974367
1178810
1263140
1947968
3395011
520475
1047758
1804239
2223393
3867964
2324161
1615502
3122902
828214
700546
60089
257973
1845292
1659421
131564
3513437
759638
2419371
137943
1104572
2487880
1873941
404440
1988748
52398
2083422
1468473
4226999
1299008
3014841
2044362
2178596
4019149
1492011
2684855
1618411
1926301
131891
1988963
1416839
523575
2466705
1562308
1665829
66820
2055393
4225742
79538
2581846
2050026
2536179
28578
2025938
3284710
679485
679131
1085554
29704
3350992
2677019
4327326
2719462
3215934
228919
2635559
89547
1593361
1892320
1538480
3580554
3093277
1121248
2486606
4850780
2409659
1294632
633993
640037
581931
714001
101630
1908514
2846873
3965013
2597056
4019868
1863775
1707536
1043348
2357612
2119075
792410
1740944
2768998
522773
1696290
2821003
1639736
1533736
1802736
1256662
1466471
1764213
3324966
2514776
2420876
1365772
3538356
2304344
4226633
1140187
1854034
2628162
1850085
2596017
1640115
1675841
2964221
770354
2495917
18801
2297417
2810840
2650657
493084
1831935
1194148
1082542
2587026
2983479
2200805
2168206
95954
2036666
521280
1480798
1949196
4276309
1987479
2512118
2513530
1855356
1570183
2664447
2760263
2047640
3917456
3281723
3716950
753632
891762
2161305
674933
51454
1973410
87266
969651
1271007
172501
70517
1762037
2330574
1607070
1968209
1317261
2250533
1914735
1065224
1677789
2332329
1149303
2507690
2625324
1796309
170934
1681634
2515411
2094402
3392273
2788498
2689510
1912402
2658327
1400195
2102290
2187211
2328679
2054967
4157223
2518844
3802617
45693
649117
199049
2778999
2655718
158617
903667
1583277
2562794
1925029
1288341
2182100
1527475
3959077
1989380
3449811
2351033
2657557
2355792
1606115
2340907
3708195
4842099
1121944
2906051
2014470
436825
26472
1500772
2710484
185670
1283491
3172604
1401254
972422
3420529
2568117
164828
1872563
691083
3046419
1731880
674934
722238
1302335
132490
2549390
187574
1468467
2384824
3279847
2249387
1062394
149066
1883681
2493509
3089375
2331906
2376185
950234
2757180
2740274
2632230
1158040
2691949
1732601
2296606
824242
1941208
1330566
4134446
31377
2284893
2043178
1992737
1983647
947134
775561
2021776
96033
2046351
36658
217396
2418803
1186518
4048208
1929268
1584604
683825
1752315
3970329
2120896
2274874
4547509
4019869
1783725
683970
785416
2922060
4036500
1315479
452508
4054015
2283327
2354779
2234808
24513
4206249
1344602
1540790
1150597
680689
1421737
2949285
1802637
948043
1149638
2649539
1274584
352707
1153219
1709121
158061
1886839
3602565
2369567
2268690
1646193
1613091
2200809
1463190
2961551
3226413
1579673
1329559
1776723
217607
166140
904077
1429457
152908
2460779
274155
1654883
1332018
821785
2639644
1649967
1348658
2045906
339640
1218649
3263697
44477
2115738
2503284
1517062
2319171
1831051
2992705
1988908
345602
1428309
1674283
1989318
1570361
1153238
3459770
3934407
2406120
1574311
3054701
2506721
43266
3700073
2508896
1839633
2605952
3801747
3796494
1104818
1643106
1346404
3459056
1762431
3153084
2178404
1749330
674324
3684331
46917
1711830
1567435
2281078
2628834
4273475
553189
47152
4237906
4126794
179950
4425879
1298998
1071072
3002734
4176948
1639261
1981142
1566387
679340
3351262
27384
3322065
1108593
224416
2061192
465543
1786703
85651
2309545
2933746
2693462
1410549
4003754
917129
2254752
315
567376
1843086
45870
42037
1952037
900957
2413749
786680
781124
1756228
2086531
467689
3707958
322742
59731
1242790
1231616
2352461
2684029
1804279
2446555
1586572
2597321
3393903
2285936
1540892
1827412
932223
221777
2415479
2261823
2144017
1919494
1162425
915210
607637
651155
1768240
989244
3614063
2278525
1939173
1001682
1754266
142145
917061
1294709
1492012
3377514
2958956
1095854
1783726
3082946
521457
453357
2006067
286615
2011762
831241
3257640
2104881
3044284
1457148
4792013
2510998
2557128
665129
1492010
64267
1046841
1150868
2640144
3854204
2159143
1217417
54231
4454766
98566
2624331
2570115
2836542
2639521
2673453
2165744
3094706
3380022
2228296
2343975
2393046
4411580
2008671
84092
1075797
3497649
2831663
2388297
1981708
1909230
2285713
978213
3369861
4791387
1287670
1317124
2276210
2563946
83355
3141681
2061194
1448059
2643204
2134593
1774124
4020291
3501901
34622
1578505
1736727
4246671
1968283
894684
318340
1343055
12789
647229
2433606
1852569
2267264
1968440
2030431
1802638
1905136
2151202
4189841
722236
1296370
4791385
2012009
2273031
1128531
880321
3936022
56542
2671379
1071233
2176404
4113363
1357480
1157344
3292816
2530087
146234
2058087
1383388
1826941
2115741
31013
45692
1094112
1714830
1752312
3030240
1855195
2799357
674181
2025939
500183
1587059
93426
1899735
3135149
2225299
1620406
1397836
1492356
2398423
2169301
1125642
2775397
2376713
2046445
2481602
1013839
4313980
82815
87171
137108
1977379
2359099
50933
1289927
3145600
2677188
2952114
1172819
614627
2236622
911612
878369
4291753
611931
2628955
1941064
3313094
147824
986917
4919143
3564437
2654458
1670874
2627421
1612465
3288489
2626623
924759
1389960
1920872
4134856
2431627
2277236
1911786
2796126
1817450
663725
3908671
986837
1704794
3716286
2670548
1811434
1537532
1952051
1817464
4351425
4793476
3819900
2512990
3782929
4401663
46223
3365585
614323
3582938
3901232
2753891
1134237
3037642
2201145
1762731
4260818
2722432
2264767
4559341
2544136
122826
2584673
1817449
1735472
1067513
3932615
3982732
1512177
3204597
2567564
172662
35015
4855471
2026790
2813660
1594009
4088356
862088
2383590
2027309
196977
2135493
42224
1302583
1414505
3547780
2689473
1639315
2708952
1822957
2735748
415479
2418560
2689931
3448517
131307
1399651
1555610
1657950
917062
4855807
847592
4419490
1606114
3967023
4468295
1585764
85224
4198445
4059152
2303916
2249551
2184125
1380717
444823
2205402
1076862
1927666
4376532
2870649
4349998
4468593
2781369
1242427
4284088
561335
3941047
2103566
1410548
62700
2044338
3093275
3700995
1892253
2336764
1992682
3441637
2543190
2319009
22538
2564395
4855256
1864425
753001
25296
187455
1219991
1124269
2809623
1157717
722235
3912664
1095855
1678502
1964460
1562891
1438389
3227490
3707950
74222
1631588
1286241
2116146
2791096
2586420
2233436
1742403
4128220
2490776
2097994
2788496
2610039
2160148
2937543
1126228
2153557
1137448
1768802
1884654
4018669
2162115
1129844
1397854
2708985
1795059
2508711
1694395
1137879
2252029
1415582
431957
2182863
1253515
1149713
3745820
2073335
1431977
2104958
2025941
2719334
Total scores: 1993
Average score: 234534.63
SSH: 103, SH: 371, SS: 34, S: 50, A: 1209, B: 158, C: 49, D: 19
