1808605
1353480
1127798
1010596
1860169
1075001
1569904
2365752
1600415
2240526
816327
1157868
83975
1544643
1849580
845378
1028733
1241370
1289927
1187302
1402392
1603635
1909554
1537566
2360394
1955867
1162425
2654458
869222
1804553
1219148
2183659
1690353
1230854
1624249
2540399
2236260
111680
1757416
1909555
831241
2414165
1704984
1129193
724015
1301354
1541853
658127
555797
633993
1201636
657917
1701404
1199955
970048
2445438
2308666
1546243
2140939
1889232
2281078
807074
1663107
1939637
1706210
2604568
1786106
894189
1725588
1619555
801557
894744
1233607
1621319
2322515
1112521
104229
1354319
1494828
2382427
1172819
1373950
902888
2288582
1483372
855762
2639521
1849273
1551874
727636
679131
2552046
1770623
2464761
992389
1760666
1655981
2270502
958098
2298047
2223963
1350927
1843086
786018
2349497
1321823
651155
574471
1258579
1385398
1306992
2330482
1204683
1990449
1764213
1851299
1514799
1726994
1419243
422328
1657917
1556943
519080
1489207
1410548
1527884
2221292
980638
1053130
1741498
1736329
1517511
2264767
1749322
2198933
1676342
1515420
2030843
1817847
1992818
1944231
1060503
2682795
687624
1200272
1001682
1879176
784791
2124108
1544408
1200757
930307
1892257
1289675
1031991
1569836
2317701
1298998
1029562
1818604
1172150
1762724
2013012
1348158
1636195
1400414
817929
795627
2274013
954692
792989
1605598
2371670
856743
820737
1697643
2609730
2336704
1217417
1927665
875945
1432783
1563445
2324161
1649842
1627148
1679794
1554502
2269544
2097898
1659421
2549105
1514275
897279
1128411
1095854
890190
2200171
733432
1669955
2316176
2468866
2469345
1114132
1127341
316995
1675832
1839701
623699
1380717
1848919
2356514
1179007
744673
722238
1954860
737408
1231520
1643386
1670401
2395625
1843589
811127
1302567
1535708
823257
1858799
1838165
1717851
1046339
1563453
781124
2457075
1588369
2004799
2474287
894090
816600
714001
1639738
2512375
1952177
252238
726381
1383825
2127114
1610746
1607736
804960
2457333
1596706
1511837
1723257
1257732
1907310
1270965
2234808
1556336
1219310
1593361
1509693
1083052
1414456
1843653
1353936
1721919
1595191
2324154
1524357
1790104
1796420
1498774
1742483
1573762
779950
1822108
707187
1649064
773398
1154509
1816320
1365637
1736332
1876015
2118443
2332135
1474012
2240223
1343292
1330828
1653519
839569
1971822
1925409
1486738
1249175
1797549
1561394
1218649
1328177
1097543
2541332
2609733
2025942
1221602
1158325
1512368
950234
1857519
1537817
1762037
1149303
1543159
932223
2333273
1582674
1849433
1454622
2076387
1652172
1351722
146105
2401868
1214269
1916244
2363005
139221
1126510
1515487
1053520
1934828
1512179
740040
1555610
1593573
672100
816734
1690355
1654883
1329592
1571309
1992446
1572845
1294402
1252022
1180926
2456288
1654579
1527747
2107577
552068
1033002
2475433
1762728
746737
1611251
1907933
2011121
1029677
1691294
757823
1915794
1180037
891293
2204992
2518844
1193512
736215
1607642
1925194
1683433
784977
959427
1731253
1898518
1071369
2343975
2112910
1819898
1826438
875557
1453152
2266773
1608832
1477910
116128
1911308
1505415
413597
892853
1149713
486513
785416
1679799
2025941
1797544
1800249
787430
683825
789752
1082260
1885374
1736333
1911333
1065224
735272
1919018
131891
2565986
1119026
2138577
1838383
2493793
1511724
1859841
24695
202756
1264763
1569153
95382
1610745
1009456
1685774
898577
1633693
1941088
1034343
459845
1896735
2381613
1201899
1121245
1161457
1351114
1240314
1128219
1574296
1602636
786867
1746840
129891
790218
1016169
1941499
794779
722844
1135897
1675844
1201369
1385397
945686
2344625
2347627
2413427
1248817
1570203
1451342
727637
1983358
535808
1637380
1518386
1572870
1114721
690778
1039164
2382822
1623285
1696694
58062
2332941
1315468
183364
1921069
1153238
1947687
776951
1201303
1634526
493373
1477241
929905
1619453
1636304
2606069
1405981
1043348
2430730
2048477
1696042
2295253
1450273
1180151
1955829
1181061
1911436
1544786
1174519
713442
1961270
2673768
715074
1036393
1512177
722235
339055
1659553
1501684
1229732
910147
1177094
983165
1803623
1255789
1018238
128718
1831842
1893439
1541293
1879801
1458199
1473301
1303844
1611276
221777
1149638
2022409
1537198
953394
276451
2632448
1749822
1623883
1236255
1095855
2199786
1741989
1404052
1636670
419551
94187
1177269
449484
1848803
1575620
1741062
1058918
1320129
1657467
1587909
2643109
2259921
705329
1438917
1541243
979155
1264070
1541094
1458748
1560482
1744286
1150597
1625960
1960286
1853800
1888029
1810150
1348014
1405980
1758872
915210
1649989
1700901
2207263
4541081
1046830
902259
1232706
1717648
1509460
1484308
1153219
315552
457257
1294935
1465099
1264972
1566017
2012740
1861434
1580652
2407369
550235
1982350
1898986
1629824
1278221
1518162
1654075
659439
220411
1814264
1296370
820619
1799197
795988
1639737
1922050
1929567
674347
1628302
1039163
1603621
1657723
1303587
1373482
1059388
1139717
973744
1257855
1890237
1578185
2218609
1403678
1158040
2348869
1899581
1706011
784971
1906313
744305
2451494
956103
1452709
1949083
672737
1383154
1262832
1621068
1808400
206298
1632690
1568261
1694738
1838662
1952151
1631290
1828903
1428232
2338623
1733345
1343703
1888032
1916018
672429
1582771
1633050
1570479
1215538
339058
1300413
1613687
1609721
1660992
1596847
1942546
1444591
1594074
2182470
1571863
869286
2170029
1403949
808848
1087428
1071416
1100327
1620271
1752315
1612453
479668
1153237
674514
796624
1462836
1531707
1454948
1512180
378781
933538
390057
1566634
1560476
1514276
1399834
1290997
571028
1059894
1982349
1535588
1562169
1541292
1696257
1908514
1950290
959426
1418911
1709121
871027
2012850
1226609
1330566
1583059
507099
1965307
155929
1382091
1582902
514518
380029
1610994
134334
2086904
703794
1517374
1602967
1642274
1612454
864446
1267571
1474956
1627157
1598696
1556692
1501472
1602921
1865037
2019880
1278814
713935
692031
659333
1569034
1675830
871154
1603084
611879
1657042
1181042
996113
454118
1787835
637549
1917082
514516
1930332
1269345
871844
1906336
1542373
1639736
1463669
1922293
1586448
1857527
1007522
1573320
1680650
1119043
133938
1460419
869197
821691
1797692
1525195
2327247
1513623
983680
1670874
1640342
784975
1426308
1649063
1524103
1614054
1643270
1460834
713867
2391463
1580858
1974367
1083054
1657931
1451992
1262335
1322507
774965
1665528
1224754
1212692
1619561
1601400
1810154
1466873
760488
996109
1527960
2017799
958640
848345
1547747
1677118
955690
1593061
1300513
1282628
1656122
1071565
1484886
1916878
1623220
952515
1437586
600515
1043346
1314987
1033154
1400375
1596064
1738992
1562168
1016092
1605955
1017559
1623092
1456899
1552278
1639084
145366
2226722
1484989
784973
1634515
1619564
486511
1036133
1700588
2049457
1617047
2233205
1522662
1720982
2411157
47152
1775286
1585178
1146399
490154
1674585
1034862
1552276
339054
1627982
1032126
1829925
1714637
1844417
1345343
999720
1466938
1897317
784974
1654305
1155987
943246
1211507
994495
1632673
1516285
943399
674308
1586572
1690778
869973
1607216
1607321
879476
1034482
402031
1233051
1149864
1474949
1454845
1168807
1454089
1621242
1675837
79200
1070639
1632332
933228
1733344
1696695
861164
467765
719594
666445
1481178
877728
977770
1174838
1598898
326864
783249
453358
475190
866938
815857
1959413
454449
1656000
58063
1610022
1149925
1071424
784243
893736
891762
933105
540748
1409923
1059390
611011
1515342
983692
1601387
1240783
1428231
1613615
956030
1781876
1256532
1674629
1627345
406970
964130
1529804
1614094
1474946
1385396
1585741
1432512
527699
1621175
1534523
1444122
1669808
1257362
784972
1034889
1507125
1236683
1208919
455262
834589
1556368
1366681
1592914
1559852
1261879
164020
785982
893468
1478254
2365948
997648
425643
1210405
1630671
1305841
1794074
402494
1354320
1169559
1691360
1806803
978213
1495848
2352706
1445924
1804279
1658801
1595304
1608414
1030374
1796685
777303
935029
2719462
907822
2446824
1209163
789765
219861
866256
1655643
1630969
1973410
2018512
1135331
1725369
513347
683970
2132928
1924570
2242173
1594730
1595667
827932
1383451
1635980
1493901
895077
1724600
1914037
2223096
1171316
223397
1608849
1535635
878369
1529021
1576936
454119
1575327
1124630
1656911
1474947
1452811
1559851
2313571
818370
1478678
1564521
1608726
1750359
1602890
1119785
1495498
1045304
1215580
1344602
111439
1569584
2517071
786680
1332018
838063
624721
1528015
1828556
1218838
1694739
1538507
1365214
1466471
1153255
720314
1581851
1640362
1213620
2523668
1614506
1549121
966243
1558333
970163
893469
917129
1688154
784976
465548
1587090
1632362
1623093
2321045
1317992
1474944
1563057
1492356
509510
1343293
1670393
1555545
2591381
1142884
1257819
131564
339059
777074
1582806
1245003
1060683
1688458
1613232
1650477
1681634
1578505
1500772
1594713
1083053
2881890
1682373
226605
46791
1155253
126645
525103
760034
1679686
1765081
1559974
1594728
1160967
784970
1659100
974072
591347
1333681
947145
1559394
1530057
407788
1432556
1211730
1895589
1656727
1624291
1693575
1594726
1584261
1175254
1078421
1183809
1125406
1558586
704360
1659691
1609251
1662480
1588075
1902818
1485039
961692
877335
1161448
918723
822656
1651290
339056
1468687
1053243
2459145
1061459
1531196
1640115
862088
1498150
1600778
910124
1119784
1385399
1395749
2028600
1636757
1658726
1618411
1643106
1946834
1714634
812521
2654506
1607407
820531
137296
1282215
32977
2267564
746738
758304
1614042
1328735
626285
1540892
1631954
462736
2902384
1209160
1651230
1493531
2046445
3975990
1124313
1315116
136553
1056202
663725
1134237
1828562
1827323
806376
1787848
1231072
2479479
1596106
1126228
1408449
924759
1396342
1502221
1249039
1596105
1935058
Total scores: 1223
Average score: 229556.19
SSH: 37, SH: 31, SS: 39, S: 247, A: 751, B: 90, C: 24, D: 4
