4867760
2735748
3707946
4570949
4568304
2737141
4655948
4831429
4176938
4675850
4690175
1773634
2753891
4889905
4345352
2521259
4629404
2775397
2599450
4693135
2303916
2667802
4861281
5018216
2249387
2496318
2786058
2801009
4059149
5054162
4480795
4710115
4298815
4566959
4695614
3037642
4322403
3322168
4246671
3802844
3415914
3322635
3707952
3135149
3697682
4436738
4027058
4059156
4272569
4790484
2863658
4557010
4605491
3438148
4988693
4518871
3577374
1083470
3306465
4856302
3517482
4294727
2633231
2622988
3656605
4704854
2046445
4543721
4316941
4517806
1600283
4288226
4392936
3881448
4216090
2988150
2589292
4471539
3752975
4857705
1150868
2301351
4721743
4067563
4622347
3185724
4445221
4977600
3019859
5005491
2331169
2187211
4678354
4694048
3145600
4310021
3034593
4598620
4591775
4468621
4546446
4569104
4126737
4581701
1076862
4424324
4618179
3273140
3773772
1013839
3313127
3926567
2451189
2059822
3379344
3149030
4833472
3627858
3509293
4694276
1656727
3863122
2444276
4729338
4558388
3899964
4374452
3074108
4901709
2300083
4882735
1820817
3256660
3147541
1241370
4027448
2267564
4916330
4228703
2750832
3093269
4831128
4533542
4425879
3578634
2223077
4754028
2082725
2128030
4816962
4802061
2796126
3117154
4205425
3301849
4706720
1655981
1186901
4309247
3814944
3869560
2743756
4559851
3118604
3104339
5065247
3304843
2670208
4870470
4160827
2321562
1204537
4861513
4764929
3946327
4859703
3591213
2257346
2279404
2399767
4764855
3592622
4778522
4669413
2964438
2562794
4764930
2323911
3976192
4822331
4136188
2624331
1816243
4570561
3038997
4689249
3128003
2021776
4321070
4728369
1199955
3411122
2914646
3967023
3582938
2660053
4630841
2559963
2512990
1861487
3823798
2995944
3645519
1044728
1845585
4275452
4302998
4316207
3564083
3220698
5041674
2807851
1776723
3884667
4640775
1838426
3658660
1563000
4499311
2486881
3023414
4172057
1631588
4383669
2537499
2615210
2843965
4387937
1872396
3885402
4214499
4469359
2802324
2959945
4457409
2709349
4393670
3119369
4480846
2385573
2731892
1677789
3816334
4085987
3040104
2799357
2935781
4543497
3364783
2565674
4760315
1205876
3691456
4655280
2785254
862088
3874133
4791561
4287878
2901666
4791798
2660294
1213856
2631078
4093245
3145415
4434306
4697334
4049691
2904978
4321781
1180676
2274874
3341496
4059151
3707958
3078717
4610836
2298473
4603074
1407152
4124528
2677191
3238447
3820910
2469345
2573914
2599504
3383316
4226993
4468387
4472749
4444067
2083676
2437233
3739213
4393672
4648563
4028364
4452319
1892257
2818772
4202156
1925409
1399651
5043508
4204889
3070111
4561659
2870046
2535650
2088427
4571865
3783036
3614514
1836593
4327708
4255750
4288593
1157868
4048208
2579405
4553375
4520249
2444148
2933746
3468557
2404778
2677019
2616989
2383590
1124268
2326754
2033294
4313980
4847690
1274573
2457197
2185824
1626537
4346480
3116917
1816571
4843520
4647432
2523668
3970401
3626659
2304622
4252607
3992687
364532
4784320
4393066
2737173
2460779
821785
784369
3812908
2505956
2514739
3238236
4411233
3397860
2628955
4199237
4609930
2037761
1514256
3901232
4238673
2894212
2164997
1451703
3294694
2622787
2020385
4572912
4857362
1695382
2282512
2269544
4512893
3655971
4786970
3970329
2824441
2556724
4643441
2794936
3765522
3626128
4105820
3862594
2798282
1826438
3122902
3703862
2796473
4186244
415479
2775881
2610039
3773045
2958102
4568959
3022072
2983481
3014649
4228692
3782929
2330357
1816113
2201460
5067107
1834598
3708195
2994076
2685918
3566847
2014389
1890412
2615297
3104522
1961233
2596894
3983866
4296268
3121730
4690966
2332088
2963036
1410549
3019409
3742437
1306448
1709022
4134502
2457519
1616369
2226722
970331
2540399
2791233
1706210
1377957
4789754
2237466
1387007
4575086
4307954
4291608
2822288
4607880
1968283
2495787
2565986
4029403
4808011
878379
2813781
4039333
4681625
2902789
3284709
4428619
4698086
2352279
4131039
3365585
4812644
4142035
4402860
4867757
1010596
1838625
2660646
3654660
2237579
1163521
4812862
683970
3586535
4529255
1770368
2663986
1949106
2276210
4331627
2874408
3078877
1828400
2863215
4543209
3206007
3607697
1636104
3691317
1943046
1075797
2613334
1671813
4804330
4519332
3543557
2103968
1849580
1736329
3121079
2034983
4812710
1788628
3057801
2325387
4715571
2182100
1754777
3331410
1002940
4752650
4342891
4287016
2502643
4704067
3363659
2677188
1827558
4167879
4943431
3460818
4486136
1760666
1860991
4549301
4605503
2129143
1815397
4796915
2641556
1746492
2397826
1725588
3637802
4370317
1890062
2994583
3392208
2937933
1969946
4181770
2503284
1028733
4404049
954692
2553242
942522
1702903
1962374
1451282
3982732
1462224
4506790
2022204
3946158
4031306
1808605
1354319
2202603
3623693
3604997
2860521
4908668
1681634
308917
4330943
2625911
1877419
3431450
4698084
1274017
831241
4431476
3648544
4528224
4107527
2634649
3885119
3050529
3645570
2419085
812161
2022718
3151263
4758301
1995061
4053803
1402392
777074
4343189
3030766
2336704
4415495
2049467
4092693
4303991
816327
2240526
2097898
1936782
1142884
3737266
4534858
4450601
3772513
764082
1565265
4530677
1024483
4274637
1860169
894090
2815870
4473614
890190
2778643
2298847
4527232
745360
3082337
4386439
3968196
4751287
1230854
883670
1610745
3195618
1492911
2192351
807074
2962206
4047519
1083052
3838703
3879705
4719781
3337000
3564378
4125564
2200809
1231616
2133576
4302249
4092600
2169346
3386365
1955170
2527378
1226524
3773248
4468109
3571124
2741954
1172819
1396795
3127889
4888164
2022061
855762
2173528
1217417
2103969
2516329
1569904
4888163
3066712
2732387
1770623
1990449
2590119
3229006
1021579
915210
3607872
3980641
1997307
1997892
3641547
724015
4631489
2138577
4074461
3954641
4284415
3746239
2964230
1701775
735272
1029307
853625
4146007
2249059
2677494
433005
3385971
4751417
1619555
4186288
795627
1701160
1125406
3967922
2365752
3963421
3879889
2328679
1302567
1899100
2590221
3301339
1251181
4683658
1811527
2036391
1289927
4018769
4884682
462736
2828520
3700073
1861434
2628166
2281078
4020054
4683145
1481747
2692144
3745820
2841428
3025365
2559558
1763013
929999
3468687
1366190
3789556
3048810
2077121
3492582
2205311
2367340
3839711
2593619
2061192
4376495
1809151
3548649
2677189
1909555
3342378
2911355
1869406
1544643
4111611
3233446
4128513
3802617
4227679
633993
3844552
3151956
3921649
525278
4075825
3596672
3704366
2335100
4196708
4247598
2804276
3665005
2453247
3722306
3494038
544419
2245774
3034573
2674297
3371802
2493793
4196437
2863265
2004892
1459559
2164274
3215934
2834752
2045979
2519704
2870806
4415584
869222
4161947
3647082
129891
4382719
4321803
1222421
3517113
845378
4086676
2146365
3361939
3768514
3692446
4071674
1312375
2273031
1396915
3917025
3725129
2208453
3373620
880321
3873432
1575173
3579281
1885816
2556347
1659421
555797
1108593
1889232
1112356
2246465
2806687
2602090
4051851
1302554
4435685
905215
2102287
4047799
1679799
4122431
839947
1955841
1126915
1414282
3747453
4344783
326660
1644535
806017
3756074
2336310
999720
3232952
4682959
2654458
820481
1041727
3826008
1528015
3455282
4432931
1208664
2281045
4143815
4116304
4687010
2252249
3623807
978213
3523496
3465034
2168419
1805627
1591935
1227359
1756897
4403746
1846275
4429699
2602433
2874944
3214886
3358972
3111877
1256809
4151072
3415931
2223047
966243
2050696
1672165
2829376
4311270
2045107
1515089
2603845
2715815
1105014
2109961
2060211
4300239
3206043
3229091
1563493
1926958
4414862
4711087
1754659
1822108
3431310
4331705
4216778
958038
3310074
1701404
2961551
4255312
1895860
2826730
1482959
2864137
3434235
3018109
2237465
1524103
2069841
1344602
4054015
1704794
2530755
3257738
2388298
2229349
4212498
2564395
3034391
3991310
4365285
2309006
2058788
4658853
3819203
2827735
2410945
3520227
4303564
2443190
2608130
2854691
3727508
1345676
3644971
3030240
1823056
2462350
3890663
4180630
2296022
3991353
2532226
4179347
2244060
3333745
3877905
3591499
1872812
1181761
2004799
2367231
1432943
2462439
1229493
1649842
3533716
3246922
3589018
4215344
2729594
1235495
2988681
1626300
3504206
2495792
977770
1537566
2585550
2958956
2373569
2953859
3006997
2039845
1047758
2044485
4302772
1785659
4337202
1889804
2318117
3605633
3588981
4472146
3088767
1380717
3719552
2439848
987133
1385396
959426
1489207
757003
1128081
2679663
465548
4496554
3612192
655679
2140939
924759
2654424
1709121
1309931
1563135
2651915
900957
1769144
1597247
4921406
1527960
3055578
1941208
801303
3626588
2004420
4537193
3890011
3884232
4419720
1647338
2719462
3555173
1977950
966203
2101173
2042429
2445806
1692260
1131896
1578505
2132924
2116146
2471434
918819
2423593
1993418
2651771
3613816
3076104
2923026
914220
4681130
894744
2962227
1487797
3879769
2421769
3638000
2786980
1635388
4312018
2654506
2304259
1840736
4597835
4081195
3041566
4352925
3846505
2142744
3403124
1454085
2211018
2388297
1429457
4662226
3925362
3958712
737100
4610113
3194798
4303783
2964222
1970829
1909554
2659368
4596742
1114721
1828346
3397388
3697747
3337690
3062908
2933892
2740912
3041193
1353936
3827073
2585811
133938
1595191
3995168
4101443
2345714
3572698
2388562
2250747
3638672
2183215
2379756
4549062
2118443
4431496
3238282
3613084
3791647
3912474
4191804
2185106
3702327
1518125
2328680
1729283
4475543
872110
4393036
4063840
1761412
3938939
2794127
1898692
2726346
1491475
4579475
1802456
785999
1768904
4001454
3970436
983680
2094402
3647151
2315560
1396342
4313882
2258242
4171632
4381227
1714637
4376532
591347
1992818
3502002
1103732
2992705
4519110
2223338
4242487
4452129
3756314
2809623
4226273
2533711
1643106
790048
4784164
1529763
3036835
4460277
4406495
4397592
869285
1754266
1155547
1770626
2586420
2890506
3211514
3889455
1743443
4276057
4888994
1314987
1377588
2211017
3333706
4368642
1473299
3899780
4208733
3613647
2577747
2667608
4295765
4651145
989244
4557895
657519
2238956
4868369
3481544
3089375
4276792
3257742
736396
901854
254370
3075536
2964220
4174539
1100071
4238418
878369
3569579
4612454
2986935
3503278
4017839
4032016
2684033
2896368
663725
3331635
2188031
2054191
2853913
4056699
4313787
4839816
1554502
1623092
1774124
4970217
3216630
3369714
2095311
2099567
4584932
4446928
4466096
4886194
3933443
4583712
3670023
3491216
3908671
3499015
3443974
2129145
3683363
4312255
1134237
2897463
2552046
1935389
1787848
4581422
2927180
2254470
2889995
2269684
1949535
1173001
4804746
2044338
1632673
1661491
1770197
1258642
3446204
2479479
1782215
1169773
1679720
1618417
4210354
2916562
3619023
2123284
462700
3192283
2134458
3890723
3322526
2768788
4145247
2795613
1230741
1828339
4442826
2183917
795232
4445694
3767017
4059162
4294493
4443942
4019294
2689931
2836433
2951013
4132178
2174441
4134856
786980
2652498
1962182
2242972
4131605
3191698
992281
2846620
508558
1656185
4156714
401513
4178623
2422755
335628
762507
3221529
996357
1658431
2556199
4489724
3338304
2844649
759433
983609
1033154
3217551
2410947
2782887
3152325
1351114
2024506
3977703
820737
2075704
2786386
4655647
3129448
4291753
4423303
3638479
2913452
3354073
2365443
3977191
874101
3370546
1053233
1183974
3557474
1040946
3556566
1612465
4029682
1283506
3199701
2622747
4048545
1968445
1679789
2201553
1385964
3578050
3694268
136553
2452646
3274114
2668755
2126752
4507319
485125
1142960
4617158
1860435
3232640
1945555
942356
3760479
888010
3975990
2048191
3867435
4295242
2655982
3151808
1915340
3048435
2277236
3656603
2546548
4678809
957468
1618753
2842174
3567527
807070
2573493
3837938
2813660
1125784
3527703
2733031
796693
4313921
5010805
3349095
4303784
1665638
3197548
1232328
307618
4845277
4363685
1686476
2177434
1954859
4675618
3530008
4313789
4093243
2226819
3352759
827317
4848297
1118614
3011296
2832596
2677343
1519137
4323503
4029709
3469301
2695411
2067098
1791893
2643619
2579665
1126228
4922568
3500105
3191142
2898419
2894747
1397854
3912664
3578631
996054
1671363
3628459
4113363
1974601
3452376
2675575
1870068
4363163
4529167
1522329
1696846
3375043
3337289
4437056
3101174
4804608
4476059
4796008
4044653
3867299
4867759
1618986
4408758
3602897
3949962
1001682
1289926
1408449
1040044
1636879
1398002
4061893
1635233
3010986
4323073
1027200
2095312
3895710
3181499
2049383
663776
1636304
4371438
4610112
3657002
765873
1551874
3527702
4848266
3010178
3967773
4648374
2691949
4664773
4212610
2069999
4708432
4020050
2833172
2731312
2710014
252836
1137879
4840034
2622659
3699308
4539737
4322080
2233275
899732
4848303
4837547
4243833
511046
2333302
3371379
3653442
2505623
3906482
786867
4353227
4030375
2546844
1690353
4321780
1629635
1192902
1115737
1289675
252238
3415077
1468467
4352514
2399766
1583228
3715945
4828735
2333525
4545631
5058002
4536514
4632023
2546549
3998381
4011352
4262561
4276959
4866452
4736827
4829677
1075653
Total scores: 1584
Average score: 370792.83
SSH: 1, SH: 52, SS: 22, S: 194, A: 1187, B: 78, C: 33, D: 17
