1414282
4897206
3700073
4543721
4844348
5021195
2264529
5058000
1569904
3595734
4975261
5021688
4440053
4111035
4855256
2689931
4866452
4742940
4829677
4704020
4842367
4880497
4565459
1990718
4651531
4376495
4735162
4712362
4095763
2599450
5058002
4214779
3022987
4968530
4880925
4443814
4113363
4860513
3058489
4943335
1808605
4915922
2843965
4727786
4189841
2276210
4634840
4940126
4177434
4835404
4839039
3854743
4999825
4438736
1868531
4529872
4197563
4127115
3710704
4383664
4872744
5005640
1754777
4273030
2384875
1462224
4987126
2691242
4914437
4641395
2460718
828242
1279361
4641389
1582287
2708949
4319071
3946327
2627079
2228387
2403677
3946158
2352279
4838455
958038
5091148
5009463
4808501
5047712
4536514
4111778
1860169
4761861
4039494
4318971
4783641
2743756
2201145
1838426
1021579
4135160
4871365
4572969
3548649
3721240
4187053
4875539
1940633
4771467
5006488
3322168
4925156
2365752
855762
2266572
1003013
4713808
3010986
3881559
4685718
2667802
4986860
3623807
2671379
2209202
4861384
3265469
4894158
2314336
4876257
4520510
790048
1241370
4985836
4351425
2024506
4708805
2556199
2615090
4470172
4840247
2520220
1860433
988726
4411233
1315468
4225083
3648544
4019149
2241579
3773248
4134856
3284710
2179629
3644156
4768112
3034770
4085207
3579281
1064976
4822449
4298765
3383316
4834698
4176938
2100822
2981463
2069841
4746232
1808053
4736827
5016093
4710115
4252608
4832603
1811722
1871842
4851922
4786970
4712543
4756087
2034654
2446829
4605491
4950775
3003399
4789744
4356464
4287878
3802844
2556200
2573914
4246671
3078415
4635925
4655948
1681360
4917412
4774311
3867964
3121730
2590119
1642274
2557979
3131107
3361951
3468687
3509524
2295882
3545720
4713698
4608402
2278930
1256806
3892050
4926909
3684530
2284524
5027617
2241580
2510998
3950822
3349882
4070109
4415584
4961699
1655981
4929215
4470043
2063931
4876749
1095152
2874408
4792013
4321070
4985768
3039613
839627
4783765
4019853
3684556
4236382
1935845
4883679
4134502
5041438
1889804
4897819
4860509
2361328
2775397
4832938
4657226
5022053
3884667
4425879
4874327
1860991
2077119
4859405
2058788
4435685
2055394
1018019
2141309
2610193
2088427
3779342
4355276
4812528
4810017
948032
3104339
4867167
4039338
4921872
2540399
2726326
2677494
3574500
4833931
3927904
4829379
2382377
4860510
2539110
658127
2126752
3070066
888010
3149030
2545437
3950021
4876258
2898419
1261879
2572295
1872396
2189162
2419085
1226524
4948022
4694870
4786514
4061167
1256809
1635233
818022
2624331
3071981
1487213
2236622
1385398
4792231
2294912
4948429
1519863
1392757
3899964
2725403
3911766
2610843
820737
4193449
1849580
2328680
2055393
5100570
4915912
4316941
1737899
2546607
1053810
4832134
4634744
3963430
1899011
915210
3668020
4147579
4809580
4955190
1728456
2176404
4140323
4726119
3043732
4640091
5012169
4939631
1714882
2659368
1842675
2487880
3195618
4193498
2264767
4915914
5095298
1141858
1003447
2682641
1095893
1083470
4989661
2791432
1890412
1770368
2172086
1546425
2240526
3393903
1489207
2993974
4449473
4315784
2802630
1157868
3041577
3926086
4982561
3257742
1306992
901854
1811527
3040104
3683363
4640775
1435459
887059
1760666
4804329
4463310
4055410
4379114
2034983
4944707
2628955
4861018
2675575
2445438
4665895
3989706
1843481
4850780
4479251
3768514
2534559
1911308
4956927
1347794
4109500
4541862
5050894
1923214
4692989
5004968
898597
2279621
1997307
4838456
1565884
2732387
3526561
3623520
1129193
4136910
2574090
1895602
2618935
3811857
1600283
4861771
4748879
4852491
4748878
4559341
908042
4383669
2843304
4896646
4690175
5060556
4794413
4088605
2185224
2008748
2657557
1863083
2413824
3866017
5041440
1805627
4583712
3526068
1069949
4719888
4436738
4948426
3746239
1711307
3405683
4999937
4532648
4978004
2104896
4715012
1001682
3752975
4039342
1690353
888015
4876550
2460779
1295846
4673439
1626537
1995114
2298047
2660294
3517113
2620911
3365677
1148905
1736571
4143861
769590
1925409
4737409
3462322
1763013
1816243
2171675
4871942
4796738
4698236
2078195
2914646
3665005
2562794
4838404
2192825
2231831
1605598
4860572
4080287
3284709
4594109
3645519
1860435
2335100
4844708
1619555
4905444
902259
1754659
1846270
1990449
1630164
2834295
4199237
2118443
2568117
1738018
1783947
2404778
1756897
917129
1385397
3505066
4597089
3666536
2686031
2281078
2256823
1892257
4119821
1836593
1108149
3001532
3654660
4860079
4064320
675734
927754
2686029
3122902
1551135
774965
2324435
1911574
4717166
2666060
4198445
762207
1701940
933875
4870537
1995061
1682101
2128030
1956730
735272
2331169
4875614
4793476
1634933
2461258
1734750
2885708
3264311
3000845
934110
1759814
1873205
1391631
803828
765873
2397136
1142884
1166895
3093271
2280910
3627858
3881448
4919168
2338610
2629589
2644765
2319170
1289675
1989203
1828346
4272569
4585194
1816073
1736830
4543497
696225
2444149
4054200
3844651
1669990
2196278
1695382
3624005
1869933
970331
4350927
2197401
1919312
5091147
3773772
2106248
1187302
2679477
821785
1736332
2022201
2272998
1951638
2633231
3036835
888383
4870470
1949106
4859703
3834249
1983406
3160790
4652206
1046841
1911588
2301351
4655280
4415495
4028364
672594
3105129
2964222
2129143
2809073
2237467
1266691
1128411
4934542
2938751
4631723
2183206
1899511
1663107
2468864
3963421
5042033
4244680
4157223
1909555
2166311
1659421
4039337
4981161
4915910
1621319
2992943
2847945
1288341
2131813
4205425
1812660
1391928
2249387
4617328
3267169
4697800
2629595
4644712
767203
4754217
1627157
2587891
3267170
869222
2023927
2248980
2530810
2176046
1474795
3244451
4877481
3448023
3039531
1954587
1786111
3018109
2330438
3355394
2149446
5095299
3045021
4831429
3511219
1984141
3628459
2677495
1968836
4392936
1652395
4468592
3023401
1475620
2824441
2410948
4452319
2037761
4591775
4925294
1720423
2543043
2132775
1044728
2282064
2360153
3294721
894090
554935
3901232
1612454
2058087
4933159
4880571
1876015
3077757
4401663
4440049
4862995
4773166
2574259
4552222
2303916
1988907
1185036
1258579
4729338
4929271
1970829
2596314
4837956
2615748
4462023
4093216
2615210
4889840
2798282
2245783
2165271
4631987
2606880
279032
2131079
861415
2931366
2861378
3438148
2935781
2485793
4667438
1570203
1496766
1827432
2825441
4728481
3970329
2108217
2297417
1533884
4768149
2587226
1621068
2097898
2505956
860472
2490307
1002940
3249380
1672165
5041437
1554693
1969946
1669719
2360152
1352342
1701404
2357806
4913599
2204927
1073279
1897577
4655828
1973410
1827323
2518845
1577478
1844417
2064453
1949715
2759787
2275674
3745820
4796915
2461085
814293
2316176
4988335
2609733
1851299
1495498
2246654
3667132
4493700
4059980
1816320
552068
2367231
1645698
2480902
2461086
1563445
2911355
1843653
4027448
5056381
4172901
4828490
1046830
2389303
1656727
4408758
1858799
1204537
1838427
4987241
795096
1776723
1229141
2151203
4061593
1731701
1690355
4915909
2298522
1924025
2034057
1650477
1770623
2468862
4276045
4948424
1909553
4618179
1973361
1783813
1909554
4733327
2404837
4546446
4270838
2638888
1947084
4880909
1556336
3778937
1749322
4704854
3045279
1961300
4942836
4486700
1498618
1895603
4423554
3350992
1640908
1369375
2477261
4763600
1972662
2660646
3666686
1672204
2750550
2519704
3173880
2620912
652234
2813781
5055300
2173718
1702172
4783687
1946909
864446
1820840
1401254
1572868
1146443
2073335
2410947
4985596
3601629
4039339
2983479
1766216
1816571
3682178
2266773
2039845
827803
1595191
1797542
2486606
2245774
1752311
1055147
2201876
2030431
5050870
2394645
4415744
2161155
2946220
2083425
1969253
4683486
4913570
2512990
2622483
764082
1233778
1783812
3714304
2282067
3017375
1626183
1948378
931791
2506241
2521210
3286201
1529189
1726994
2686032
1508874
4985833
2794354
1321846
803418
1372542
3669201
1737169
1905654
2492022
2250747
1893432
1032126
2621350
1628503
3310074
4867760
2599504
2872154
4708233
658994
4894931
2143572
1395942
959233
1077370
1925194
2593619
2369202
1962676
2004799
2567509
1264503
4657212
4952136
1162425
2025938
142954
1643270
2114276
1849505
1917158
4537613
4189842
1741062
2832521
1084855
1897567
1366917
3873445
4654915
4959259
1047758
3298685
1820257
1920872
4985511
1129951
2991730
1730868
4792613
1720903
1527884
2028950
4675178
1879899
1358299
3216822
1514799
3261055
4708806
757003
1419243
4018769
2620910
3059929
1210660
3392673
4393042
1351114
5018552
735701
2926208
2123381
3849847
4795262
2687455
4561659
2921013
4934001
1353480
736215
2328396
2385733
4629404
4092693
816327
635865
2778999
3708195
2596018
1226609
2551411
2075268
2693480
4886194
1945555
5043505
4042905
2799357
1119965
1236951
1674588
2059455
555797
1843593
2610188
3307758
2064450
817174
3025365
1474956
1574296
1027560
2116006
1010596
1040424
1955170
2467121
3320563
2518847
2225036
2211018
1290674
2559938
4468528
786867
4184538
2995944
3307169
1962182
5014841
2503599
4570949
3928577
2518844
3080936
1623092
3926567
2328679
1156747
2048477
4176360
674349
3347203
2099567
2506240
2509953
1646193
1514653
1893431
2245860
1970565
1758255
2679663
1822501
1564191
1990559
2774812
703794
816734
2424516
1997892
3060395
3982549
1859185
1612453
2115928
2394642
660593
1658695
1762724
4821023
589477
714001
831380
1783968
2961120
1852797
2285150
4334857
1561529
1053232
1817548
977770
1956919
970048
2050696
2742960
1860434
3448086
4393489
3652698
3500383
1892411
3433046
2063622
2742956
3834006
1992467
1640330
1304276
2629594
3070111
2742959
3358722
2458202
4652324
2349144
2123284
4552673
3799924
1845585
4998680
2311453
2026764
3853713
3969635
1932649
4976103
1981053
3870286
2740030
2468861
1254728
4221414
1474946
1934139
1954900
4833604
2069999
1836274
4968450
231825
1829925
4796255
979155
2189687
1561550
4298815
2226486
1184167
1962161
1700275
2887834
1969005
1523011
2484994
4794241
1854022
1962198
2063785
2068681
4193272
2338619
1827558
986837
4796874
116128
1909493
2486881
1988753
2201553
2090844
2964220
2725039
2626473
1357035
2444148
3030156
620789
2084319
1095854
3197548
2564395
1988963
4307278
2964221
3006997
1676233
1052899
2102287
4915913
1846275
1311613
1683307
3308755
1965348
787430
3514241
1827864
4011742
2149448
3191142
2171360
900957
2803332
3888921
1681634
3126758
2469346
3030766
2677343
3552451
4445221
2333525
4846148
1642169
4387937
2118445
1062394
2328751
2463764
3270058
1935389
2646355
3306465
4884682
1697722
2300083
1610022
1869935
2590221
2059822
2246465
435350
4884430
3945489
2274737
5041439
1826438
1733445
1532375
1892340
1782795
4349998
4850086
2025941
1503731
2596015
2800850
3561625
2459394
1414456
736214
1762728
1573320
2959945
1815491
3397860
4845231
3266252
2123560
1916880
2344572
699318
2609731
1818428
1053520
2603107
4751287
796721
1843589
2022718
1783814
2041972
2237470
1736333
2769886
1410548
457257
2689030
4719395
2149823
82962
1918978
2014470
1837326
3615775
2168425
2048528
422328
2772956
155914
1764213
2267564
3608828
4813225
3640197
3276536
2900102
2473353
4404049
1610994
335628
1217417
4638949
328472
1654883
2226722
1752315
1029562
3473743
4705821
2580525
1861763
1613232
4242542
851255
2514777
1173653
2227344
1614054
1649842
2410949
3126205
2211141
4675618
2202862
1264972
1973475
801158
2744197
4119955
3925362
1783725
2730615
2060302
2680634
1945175
1555610
1033154
2468865
1750460
1454845
329283
1726474
1974023
1805910
1844622
1993380
3851525
1649990
1743616
2102292
2778998
1076862
2596017
4643871
2988681
3060209
4731346
1623093
2245772
2442129
1610745
2328389
1657612
4201398
1451282
1255495
1378154
3389394
4856302
2444276
1295253
2776366
1618411
2116804
1135897
1809151
4134503
4899325
725718
2162117
3211514
4468295
1170480
2098548
978137
2201675
929999
1583228
2304142
2067141
912396
2427563
4715456
1609741
4374452
3238447
3601026
752980
1484989
1222063
4705256
2495251
3382215
2761640
1786106
2306594
1752313
1045304
1350552
1201618
2102289
1769144
4990957
2319171
4586455
4345352
2625911
1220839
3908671
3136589
1450027
4357157
2916949
3572698
1474947
4491213
4853702
2077126
3185984
1769267
2687676
2768998
1732802
3465365
1728259
4789895
1893461
3606457
3213464
638493
3523496
2958102
1608832
4853789
1572367
3501901
2060305
2969237
1991375
3577161
1621175
2748487
1405981
1826084
1627148
4419490
912134
2192267
1898518
4756866
4537193
2385731
430888
2953859
1491793
1797549
1704794
1573321
4689286
1403240
1557461
4836714
1047919
4779752
1602802
3658660
4466096
978213
1106776
2763401
812721
4795709
2670208
1059029
2638309
2442439
3385969
4543568
1770215
3517482
2129145
2479479
3744361
2103566
104229
1988911
1101611
3094706
3432407
4805706
2541735
1439240
1956123
3834009
2479386
1274017
494114
655686
2777472
879061
1224754
1840159
958093
2659911
637477
2041050
553131
602917
3707958
1839650
111680
1119398
1345343
1961233
3492582
2022203
728870
3804374
263614
3967023
2480928
2371355
3010348
1070639
2684855
1086057
2922912
2115037
4550419
2455483
721995
1104798
1112627
1073277
705091
3779038
176960
3118127
1527747
1498150
3338714
3077593
4758301
861164
3038997
722844
1929282
847313
828243
2069748
3078877
3194930
4311270
644971
1740092
3618901
3019409
1674896
3834008
1124268
1607736
2098897
1857519
2289943
1043661
1809107
3666992
1851366
2222887
2044368
1921232
2618934
4638742
1474944
4480795
1118005
758579
1363026
1631588
2245781
5054544
2551618
3978313
2731892
2070648
2184521
2562756
4733441
1517665
1989332
2125305
436825
3375087
1518701
1648937
3255549
2245773
3701274
2714039
3353007
1854139
2933746
4864952
735833
3377474
2860521
2826230
4184255
1060683
1946044
1675832
2223259
1866649
3847754
1820714
1800249
2354761
3841928
4772080
2660053
1350927
4721743
1707403
2151745
2245784
4342225
2410946
4517806
628755
1215683
1675833
2789992
3667014
1692395
4672863
4302998
2352180
2082725
2480904
2807851
2443188
2317735
2223057
2051592
1861487
2240223
4322847
488373
1562306
2346363
1770197
4555447
2675756
1620946
1717648
1797544
3998294
2538971
2167598
4823831
4224418
3014448
4531221
623699
3029278
918415
1759915
1675830
2325387
2904978
4291608
1829038
1694501
4446015
4059970
4156714
1763222
4415585
3626659
1979835
3697682
680689
2021776
2258084
3093274
3145600
4304541
2149809
1962758
4351426
1442759
3764149
4948430
552280
4617423
3933758
3544929
2423226
1809379
3670829
4989664
1527960
4728369
2287350
1642644
4915906
3410893
4566959
3298813
2004399
276451
1587275
3851983
3283681
4157042
2044367
3023414
2489378
4734795
4131123
2454006
3351262
2474570
872890
1296370
2889019
2961551
2738642
1257723
4683658
1789204
2287891
4712892
1988320
1869937
1846226
2282063
683970
3969634
2512395
2222861
2235465
1988816
2918513
1869324
1962723
4614041
4116266
3262862
2479006
2639644
4895740
877335
862088
4750823
1661491
1782090
1805075
2327792
2205311
2245373
2963216
894744
1921070
1831435
1899100
1165847
784971
2521259
3419039
4715391
1412281
1296305
1230854
1821081
1968445
3243916
1403948
1938974
1566064
2540064
2054965
2646589
2159022
3659920
2046445
3020314
2162115
1923476
774514
95382
2098783
4728612
2547566
2245768
3964630
4829740
3497288
2709331
4681625
4697334
1043089
4643441
3415914
591445
688942
3275681
2443187
2223144
2368899
1926331
1608414
2609052
1872563
4630822
1939636
4607972
3368235
2743383
888021
760488
3057801
2463922
1257580
1524104
1619562
3613647
4054201
2560066
5013749
1594426
4302971
2323911
3656605
2650738
3700995
1310798
1859153
1790866
4784320
2719302
4518871
1631457
1125665
4908434
918723
3286045
3659089
2084545
1886839
4715431
4841213
2802397
3668941
1414507
1696314
2915644
4383252
2580168
4715571
4134579
4608407
2599514
3007920
1787964
1554602
3040755
2238881
1770893
2351797
1269345
1784484
2015527
2072986
1843621
1917082
898576
889632
628343
3579611
3782929
3399990
2395897
2187883
4059151
1115199
1901537
1793625
2836353
4481162
4529255
3012582
2482032
1896547
2285799
1425809
2784409
3995168
3635433
3186966
1836302
1988750
2512991
2863658
3875861
1253351
4574873
2833636
2677460
3135149
1095855
4036813
857431
2223077
2799043
1115737
1941208
3536437
4698084
3638672
1777467
3983866
4054203
4641460
1297789
3100786
2927180
1675844
1459559
3221833
3764179
892399
3822205
3042887
2185824
1916878
4977600
3626128
4186244
2150737
3784692
2619459
4879432
2987588
2237465
4288226
1968283
2777735
3056420
1762937
2149815
2155805
2347706
4678354
2674297
1635388
2554611
2367340
2187211
2116237
1399651
3534594
3220698
1544408
1256672
5025529
3257737
1754329
4646087
4291753
4820703
2796831
4693135
4550418
1632692
4193382
2137969
1769121
3371802
2254470
2824646
2113851
5005206
1620144
2581428
3707952
2786058
796621
4310272
1820817
2945512
555965
4519110
2064221
3533716
2780924
2127199
4889905
3107578
4017839
4689249
2044362
3580944
1643106
1947213
2095311
2510015
713867
1846237
4143815
1843236
2168768
1759171
3605782
3640375
3818733
4201195
1219705
820481
2104881
4695614
3093269
4273475
1608726
2514776
2168419
3614514
2123199
1515526
1163521
3526953
4767183
4805756
1347486
1115844
2169301
2273031
4257707
1414400
1530620
1075797
4788933
300689
4790484
713442
991733
3989790
3879705
4664151
2853913
2199220
2753127
3240784
4544851
3767017
3257722
3305281
1619949
4644716
1921227
2495755
1402392
2913452
3034391
2753891
3950769
1263789
4315024
3034593
3008842
4058892
1902624
839947
2514739
1410549
1353828
999720
3834251
1172819
5041436
4536305
3737266
4754115
3934310
4172057
3168035
3814186
2553242
5043508
847592
2173528
3802617
4999303
2194972
990527
3564083
4059149
4225030
1903809
83975
3688439
683409
4735142
777074
4054015
3577374
2813660
1500645
2443190
4126173
4848820
611931
1074806
1181761
2710346
1730178
1199955
3024531
1518125
1358921
3020230
2791233
3484856
745360
914220
2326935
4463675
2937933
2664447
3976192
3810864
4475969
4845277
1994599
3597185
2715815
3878466
687530
2729836
4736984
131891
1218337
3217551
2339070
3729744
2016104
1870068
4623148
4834960
2008553
1773634
4296268
3387976
1150868
2994583
1083054
1459488
2346624
991014
3093275
2563946
3869560
3313127
4485821
4692990
3542856
4471539
3791647
960875
2495917
3101942
4610119
1289927
3625849
2516329
3582938
3941047
3443974
2739798
959272
2839813
3885119
1313029
2097124
2550203
4253102
1752368
2981274
4528224
4274637
1186901
1041481
4784164
2190904
3120084
2572132
4415583
4545631
4730816
3365585
2113754
841565
2004892
3712677
1563135
4415097
969686
4116304
1938210
3765522
4464302
2200557
3151808
2217489
1559974
1213856
4580248
1612465
3301849
975177
318340
2237579
4136188
3037642
3166325
4527530
4831332
2277236
3487528
3279860
2044338
1892253
4570561
4029683
2635006
3050529
3912663
539697
4124528
532093
741358
4029403
1551961
2527150
3446204
3267210
3912664
2282512
1033882
2367232
2869288
3373642
2290717
1802456
1636879
2381613
679131
922748
805855
1329592
4437058
433005
3352759
4033196
983609
1895604
2176280
3171859
5015234
2677188
467821
2657705
4163794
4706720
3707946
3142389
4342891
4047519
3833439
3862594
1839044
2743550
2610039
4708527
4431476
2579665
2331037
943403
1580333
3081546
2096055
3108587
2731312
591347
3650854
2897724
2507884
3499015
4522814
4804325
3652547
4284415
3907916
2775881
5001641
4848266
1918015
3760479
660247
2943265
2529372
4059156
3711420
902888
4606740
2084862
1838625
2971241
2082487
1909230
4126737
995563
3216882
4112173
2134538
3374691
3864489
724015
5003273
1586754
3451160
2158670
3337690
4569104
3846505
3497649
2567535
2774742
4020050
3614063
1700220
3331410
1780725
3755316
4789754
1360970
1492007
3285233
4322403
3319172
3927661
2989057
1529763
4053803
4180630
2388297
1840736
2436912
1782802
1013786
2582524
633993
1313635
3801064
3491545
2798374
1584604
2656829
4016073
1803114
2245771
924759
724832
2901666
1102397
3535897
3121079
935135
3978225
3724573
4867759
4571865
2496720
4884868
1558497
2321562
4090664
2327962
2165744
1843086
4303564
4227679
3259719
1833818
4983568
4528380
1163440
882916
3271290
4057615
2450838
2430086
3101174
1286241
1714637
4059155
4520249
4030294
4047799
924414
3977191
3980676
4166238
3025113
1538828
4804609
72419
4323073
4754841
3421429
2439848
4020049
3545864
4804326
3461154
4416187
1554632
1306448
465548
2668755
3358972
3355451
2332178
3155137
4694276
2779000
3591050
4227410
3730520
4754031
4867757
1492012
4683207
2635238
4822475
4802061
3460818
1451342
3582418
3322736
4048545
4610114
3415077
3411122
4252607
1629635
1796309
4796008
2254752
4787127
3097443
2726346
3117364
2475201
734434
4884240
2406120
663725
2417914
1341563
3653442
2535650
3688968
1331610
1385964
1762037
2658147
3592622
2131792
2607691
4768672
3240248
4394026
4610112
2630685
2677191
2132924
4044653
4180549
4027058
4648374
3383820
743463
2108648
4857362
1031991
3132824
3890723
2809623
3444967
2483555
1584957
2553777
3945419
4313921
2628834
3195227
4322559
4001494
1126915
3379344
2798826
2269544
1715917
3337289
848159
3784428
3591213
3377514
4848880
3046747
1813910
3022540
2376713
1791893
888621
3614314
3768437
1397854
511046
2710014
4303461
1481747
3217677
1623220
4782392
1545303
4383514
2895387
4116631
676575
2330574
1113246
1592916
Total scores: 2610
Average score: 247179.50
SSH: 0, SH: 5, SS: 23, S: 122, A: 1367, B: 682, C: 350, D: 61
