3854743
4111035
2228387
1990718
4651531
4383664
2100822
4177434
3811857
1860169
4298765
1064976
2708949
4735162
1582287
4187053
2294912
4270838
1714882
3548649
4053290
3914810
4742940
1241370
4190966
4897206
2627079
3647082
1866087
3310074
4557237
2556200
4746232
1997892
3946158
3881559
3468687
3545720
4061167
4019853
3361951
4112233
3684530
3773248
4395884
4070109
2981463
1681360
3383316
4641395
4318971
3666536
4892236
4109500
3804374
3648544
1959516
3130993
3295903
3691464
4843799
2111505
2079597
2707826
3624005
3034573
3415931
1911572
4684761
4085195
1744043
3866017
1256809
3855998
2126752
869222
4193498
1676639
2280910
3131107
4511021
4975644
3779342
839627
2752177
2798282
4122187
1754777
4641396
4835404
2573914
3849893
3884667
1529189
1537566
2715553
1811527
2843416
1248700
4828509
658127
2077119
1129193
3891761
3192005
2815315
2659368
3133842
908042
2755772
4181770
1655981
657917
3046849
2141888
4403746
3701306
3851850
4704022
1219094
888010
3064543
4258297
803828
4641389
4934522
4064320
1897262
2581610
1791963
2245529
2075704
3432407
4223559
2026805
1800937
4599213
1588369
3082637
2441605
1737899
4628575
3826352
1805022
2284524
3154777
1737169
3770736
1785329
3385966
3434277
2992943
1095152
4641390
1845874
4720774
4772971
4445617
4000950
3010178
767203
4674311
2154507
1641197
2632230
3665005
2419085
1725588
4774005
3632631
4232907
1942387
4551189
4323323
4302219
3623807
1755497
2196978
837694
3481299
4033854
3762927
4895825
4074165
1890080
1530772
4277541
1990449
1869933
1289927
2717460
2129143
4835258
4006497
2935781
4641263
3393903
2504951
3927561
2025393
2772466
1024483
687303
1804490
3700073
795627
3852943
2177434
1983303
1494828
2034429
3019026
4189739
1304276
3757508
819381
2423981
975588
761379
2466406
4479223
3386357
4020786
2197401
1128531
2116006
2521711
3675267
3066224
1319547
2255135
2075268
4775989
4337667
2587026
2350478
4510284
2616981
2083422
3927817
2185824
4247538
985141
1144999
2826730
1649108
703794
3920133
4277533
2193304
3982291
4816640
3249380
3000845
2940723
4228210
806017
905800
1557181
1783947
1875396
1937747
1721919
3796617
2593619
1893606
2993974
675734
2931366
796161
3284710
2256823
3776948
2330482
4859467
2627421
718679
5080973
4119821
1218337
1123155
2368758
2026988
894090
1123161
3566234
1244144
1621319
4276420
2315560
3988746
1796420
5014951
4374385
3018109
3009885
2201460
3340425
2201553
4763026
4479224
2173528
4687866
4893163
4137259
2460720
4999940
2833948
550235
2241492
3551549
1759814
2235779
3588131
2373899
3011628
4614397
785869
1836593
1770368
766560
1474795
2516616
1848919
3967920
1795805
2790477
3466914
3268033
2520220
4867578
2552046
2551887
3211514
1476606
765327
1279424
2496721
1718671
3264311
771858
1725346
2053468
3828141
2195342
1487821
1895604
1537817
3234029
1231520
2530762
2477069
2670759
3586535
3571123
2761379
2380604
2420819
2046653
2109843
111680
2671061
1257732
4634775
1084356
4834217
2587024
4236616
2833172
2200001
1700408
1596752
4765046
860022
4435685
3385230
1958945
4777999
2643868
4150578
1475620
1602267
2190891
880206
1222063
4882601
1455969
1495498
1744286
1112521
782067
2522864
4270382
2362339
1016701
4263552
1808605
974662
3071981
2673453
2690858
3257742
1706834
1204683
2055394
2789830
335628
785097
820737
2615748
2999335
1695991
799913
2660294
3975099
1982100
1200520
3301006
786018
3718236
1226282
3956011
2812676
3676707
957468
2742986
4705585
771496
3668045
1056140
4170444
1504551
713594
3372660
1682101
1984557
1849120
2047406
1949106
2176783
1419400
2382822
1659549
2316176
2408317
991733
3231039
696225
1100265
1208335
3770735
4761696
2959945
2988233
2044362
1281383
3298727
2692721
4637979
1001682
650660
2819332
977875
2828520
1419403
3345730
4984114
2902017
656385
4772684
1770893
2444149
3874534
4675950
3688672
1210405
1619555
2519706
2869288
1055818
2365752
894409
1026834
1702172
3637091
2069841
2229508
889228
1413113
4859785
2081844
1117799
1955042
1725347
1842043
978325
3328794
1178526
2932817
3664708
4647995
1029562
794750
1635233
1045757
3279599
1582674
2067098
2096800
736214
2161926
729702
1899764
4577927
1807737
819641
1937456
3945387
2663988
3986984
4221214
793845
2077120
4908212
1640362
2983479
1809113
509510
1397146
1937046
4859464
790415
736729
4836716
1229631
2459394
3217085
3532513
592367
3257738
3015347
3012798
811925
1768904
4577920
2394642
1266164
4134579
3499914
2900096
1384287
4708806
807074
74684
2274002
2634748
1726994
2765641
4834210
633137
1756897
1648057
1165105
869240
2562698
1601387
4577577
1780840
1257437
3214639
142772
3980686
3781014
3232558
668662
2628959
3695448
1649463
1650438
4906160
658561
3021515
1783968
1972186
1213586
2872154
4412717
1093605
4765584
4039339
1978372
3214886
1673021
1389135
2779000
2184833
2485565
3299257
1640908
1911308
2706393
4302217
2529989
2389623
2034983
3647151
4971612
4201398
4296199
1686476
2550172
1912693
2615210
2620910
809469
3620098
1820794
2788239
4175008
1809691
2468862
3294721
569113
1423986
1960329
1043170
1940170
2486025
861180
2844390
3493583
667021
2083431
1302627
2192267
2178424
4949252
2649704
3595825
2694184
661705
2737086
2512396
3868386
1350227
722934
1232706
1503470
2166045
871853
2615049
4642440
3048810
2492022
2035657
3903620
320180
3882087
805855
1294043
3572505
3308755
4663825
3008156
4769735
3877103
2657557
2237467
2586926
2225036
3852942
3543744
676172
1720423
2195762
4751014
2197040
1109552
1030374
2461089
1636104
2083425
1778086
882897
4722420
3675154
3890057
2606065
2023927
1939186
1591892
2480902
2559127
1906993
3299406
1813052
4412275
4881764
793846
1469240
1090928
4577921
2200000
2360153
931597
1115984
1205981
1946507
4232026
2127254
2377957
942561
2587891
2335100
1307401
4551952
2497273
949029
4053095
794670
1108149
4921939
3072869
487951
2203622
2431373
2067141
1091903
552068
847314
3386360
1951973
4570017
2143572
968216
2149447
1327000
2325060
2201876
1942388
1032126
2144133
3563444
4761697
4074533
3348667
2022718
1867520
1354114
4331875
1562893
759192
4839530
1601880
1289926
1063907
2468866
780914
2556428
1100405
2486881
687275
1912276
2903648
3169485
3463600
2094186
1752315
4544732
1653145
4751007
949508
1175602
1093352
1538568
2669266
4633101
4052295
4899362
3427063
2465901
876708
1502678
1303641
860793
1964460
710881
4771681
898597
3579281
1639177
4853009
1025588
1701098
970233
4353714
2647589
653816
4956711
2498021
808167
3932366
1971100
642687
4129360
1876558
958098
3069490
1150882
1053233
4947083
1403318
1090932
4343206
2823906
2281075
3356266
2036340
3353394
1632356
3956260
3698763
3620094
3863609
848781
2779129
2659369
1416124
4893480
1491209
2275674
2200172
2881612
4012165
2038587
770576
3978313
563946
621703
2068783
2152330
2612975
399055
2468864
4466556
2702113
989587
1161150
4868016
3199185
1858799
1738018
1611860
3686511
4479056
660357
2690223
963304
4926809
2323911
1513315
2627084
1049962
2867112
4578043
2190486
2394645
2995309
4133942
1354657
817929
1505415
1977528
2241585
2609903
4134504
1506561
1575952
4710077
91037
1412760
2061232
2011210
3620097
2363005
767774
3385967
4432591
817987
2140745
1715176
3229766
2480904
2468865
4903571
4653060
1088461
917129
896474
1004492
4581448
2118443
981872
949888
1799197
1934099
941020
870839
1983024
1303380
1087664
4820214
1710926
1268353
721995
970985
4459494
2622401
365446
622407
434870
2811014
3939649
2823535
1964152
949011
1236255
4295488
4768868
2059455
4789197
2556049
425779
1343292
1026729
4674314
4629162
5036420
2979824
595633
2336252
1820920
1018238
470315
3603372
2116001
1641194
4963623
4859784
770354
1710847
2431320
888383
2766688
974378
784411
912134
3654581
2088910
888015
1859185
714175
1642274
1641833
2861267
1695382
1413077
2123603
1967262
3759043
907479
408129
2210918
3087285
634101
637537
2335757
1097612
2932945
1919045
4511240
1694501
1046339
2059904
230523
2585252
4664530
2460727
827803
1975912
3178475
4381036
2198732
2083421
1956919
2461086
674128
4915096
885257
1872812
1165236
2625910
2684084
1099554
1881833
2055166
1391631
1648053
351752
2472144
4186720
4664147
3542514
1641195
1317186
4488317
1769144
1536656
2578936
2156842
869142
715014
798853
4712466
3919008
2538171
1051587
1724670
2593880
774965
4839948
549280
2026764
1532288
795988
4753946
1043346
898367
4807912
2742521
2474570
3055878
1988753
2331962
1073277
1885374
1916244
1489536
2567509
3058210
740692
1543888
677907
4241682
837946
1086057
2448550
1228616
2461085
746471
2757180
1657639
1258642
499343
2014636
3428216
4708147
848345
2794354
4057685
1531547
385544
2602087
2157973
2323881
2589790
430908
1620271
2530697
677886
4928045
1957429
2413216
952620
876685
1938987
1271012
4581452
2684033
533775
2464761
132946
2410947
2764669
1925014
2285920
589969
1807831
4686843
1397544
3767074
981641
3539132
1063410
1391928
4963268
3859309
1626537
2335876
2031676
860188
1351114
2802397
786980
2943272
444356
2014390
2004346
2805421
4508350
742975
2359368
3244451
949234
3853713
1797363
2617751
647685
1655692
3153603
3178850
3249382
2208203
1877637
3204987
1583228
2755722
1343792
4714136
912123
1485504
1583484
3114519
3299995
2943877
4139556
2037204
2017638
690778
1737489
3251036
3040107
2530755
921979
946082
2166410
3669201
698252
3623164
918041
2952284
2365928
998644
3646595
684163
2929739
742549
712278
2549677
657054
2803005
1596706
1716713
888305
2505623
3617289
1594266
1603621
1126510
4956323
1645523
1964153
1570142
3338239
1712377
638493
2527018
2098897
2369202
1271372
332571
2304139
2404837
2622976
1355964
891867
724474
1649062
1701564
1807736
2069969
2726493
4836719
2258084
1736327
3844651
3764516
4017169
559842
3736781
1735518
1166404
4261339
973278
3126205
4060723
1475981
910147
3488032
1968836
757823
161787
1287979
4859465
1283506
638551
1938323
708421
4790572
1538458
1736330
2703370
1069950
2067117
2631961
2502889
1954900
845391
1827323
1590637
1060568
3398271
1474491
956825
1952177
1214378
2067473
2455001
1828556
1225269
1632673
1782778
2596314
2664875
4294473
934841
3357329
2818059
1519137
3221890
743896
2557057
3507715
1741062
2619918
2896983
3423824
928937
1876009
2964222
2590322
635679
1863270
1843608
1490581
1898518
917080
4685264
3372710
2200004
1786111
4646483
3619070
658994
3008154
3873445
2301348
191805
4066097
4342216
662064
2036365
2287404
1934215
2249015
5019869
1805075
1236582
2323413
1119965
2044368
1105886
2954960
737117
2798787
290581
3798036
1985742
1577751
4676121
3530438
3653690
1810188
1988963
4956752
387070
3794274
2598547
1604315
2055202
2126265
1124630
1564294
2027911
3317368
3459103
3825328
4361850
2653571
1946909
3514033
4552003
1040115
2485437
3989082
820480
1459108
2150737
2826615
1539202
2436293
2330357
2211018
1019007
2455670
1181750
2134428
1657467
2139556
874048
2596015
3095021
3299371
1330566
116128
3994307
2802324
2384141
3069848
4715602
1797692
1358299
1983358
865344
1034482
1659421
2204234
1962198
1987383
822138
846019
792581
1716732
1511760
716348
2015472
1282960
796721
766891
854616
2184660
2484994
1221423
3911765
1068383
738679
3659920
2772367
1264972
1299082
1919344
1890494
2054334
4722415
3312088
2117573
1796418
851811
1546317
1907933
1635388
2587027
2073818
1512177
3197547
3678555
4658845
1648505
2606880
1622327
2601148
1505448
2710347
2150740
3036835
2307854
1972601
4965691
4447349
4775860
2997757
1241396
3985996
2826252
3355394
432839
1123160
4072615
2914811
2685873
3281757
4963394
1501684
849499
1740182
114446
2778999
3815421
1414400
2982835
1862741
1209189
3441958
1392158
2100225
1229702
3967918
1938325
863037
2349470
2518609
798617
1529839
3642423
1541243
697346
598885
2026140
1891389
4605116
1035104
4459877
1720964
1644339
918415
442170
1752311
1716714
2129145
3920033
1630671
1080886
3069278
1224936
175783
930249
2178087
1102688
1961283
1011398
2331417
806856
1027195
1553967
1804393
1860939
2017555
2963036
3963421
2581716
1303587
1568804
4956743
1396459
5028329
694296
1187492
3630575
1120405
2173072
4027219
296435
1530185
4320524
989299
139446
1848308
263614
977450
292645
1256930
1656971
959427
3888921
4858474
1125665
3685534
861164
97783
3606973
1492913
2506984
196839
1357035
1280343
788219
274276
3029050
3802260
2803332
1925405
2288382
2657109
1972842
680875
1101062
896843
1786749
3055877
2948845
2443815
1312305
740932
2959446
2585154
1701404
2822369
688942
1633753
4519375
773195
3249379
4824657
872275
4027217
4012167
152078
2512293
2162847
3563096
1026046
3564651
958847
2773218
1315139
2884952
2925556
814293
2469346
2642726
1191921
1018776
4487460
2488047
2604568
843155
1456484
1648606
4960645
3055652
2049342
4905646
715013
804714
1962756
712376
1041710
3847864
2505488
1724739
3118127
4596058
2640350
660244
3985576
1218637
4647765
698516
1205029
2506713
1761536
2465106
1086050
740946
899552
1522330
2183206
761231
2940540
1720903
4921970
2770840
1956122
1874791
1605108
4303798
2505624
939743
644971
4390824
1217097
729619
1863289
1498537
1797542
1943817
3647055
2562319
1860433
2512371
2727036
2557665
140665
1109593
973744
181199
1414527
2041871
3385965
1717459
4634932
2245783
1857516
2470527
2058351
2023961
1869222
335041
3545675
2750570
2006107
1217004
1899714
1078193
2012301
737025
4577919
3847754
778929
1244293
988793
2637355
1991805
2360152
4458052
2045906
726356
1078177
3062897
1804553
1938319
2922961
885357
1744385
595105
3136385
221948
2774812
1505416
1963713
4053834
435994
3192981
1624370
2150733
4173699
694350
733550
5000520
4489702
2771809
2960180
2486606
840686
2769029
720590
891206
1463237
4771100
4677007
2682465
1510004
341891
3422381
827488
4446168
1883937
1690359
2917301
2920787
2420983
4869193
3947003
1621084
709261
3155328
2096948
3794278
2589321
1868855
2037316
2861378
2781233
1704984
1287025
4646704
2702129
2343583
698218
943065
869197
3323488
3413478
3613686
2157548
2676109
2778149
1562113
646530
1995244
2856725
356968
2834042
2033741
1287736
3628459
3696815
4590200
1377033
976159
3906726
1262832
1959169
821548
2138236
1909552
794894
3981849
2415690
126859
754799
711305
1069973
3503279
2786148
2017886
1594713
4063074
1816330
1399400
4125819
1355778
3793291
2650707
714591
3679691
382930
712972
828806
1808741
1836165
4867580
713312
3965630
3779763
2565154
368261
3902497
1849505
2040764
3069847
1884781
1420353
821336
3873669
1401890
3056934
1368678
2238382
953586
3885633
810827
1932924
2276016
725718
3840712
2612976
2367231
2368575
2523311
3120225
2477065
2622409
1778560
2813833
1250198
1649528
2997234
1797628
659648
1958623
1797548
1170505
932432
386759
4123938
1331237
1711326
881416
4722416
709313
2120935
2089376
4708216
741400
1263323
1807176
2619743
2315558
414709
369938
1302372
2454429
1632945
2642485
3552907
1739893
783428
1690355
1770994
1746722
560864
3561625
1101063
2766745
789815
3390244
672492
3802261
3253226
1412805
1981285
1645802
2523114
3230247
1255288
4676606
2762060
1889138
3461204
186645
856430
3286057
1269801
1113037
4673258
1454948
3937149
229662
1154766
4633133
2564639
1027702
4364562
1984286
2923026
353182
2824039
500082
2847847
1464529
4419687
986042
2961702
1826135
1962374
697330
1852937
819282
903820
4489701
1808485
2469254
486619
3557637
1073275
1488073
1818788
750612
1221314
2637354
2663986
4881612
817200
1969946
1576397
1555717
1010375
468994
2742960
2060211
2844281
1025946
1970829
1188172
896898
1355664
1238045
2050026
2382179
1189486
978965
2231774
420080
3617556
1004915
2120587
773155
4681479
1816812
2011721
652234
4916014
2302615
125838
2603014
2617185
4980831
2242925
3030158
517562
1360583
1524241
2025942
1518683
3775563
1051486
2519731
1047470
1817228
856035
1330114
495538
942788
2279885
817174
1855427
1882337
689290
4748330
1199852
1696541
3736780
1653519
4743693
4565772
498989
3002764
2176404
1988907
1561706
2510455
4675979
2945175
4956647
522317
1872396
800930
1785865
1506823
1709647
2324224
1800871
1225157
1262582
4644186
1969122
1822108
2025941
2413195
2328042
2454085
3045279
2085643
181253
3184138
2848244
918422
1124179
2997773
1770695
1062394
1653270
1977443
1389880
2021506
884664
3900695
1313540
490113
1958595
2618935
3260820
1941498
2964220
3859246
2116003
4793475
983680
1271007
1881835
1113342
4462026
2053770
1621242
3879530
366140
345914
785982
1468817
1120184
1468581
1168783
2668756
1844417
533616
399756
1130130
1962182
1665716
978858
1675844
4160156
1418911
770971
2114276
2201675
1633221
585895
756448
672079
2050101
1095507
1108702
954703
499373
1392666
1680025
2131347
4722418
4420182
1983406
529080
1972327
268860
964586
1770197
949737
1766008
1289421
2542577
759056
1941499
2311948
209276
673275
757984
135177
1660682
2156420
1571863
2059893
2389357
4719255
2018409
1229493
98599
1685500
1804394
1639936
159326
2842861
711678
598313
1935389
4662015
1988751
1932720
2759787
1115737
1075088
2715448
1174262
2097898
728092
1573008
1722761
3500529
2039544
255342
2834390
946016
1414767
527708
1451019
1921070
2087332
1559778
4704021
2169510
1537198
4748174
1517653
4414740
692088
3936022
1981208
2657902
2193896
3361539
2616983
645783
2449759
3542674
2328396
1957843
1759323
2521210
1098377
2636468
1503914
1476582
774758
3297498
1581851
2596018
417298
386728
137121
687530
2486391
2239637
1290997
933228
2035761
1589280
1488698
1532202
3552967
3385969
2701875
1958594
1501410
816600
134443
935912
670892
941820
3616546
2217552
2988226
1349605
4066096
382887
1822965
1500846
1324910
1576449
2608381
2609733
3852478
799401
3334274
1396591
3990668
2025938
749274
1935596
1250833
654791
2780589
1851366
4881160
2568969
2964230
2313744
1094890
1951733
2944126
3805691
1456307
2496646
140937
3353024
1594728
1453131
1392667
1857648
2374786
1056207
2324154
3910613
2674403
4337895
1158325
655106
1373628
261705
593441
2263415
2008553
2239984
1627672
3189824
3940958
2487454
1532338
451384
580683
621975
718658
1428990
2261517
2962071
1519064
2232066
1631028
1867048
2150735
2245774
2995402
106033
4563732
2020258
1750572
2287402
1848250
1551135
2217566
1639114
2025459
902488
3383885
1007038
2603095
3074561
855456
3561624
2022204
786867
1851299
1898580
1109569
1306747
2591930
799400
1129844
1895602
2115117
312933
155235
2587222
1033154
770602
4440520
119238
708140
3701906
3928577
3668320
651245
767924
1659942
704161
1557405
1126445
2515388
2576939
824390
3964756
958669
2260847
1498150
650610
524774
772461
1988816
2596103
1653038
759638
2675332
4699258
1052899
4735747
1311888
1572868
1901537
2177557
306018
4159655
2995939
1621068
2447014
4777184
5109560
2297771
953394
1215683
1803859
2194547
1496486
1452811
2518845
2333933
2058788
2180369
2269172
4921731
2399144
2237470
2580222
2149558
2443183
1717463
2788211
1842579
2236177
3044297
2559209
83674
2495110
1849580
3920034
2123908
2044890
2628774
4985602
3418164
1270000
4628574
3218180
1129261
1643753
783861
1518818
952010
2474678
496121
4127005
4711048
1490190
1777060
1740157
2351892
4964157
951171
4403624
1911436
4709739
1130447
1650477
3705203
209576
1172150
2479455
1432041
1933561
241578
1359903
1188584
2049457
1895569
1822146
1921230
1962336
2060304
147327
2022724
1053520
1190710
130500
538581
1985735
3555216
2022201
1528368
2203122
2820454
3444922
874939
131564
1728103
1423969
1701400
797108
2778998
2344574
3058850
1200839
2099567
1815526
1819782
2014469
3008157
1633693
2016104
3913657
3104336
4715373
286472
794779
1059776
734452
353197
506890
4673630
1107674
1255789
1289001
774762
1270943
1289422
3242187
1828346
2012300
1086000
1399770
2542475
1120409
2922331
747240
768942
1965307
968220
1500044
1700102
4637586
1992747
2039519
2730824
2520049
3700573
4570016
2360394
2600169
4885547
3199271
2043184
1468473
2060305
1887504
4158631
1486594
2039119
2231320
180104
4001452
1735858
2033294
138333
1200737
648339
888016
904866
1605397
2910991
1600024
2458056
1554502
1650657
204007
3465034
4675988
1487213
3053326
1308411
797290
1863868
564037
744041
4228211
2258687
1682474
2099491
1009768
2223144
3390136
1944228
3320177
2893406
1403276
5058302
3030495
1571231
1691288
853734
2651508
2721388
1317542
749189
385548
2210623
3851983
4721973
1244429
1297325
1801973
2011561
709939
4123937
499344
1517511
1860938
2245772
2528358
2181922
1594730
2309955
2151745
2380060
930498
2423983
561339
855762
3058499
2004399
293573
3746239
4368366
1634897
3833070
1805979
1511130
1942218
2583504
4246927
2273991
2161977
4889331
2534559
1295717
1856287
1855440
1800431
1602415
956103
3030240
858259
2048477
2921706
1654061
666199
4713855
1243651
1005548
2321904
1135240
1893461
1890972
2874408
3793753
1489207
3485104
2509341
972691
2231267
1938201
487601
1583174
969668
2069999
2659911
1248136
2314082
930424
3292028
3627857
4827175
1744010
3591343
1451020
966177
2636405
3874871
2856411
1189706
2457076
1476218
2864233
1056128
2409643
1757846
1289398
1468951
2239445
3449740
1320129
1303586
1968445
895643
2916341
3822898
1764213
164278
1391282
1514216
3038997
700397
2039171
2107120
764441
1469442
2993526
1897577
1895321
2039543
895806
2410950
1828382
2640609
1583320
2060628
1134681
274365
3802263
823366
2952502
2409659
2450629
3550923
2132119
722844
2578838
2621848
1509693
2102292
763646
2259898
1639118
1043089
3552450
2688344
2044547
1727115
1104323
4731013
1468853
2047640
3282569
3914634
820619
2668823
838030
182856
2485259
2599939
3078695
2961652
1408170
821691
1468467
1863198
1915983
1853274
236572
1741501
764293
2730593
485284
821339
855536
3808645
1599882
3232595
2209202
2688268
4639894
3351879
776076
1740834
1319286
3652698
1193499
3262862
1893432
1425098
2881154
1127541
2645464
161902
2009295
1657698
962194
180888
3005388
2132555
3523496
927487
726336
1377957
2606069
2506707
93836
4339415
1252857
2849253
2962941
1180619
1730178
2078712
3786474
599877
830322
384818
1078157
2060306
2506085
1662480
2100141
1758289
3033219
240488
932162
2963179
2319171
1534523
991014
4403969
2894747
2295386
559059
1569768
4785069
2679770
4773810
3870266
2668905
1294935
2345714
4655887
4137488
1367861
3111877
959233
2390351
655682
3298726
3768514
3385971
1042088
2137969
2272898
2448542
2222861
3773624
2595876
992175
1943013
2058789
1122874
1329273
3299389
1264503
2410949
1022252
3078656
1808290
177162
992106
1889232
2564428
4018084
4273244
2466610
3781843
2354761
2757259
1816243
2128271
3532244
1568570
2100850
555797
3008709
1818843
223397
2271070
1528842
890190
3505029
1706996
890327
4395907
620789
2330808
1805910
252238
2077121
2456973
3674403
764082
3214586
2244060
2575572
3426490
2708952
3714678
3710704
4133381
2282512
2538500
2836353
2117268
2648218
3254369
915210
2496720
806325
2222880
2700934
3352435
4090177
2069833
1559974
3916356
1512891
3169154
974352
2235465
1815397
2469345
3963090
845378
3533716
1886839
1432943
1762731
3645144
1267643
2572132
3885789
1448672
2564395
Total scores: 2863
Average score: 283468.38
SSH: 0, SH: 7, SS: 54, S: 778, A: 1952, B: 70, C: 1, D: 1
