2301351
4591775
4985596
4640775
4859703
2731892
5007164
2331169
4992898
4975261
4876749
4543497
2495792
1199955
4841213
4761861
4376495
4543721
4569104
4989664
5009463
5058000
4988335
4536514
1002940
5013749
4772080
1845585
4639931
2352279
4244680
5050894
1274017
4896646
3173880
2780924
4851922
3708195
4733441
4197563
5018552
3834251
4287878
4176938
4204889
4978004
4874327
4113363
4771467
4872744
4468592
4657226
4276045
4189842
4545631
4411233
1833818
4839039
1414282
4126737
4792013
4921872
828242
4968530
1569904
4880497
5054544
5058002
4728612
4689249
2691242
2325387
4331627
4952940
4754841
5016093
5005640
3397860
2134538
3104339
2266572
4895740
1616369
4999303
4134856
4157223
4915910
2599450
4786970
4045152
4470043
2725403
4319071
3707958
3122902
1021579
2682641
4842367
2791233
4363358
4415744
4672863
4541862
4820703
3195618
3349882
5100570
2327962
1760666
4617328
4975976
2205311
3238447
2343932
2495251
4555447
3419039
4416187
3879889
2556199
3365526
3814186
3982549
3265469
2382377
1041481
2389303
3926086
4721743
4414277
3874411
1786929
2743756
2172086
4756087
4085207
960875
4537193
4915913
3950021
1462224
915210
1838426
4189841
3927904
2403677
4880571
2351797
1306992
2574259
4936186
3626659
4493700
4864952
2843965
1297789
1459488
4198445
2610193
4225030
4370317
3492582
1923214
1630164
4634744
4786514
2560066
2994583
3121730
1816243
4440053
4614041
4039494
2874408
2168419
2689931
2553242
4697800
2399766
326864
2528860
4860510
4529255
1849580
4715456
2510998
1075797
4694870
1828346
4733327
2958102
2179629
3040104
4054015
3595734
4140323
2675756
4404049
4532648
4708805
3462322
4054203
2450838
4415495
1496766
4147579
1816073
4715571
4672306
1820714
4804608
1261879
1700220
4236385
2497064
1995061
3338714
4092693
4915922
4059970
4570949
5047713
3194930
5057511
5066679
1111047
4440049
3010986
3484856
623699
2671379
2240526
2885708
3168035
3701274
4834960
2226722
3644156
3136153
4810017
2775397
4715391
988726
2365752
1783034
4560811
2318117
1979409
4884240
1313029
2933746
1410549
2786058
4976816
1860287
2615090
4580248
1350927
1865075
4607880
2898419
3093271
2024506
3038997
2176404
2079597
4537613
1655981
4272569
3579281
2684033
929999
4246671
4531221
3997710
4257707
1909555
4809269
4449473
4438736
4134502
4134503
2264767
3284709
1711307
3361023
1129951
4570808
2843304
3012582
1846275
2189162
1233778
4520249
2078195
861415
4199237
2625911
2201145
927754
4291753
1347794
2677494
889632
1148905
2173926
3461154
2715370
3040755
3722078
1366917
2295882
4345352
3509524
4756866
2264529
1289675
3745820
4578809
2069841
2319171
4705821
3107578
2458202
1860169
3992816
3773772
4790484
2084319
4719395
2272898
1288341
2078916
848159
4480795
2573914
4829740
2484994
5014841
5015496
4998680
2064453
1010596
3022987
2141888
1872396
4794413
831241
4227410
4037908
4685718
1860433
2410948
4017839
4276799
1677545
3257742
1836680
2543244
1808605
2423209
4852491
1062394
1919312
4131201
3470686
1296305
4638742
1920872
3707952
2674418
3688094
2469345
2550203
1754777
2069999
2014389
2598347
855762
4086426
4608291
2505956
2603845
1582287
4608407
1861487
1527747
2117268
1871950
3810864
1163521
2361328
2610170
1690353
2462350
2008748
1842675
3729744
2615210
2061247
2470194
4908434
2486881
4111778
1895605
3668020
4967836
1817548
1892257
4315024
4867605
1626537
1544643
1805627
1737326
1910465
1810154
3127889
2284893
2632230
2033294
2303916
4339899
2323911
3071981
1842700
2240223
3970329
2164997
4822659
3221529
2444148
3822205
1063000
1956730
2211018
1385398
3802844
2263415
762207
2097898
2058788
2129143
1241370
2781369
4093216
790048
1885816
851255
2428358
4864950
1955867
1075001
1054416
899732
2185824
4754842
1822108
1843481
4342225
1809151
2058087
4462023
869222
4750823
887059
1895603
3542643
4638949
4934542
3306465
4135160
1360822
3586535
2201460
3967023
725718
1690355
2330438
3039613
2796473
4796915
4985836
2404778
1115737
1985735
3379344
2360394
4785245
3585965
2164274
4618179
2469200
1353828
2312539
3773119
1018776
4311270
611931
2034057
2784275
745360
1701404
658127
1682101
4808011
1076862
3422306
995563
2410945
1695382
5091148
2631078
4124528
1002874
2084862
2492632
933875
1402392
1312375
1451282
1466360
1895604
2077121
2639644
2298847
2338619
2860521
2269544
2173528
4818400
1935845
1962676
3353491
1679667
1918978
1869933
1977528
2070594
1736571
1895607
4915909
2840740
1419243
2411125
2964230
2041050
1108758
4502914
2620911
2545437
2269609
4294493
1631588
1875396
2034983
4796738
4936954
5012169
3030240
4017905
4288114
2995944
1279361
1489207
2034654
1583228
2627968
2887070
4848880
1802456
4708029
1158474
3614514
3607697
3509293
4528380
1911572
2336704
4894931
994495
1829131
3093274
3626128
4987241
4557010
4298815
2559126
660247
4294727
2530755
1969946
4678354
4595471
1818641
3577374
1826438
887621
4081428
3130522
1911308
2237466
1714882
1157868
2236622
1123935
3301849
1649528
1849273
1642274
2022718
3582938
816600
1843653
2474728
2068681
2004799
1210660
2035291
1614477
2998945
2146365
1571309
1302583
3902488
2485438
898597
1941064
3360782
2399767
2802630
2518847
1003013
2245774
3789556
2805014
2217489
1820921
1033002
977647
3227490
4876676
3149030
2659368
4694276
2587226
4779752
2231831
2914646
2628955
4371195
2796126
1302554
2238881
4435685
4313921
1983406
1769144
2628166
1768904
1227415
820483
901854
1744843
1575173
3407302
1944926
3707946
958038
2545604
1895606
2660646
1862228
3605667
3110728
3976192
896753
1763013
2245772
3710758
2022204
2590221
2189687
4853789
970331
1024480
2384875
4812644
4059156
1494828
2118444
1631457
3462002
2485595
2324863
2183659
1270000
1829925
1895602
2562794
1995244
3526068
1857519
3542856
4304541
3881333
4789754
2006936
1955170
1701996
2237465
2583616
2218881
3488032
3637960
4425879
783860
5041434
3638672
2705665
1809379
3703218
795096
1849433
1992711
4728369
1028733
959233
2159408
4284415
3389394
4564532
1221244
2521259
4054201
4243835
2681037
1724319
2326754
1414762
1827558
4142643
1436329
3135149
2267564
1709022
823710
2445438
1013839
4708233
2443190
3022540
1570203
2176280
2394336
2103968
487222
3825430
1230854
2112908
4393489
1654579
5041437
3221833
2050536
4499311
2025942
1768802
1619555
4226575
1274573
1354657
2976489
2205657
3569906
2149819
4864951
3758766
2231706
3160882
3104522
2988681
1029562
1627148
820619
4818584
2874944
3862594
1649842
2279617
2867068
1663107
4044892
2382743
937709
2395941
1454845
2193895
5041436
1611276
4871942
1353480
2044362
1893432
2609731
881313
2014469
2234808
3543942
1952177
900957
3844552
2225036
3246922
2060873
2154507
1281115
2338610
4001454
1776723
2740274
2138577
1097891
1694935
1192902
2579665
4214499
4845178
2741910
4186244
2133576
2328679
2789938
3030766
2798374
972691
4533725
2332679
4718412
4284414
1609602
4074809
3283445
2245777
2102287
4683658
2151912
1086267
1729177
4884908
269294
2596789
1660602
4391866
1610745
1770626
2166311
2174412
3707948
1250652
4780611
1289927
4664587
1055147
4047519
2411604
1170505
2116146
4876518
2328680
2189653
1672165
4985833
1599393
2937933
1593927
3908671
831443
4236525
3227919
4322403
4964042
2082725
3441030
2125715
3880919
3946759
2235254
870707
300689
3194798
1092582
1030374
2256759
2336764
1787964
989228
3728856
833605
3977703
69129
1941208
2060305
2187303
930307
769590
1565265
1828342
883670
2926208
2061192
4609930
2388562
1075011
3431450
2726492
4104249
3665005
4397824
3363297
1763062
1141858
3966639
3073983
1977951
1252711
1509693
4944678
2527867
4330943
910147
3534671
1297787
1181761
1388399
1893461
4570561
2232788
680689
1226524
2739798
4581199
2678891
4610113
4250250
1925409
4131132
1294709
2245860
1607736
1938987
2534559
2570115
789752
4355276
2678437
1044610
1158040
4374452
4291608
3874133
3579611
2128030
1759171
2184521
4296268
1475722
1846270
1302567
4610121
3229006
4630904
1932597
2190904
3365585
1967557
4929040
3299402
2586420
649184
3291458
541990
4238673
1813918
2351094
1533884
2151203
1252078
3792658
2932019
4893839
1838625
3322065
2226504
4473881
4200460
986837
4302249
3765522
2225299
2753990
2132924
4439757
4312255
2141415
2914708
3608737
1643106
1366190
4822133
902259
3037642
2482032
1172819
1857003
2396159
3995168
4534810
756423
714001
4598620
2067859
2462439
2803459
2083676
2705258
3256660
4047799
1125665
4389301
1342154
2021776
4457409
2564428
3460818
1665638
5115471
1011144
4768672
4862625
1142884
1329774
4238983
3351262
990527
1211828
2960557
4327708
1409923
1233607
1872989
2013012
4813225
2103267
4003754
306018
3201834
3275914
4659247
1134237
2986935
2495051
3333255
3441025
2902384
827803
1889232
4528224
821070
1490015
4784320
2928330
1963977
1964153
4536348
777074
4804609
2615748
872110
2042325
890190
2256387
1831051
1059029
1974026
2046351
3885119
663725
1429457
3588981
1166087
2861267
2660294
3601680
3876086
3572698
3156257
3499015
967546
1766943
2198640
1220839
3286045
2993974
2332462
3854204
2336310
3752975
1515526
2454006
881123
2133726
3120531
1026787
2113754
4819564
4285230
898106
2945512
4302884
220330
3934310
2068146
4220324
794899
2365714
2753891
555797
3020246
1360895
2282368
736215
4959518
3849847
422328
3019409
4834157
3802617
1343293
1579923
4059149
4303783
624133
3349095
3912664
4818953
943399
1385397
679131
914220
1380717
4228692
2736518
2706308
4767183
2014201
933827
2448565
2741954
2042429
2722432
3311489
3283681
1159687
3085953
1547747
3696318
4610118
2249059
131891
3369471
3290808
4322847
2075545
4321070
3968196
2165744
3460680
3018109
5015154
3879769
2692144
1609620
2963216
2775881
1947687
4610204
4398723
3724573
4527232
2298473
3152325
1514256
2850658
4428619
2045979
4235907
4255801
715637
4309247
2751787
2132775
3625849
4978005
3411122
3370358
4778695
2479479
4561901
924759
2049467
3772513
4571865
4675850
1169773
1401254
1187302
513672
3313094
1219705
3616054
2345714
2296588
4059155
1939586
2717891
3363659
1385964
3547780
4142035
1605533
4764929
1108593
2881593
683970
2400580
2630685
1125406
2856069
3450779
1909554
2857645
3591499
1706210
1351585
1344602
3093269
3633292
1519160
655679
4632757
3727508
1397854
4821685
1126915
4737409
2680455
1702971
879062
4927184
2719144
3385419
3628152
1077675
4765967
1902818
4812839
3229021
3801064
3145415
1737899
1140187
1345676
3019994
1579673
1816113
4605491
728870
1161457
4054471
2670208
683409
2812672
1332018
4173301
4252607
1370029
3266252
862088
2200806
4693135
2719334
3337690
3497649
1788628
2677191
4599668
4804606
4022867
3097443
5018216
4442826
2332088
4655948
201523
40017
4896515
3287656
4274637
2256378
1709121
3893054
4708432
3926567
2048026
3264450
635865
3457382
1796309
1150868
3220153
4287016
4822475
35015
3632723
4402860
2059822
3041193
5015234
1429739
4074461
1704794
4804746
3341496
1656727
4075825
1681634
1629635
1115844
1095854
4067563
4682959
3613647
2966681
4393816
4791561
2109120
2457197
4630822
2750832
1641008
4243833
2710628
483164
2046445
2512990
917062
3885402
4855526
2853913
4553375
2966682
2134458
3466822
4468621
4255312
4393670
2514739
2660053
2300083
3643658
1592916
4295765
2633231
4690175
3438148
1451703
1358921
2677188
4831429
4470922
4059151
2870806
3564083
4953658
4167879
2035753
Total scores: 1387
Average score: 276374.41
SSH: 1, SH: 217, SS: 1, S: 22, A: 799, B: 295, C: 50, D: 2
