4897206
1990718
1860169
4742940
3548649
4886597
4298765
3946158
3854743
4850086
4835404
4177434
4443814
1241370
3648544
4187053
1582287
3881559
3070066
4641395
4975644
3058489
1754777
1064976
2573914
4746232
4641389
1808605
3773248
4270838
4529872
3666536
3142746
3647082
2708949
4698947
2444276
2079597
4704022
1919312
2419085
2520220
3586535
1256809
2486881
1255288
1770368
2126752
4565459
2684033
2100822
3884667
4061167
1129193
2843416
1682101
4838606
3361951
4957697
4383664
4064320
4862040
4109500
2256823
4466096
3131107
3695440
2187211
3626128
658127
4924798
2058788
4862037
4748878
2633231
2657557
3892050
4349998
1822108
1044728
1028733
3552839
4111695
2141309
4905444
888010
1158325
2546607
1737899
1199955
2129143
3551549
4214779
2593620
2659368
2675575
4947312
3468687
3093271
4551189
2689931
2204234
902259
2663986
2520049
4193498
869222
3684556
2673453
4111035
4246671
2631078
4544851
1889232
3849893
894090
4844447
4573218
2245529
2556199
1768904
4640775
2389623
774965
3173880
1911572
4755428
2993974
2330357
2788624
2660294
3130993
2192267
4894158
4859703
683970
1097891
2034983
4921971
4512893
1001682
2496720
1596706
4684761
4934557
4193382
2330482
2460779
1946507
2995944
3885119
1095152
1990449
4791385
1746902
4929271
2632230
4020786
4852493
4000950
958098
1746492
1943046
4791387
3042164
1588369
1769144
2843965
4273030
2496721
1867520
2872154
1083470
2596015
652234
2981463
1911308
4455136
2593619
2026805
1494828
2791233
2797918
1895604
2828362
4127421
1695382
4599213
2798282
2164997
1725588
905800
957468
4934001
2423981
3968196
4689249
2502692
2396057
4944707
4317467
4137259
690982
3484856
2650738
4810225
1125784
1836593
714001
1861487
3970329
4985768
4337667
1942387
4832603
3355394
4641263
2097562
2331169
1432943
3045279
2964438
1170505
4846148
4678354
1845585
4572837
1649525
3244451
2750570
3145415
1811527
987724
1709022
4628575
3752975
3874133
2315558
3206402
1845874
4900284
3078415
2078195
909494
4983568
1274573
4819750
3956011
3927817
3320987
4643441
1010596
675734
4705585
4904540
2861267
2133576
2014389
3716950
1634933
1969946
3963421
2014390
4276045
2983479
943415
1907933
3018109
4751287
881123
4276420
676172
2365752
2536179
4684351
2173528
1619555
804164
3708195
4833931
4610839
2335100
4724034
3257742
2022718
4729371
4832133
3645570
1343792
828242
1474795
4838199
4609930
1736329
4735162
1997892
4131123
2306594
3623807
3301339
4774005
1660602
4921686
2519704
4881965
2128030
924337
4905829
3624213
3980889
4033854
1895602
3301006
2069999
1554502
4895740
1204537
5083829
3121730
661705
3963090
4821023
1474956
4630407
4119821
3566234
1979344
4834702
3675267
1046339
2060305
4675950
2266572
4403746
4914436
1031991
4664966
4019149
4881614
4850780
2069841
4852495
4337666
1476606
4343206
3242187
2468866
3853597
3983866
1654579
3385966
2615748
884664
1816320
3325848
2826730
3623693
2044362
1621319
4543568
4803734
3632631
793845
4393066
722844
1603635
3665005
602917
2659911
4917244
4758850
2493793
2502889
364532
3928577
1126915
2014469
187791
1595191
2766688
111680
4839949
4143861
2994583
1306493
1695654
1736333
2575008
1489207
991670
1822501
809469
1270000
4200460
1244293
4860511
1289927
803828
2444148
1701404
3055878
4804326
898367
550235
1141858
4176938
335628
4794241
4591775
2123199
2982835
1686476
3852943
1172819
3746239
3798378
4013493
2149819
3623520
4692986
2326754
2901666
1045757
4563165
3919008
4467199
2665294
620789
3768514
3844651
721995
4450755
4767183
2609731
2887070
4849082
1115737
4866452
2105741
1242427
2111505
4019853
1353480
4313217
4543572
2530755
3983342
1909553
4139122
4468592
4874839
4105820
1064909
2274013
3011628
4921665
4099971
3260996
3238305
2902017
2168419
1918978
930249
4793476
4934542
668662
1843653
2282512
3371379
2935781
2874408
2660646
2801009
745360
1849580
2246465
4681473
1627148
1874165
3700073
3257738
2860521
2609733
4836714
3718236
777074
4857362
2083439
172662
878369
3256660
2316176
2670759
4919168
1071242
4841183
839947
2496646
2204117
4182561
803418
2249059
2496318
1872812
2444149
4793647
2477065
2049247
2964221
2134027
4101443
1827323
801557
3645144
4867605
2304259
1621068
1940170
806325
4704307
827803
3644151
735272
1995244
1782802
1872396
2083422
1282960
2958102
2914646
1160996
4898278
3071981
4881960
853625
3772513
2589321
1968283
929905
4655948
3762927
3465034
2964222
462678
4905646
2610039
1228616
1029562
2692144
4881796
1989203
4352514
3215934
622407
1586059
3747453
1938324
3279178
1041727
4722420
2608130
1804553
3238171
116128
2448542
3082601
2586018
3649088
2025942
2502643
1171069
1770623
1758428
4112173
3007920
2109961
2640144
5041434
2281543
2328680
3320563
3327824
4842099
3232952
2837544
4638742
4617328
972691
4527530
3619070
1351114
1358299
4930818
2352279
3104522
3623164
1969005
2124108
1125406
4425879
4681476
4272569
1345676
4429012
2061192
2547084
2833172
4939632
3954641
1985735
4948022
1251181
3533716
653816
3468147
3968518
2328679
2709349
2457197
4941465
1983024
3628459
2659369
2097426
1642274
4124405
901854
4662127
4155614
589969
1026729
1653519
2958956
1002858
2464761
4569104
4392936
3869617
2564395
4605491
3873445
4549357
1053232
4817853
807074
858241
1027542
1537566
126645
1711326
1205876
4060642
1965348
1644535
1566024
555797
2048477
2518845
2222880
1344602
1501472
4204889
2572105
2677019
3852942
2413242
707187
3547162
3045021
3669201
4794413
4334857
2741910
1391631
2964434
3360013
4950776
3884886
3601629
1645672
1600283
3707958
2066867
4939636
2532278
2077121
4181770
776951
3025365
2045979
4225733
4921970
1713939
3623106
1816243
2083425
894744
4252607
1485947
1529189
3531189
3210497
1032126
2530810
2039845
3910146
4940345
1816113
970331
1402392
2280910
2554611
1949106
1955170
4376042
1925194
2779000
1738018
4857997
4614397
3873669
1860435
3111877
1692260
2988681
2964230
3385967
3884914
157861
2239445
3608737
3006997
786018
2173002
682053
3814944
3605633
3385965
821785
1858799
1029307
1760666
4898213
1829131
3846505
2249387
1569904
1892257
767774
3627858
655794
4888994
2596018
4549701
1157868
1635388
1839044
839711
3096069
4127115
1142884
2996123
4866476
4133726
644971
1886839
1653038
1082260
1030374
1992711
898597
2774812
4629404
433005
2108217
4106914
4555447
2209202
2201145
1514799
2743756
2097898
2836353
4124528
845378
3121079
1704794
954692
1218337
2962206
4916484
3385971
4462026
4156840
2803332
4839948
2569254
3026473
3789556
129891
3389761
2176280
4435254
4103881
657054
2731892
896474
1309931
3186966
822651
3862594
4476311
4704234
4979948
3093269
1229493
2535650
133938
2169346
3963430
1706210
786867
734339
635679
4768112
3399989
2725050
1899764
3802617
3042887
1408381
4785245
1710847
2170029
164020
2252249
3114956
767203
1500990
2447121
1400414
4802426
3668045
816327
3853713
1826438
2075222
2226722
3708373
1646193
2023927
1289926
1508874
3010986
1649842
1632673
1306992
4931085
2227344
2589997
1608832
1475620
393845
1003565
3992307
3989082
1079133
4051851
2791432
1799197
397299
1972802
1373482
1377957
1643270
4215263
1913699
1774124
1972186
4834695
4948424
2360394
679779
2026764
3659456
2142744
4360374
1897577
1483372
4684394
4803733
1515526
861164
116006
2750832
2139064
2269342
4861513
2357806
2298847
1655981
3097443
4499311
898575
3817010
2599450
2780924
1744717
2518847
3563579
789765
2583616
1783947
4708805
744222
1502678
847314
4198445
848345
2815870
3887133
3287758
2225073
1474946
3895496
2581610
4933158
4165727
1909555
2269544
1527747
1981142
3933767
2132924
1093703
3972485
3081825
2166311
2454006
4853246
1574314
3831190
1518125
1981053
4467958
717133
1398110
4828570
512000
1509590
2471434
4796020
2581647
4796983
2624331
2462350
4376638
4631723
3238282
1589931
916958
3150892
1849273
4912905
4944678
3520227
3382077
3637200
473218
4804325
2079134
4880186
1786111
3313094
638493
933875
2667421
4683658
917129
3710704
2082447
4313254
4056098
2075268
2245766
784369
1941208
2046445
1258579
3052611
718156
154853
3641927
878379
1777468
1125642
4502914
4717166
1672165
1969122
2245783
4929040
4376495
1704984
2599514
3991310
2834725
2004799
2497064
2861378
2118444
2514739
3837137
4757408
1706834
4646545
1813918
2838537
3683292
2565986
4812528
4754115
1653145
4340591
4777956
2719462
572051
3131969
4556372
858389
4095763
1897567
3647690
1047758
3645578
1093078
1385397
3563096
4543209
2437233
2654506
2874944
1967262
1997307
2069969
4080287
3924754
3267820
2924443
898576
736214
2367231
2177340
1956730
2829376
2596017
2467744
1243846
923762
1150868
1590373
1503731
3593409
1895605
3306465
2653571
1476592
4662519
580941
1301498
452508
725718
746738
2637354
2458223
753445
4772080
845391
918415
2149821
4337668
4585194
4599327
1659421
3456481
1955955
1487797
4859889
784791
717345
2604568
1948378
520475
2328751
2495792
1630904
1909493
4976301
818022
2164274
744673
2609730
2270137
1899100
778603
2283641
3920486
1108754
2713369
2368758
2113754
1640908
3903395
2897724
2347052
209276
1851537
684163
2628834
2388297
733943
4473614
1768264
3239746
3069848
2638888
3728070
4557895
764082
3727508
4777184
778929
1181761
4680797
2067117
4669413
1934828
1546425
1570203
3612055
3856534
2068783
614323
3884934
2778998
3241746
4001452
4827015
4881932
3704352
2319642
4411233
4934525
4195596
879617
699318
4939631
3226670
1018019
3636358
1860939
1843621
1843607
2574259
2970030
3757508
2863658
3692924
131564
4652324
1537198
2145832
1398002
4708806
1093661
2992705
2755127
1612453
4041185
2778999
111439
4820703
1846321
915210
1594426
4636369
2445664
2185879
869197
3926567
2118443
909244
4855807
1872563
4856302
3572698
2245772
3058210
1637465
4556747
1617731
2099567
2627957
106965
3369861
2519706
2654458
269963
2667802
1949535
3906726
929627
2240526
1962198
2869288
2331417
3217551
3409307
4961699
2660053
3853594
4929463
2773184
1770619
1495498
801158
1893461
1650477
4935286
1193339
412288
764292
854616
658387
791274
1341646
2453247
714175
119238
3116534
2304622
2761640
2025941
1984297
1385398
3155842
161787
2880786
2657705
3714679
4243834
4872864
801303
1892411
458221
860870
4573965
3933758
2916562
2044368
1396915
69405
929613
3440631
3545215
1639118
131891
4761012
1457148
5017830
4415584
2575947
2544136
2196278
3473656
2211018
2267564
300689
1406011
2129145
2050026
3085497
1914037
3569579
983102
792989
2641556
106033
978965
2850905
1607736
114635
3610012
3938939
1634119
657509
1818428
3933105
2169301
4322847
4828490
2719326
1420669
1951721
4860509
1080393
991733
3899964
1649990
4470043
3851983
116739
2222070
4647432
4872691
83674
1083052
1783034
3862969
3059929
2020320
3149030
713935
2049467
137123
1474947
4054015
1893431
4049612
2060302
855536
2016104
4521745
1938365
1970829
4042579
1419243
2014470
31819
731320
3697747
1278814
3158833
3057801
3178933
2304990
2443190
3826675
1383825
1776723
1925409
240488
2245774
1013839
4504367
1705675
104229
1188172
2184521
2165271
996357
3642620
1762724
2478053
4309247
4610118
1609741
3921750
1662552
1296370
3967160
172608
1805627
4706057
3793450
4657226
3714678
3857867
2520046
2549514
2677189
1314987
2585183
2450838
4402860
2562756
2135493
2311464
2759787
2449792
2067141
2530752
660248
2455484
2254470
1018869
487384
4020049
3366758
2606065
3128003
2567535
2036365
252238
2570530
3798372
3340195
2055202
1612454
3279860
4541862
2248172
2369202
4763026
1429457
2327247
2945149
1169773
3351262
728870
2898085
378126
47152
3645482
2040764
4982561
2540399
1440018
4098146
497556
3748247
3385969
3963274
1787964
1135897
917176
3069847
3644487
2684855
4746348
2090844
1726994
1400686
2333302
3606457
660240
2442439
2621468
1501684
1370268
2168434
1161457
3184241
547566
1902818
4851922
552068
979547
895822
3685511
1304791
2793070
2601642
918723
1509639
4249650
2272898
3651245
1566064
1727980
1714637
1033154
2265685
3884903
239265
4148372
2964220
4435685
2739798
1346543
1711830
3350992
2772367
2321980
4944686
1250198
3870286
787430
3885402
1245003
4583712
1286241
1180037
3496916
3119369
1915983
1385396
3725129
959233
1656727
3030240
713867
2229349
4900540
2139060
2628955
705200
1186443
4529671
2263159
1869933
5022027
2231267
2902384
2562794
2368575
1642169
2222861
1420671
3697682
2071921
476544
3571123
3488611
1321846
1820817
1690353
3411122
1968445
172618
3644656
4045152
765740
2623831
4294727
5058002
3729849
2597330
1836239
2044485
657917
3055877
1697722
890190
1201636
1018776
172611
4692989
4015407
3860779
4205425
3874766
3559277
4140868
753671
2911827
1065863
3221833
2295882
1962182
3967922
1304276
130754
660249
2693244
3663708
4275701
3674291
4630405
2779001
1749322
3652698
4377067
4329889
2677191
4298815
914570
1770197
1702903
1829925
3888920
1927541
2912681
2518844
1586061
1909552
871154
1764213
929999
724015
1831435
2580222
621703
3312446
2058786
3615659
118380
3642423
3470687
1801873
4074058
738980
1964152
3852941
1702172
3572269
1119026
2330438
3561625
4001454
258977
2245773
2559287
3902487
1052899
1353936
4570561
3822683
3394644
4874327
2223303
172616
908059
4867167
2523668
2100940
4018711
709258
1661477
1263893
614215
2154807
1017602
4050057
4135160
1273685
3502921
2929300
2384085
394069
3968194
1593061
228919
1083458
1957429
1645698
794779
2606880
680689
2244060
3874871
2775397
3826676
2485487
1320129
962979
2067454
3937149
3760479
2333525
1927666
3169487
1071754
3860691
1746854
3073983
1451282
2049246
3500223
964622
3855795
308009
979208
1787848
1158227
3965630
764310
4689736
738063
1400687
2732387
1318245
2991730
2682467
2477069
2129147
3442761
4236749
3963364
856743
4347692
3397214
1162425
2590221
4835650
2651490
592113
1936122
3011629
3890149
4713808
3322168
3273140
3745820
3815421
1932923
4333021
1657612
4872765
941270
4897819
660244
2762018
3667416
1915096
2459394
1899511
3333745
2591748
3755042
1932649
839569
2516616
3270303
1648055
4852491
4463370
3645796
2233275
2414472
2442176
401513
3841159
783249
4981161
3315351
4622078
445437
4793648
2696829
3249380
1946044
3109881
3969637
4189841
4690966
4716427
2546190
1849505
3169485
2105996
2049248
2979785
2659870
3941047
3034396
4737095
1612465
26436
3515039
4353816
2044364
736213
870707
2300083
1731253
880761
1403276
4415585
1844294
711758
2054191
2084862
3205646
3773624
3707948
3749934
2623955
2750752
1377665
4053095
4193272
683409
1468467
3973054
2039544
4952136
4468528
1150882
1317186
677903
3118383
1262832
1644339
759056
2503284
1763013
1468472
2682465
3436834
3256042
4031884
827317
4940126
1038331
2521210
3237678
326864
172609
3333706
2809623
2015527
4710115
172613
3443974
588599
1086000
2676854
3005170
4607972
3440038
2635971
4174539
3758339
4468593
156352
2211017
1819777
4009159
2656369
1643106
1385399
2478213
2746036
3495322
3398654
2268176
2495789
73494
1086057
1651290
2327962
3977703
3517482
1954597
3160036
4001494
4415495
758133
3093275
3709557
1967251
1679782
975588
3346061
244224
4268963
1894591
883670
4351426
2635981
962800
1645523
2090847
1783968
811925
4117682
887621
3633025
866192
4288226
3782929
808516
3369714
3272006
4778695
286033
2887834
2923287
3929876
776322
1343878
3791771
688942
523532
3179921
97840
561335
3563334
1345671
1114721
4351425
2803688
1895589
4828509
2517705
807414
4393042
709517
3936022
4682959
3902488
1510355
1322464
3145600
4867760
1033002
2753127
148316
3917025
3337690
125702
3967918
3256129
1275831
2098534
1544643
4111778
447145
2961339
1515487
869285
1152969
2757259
1442773
674349
2534559
2778437
1821081
2943265
3048810
1043089
3060988
4857705
804963
172615
1549739
4018467
3119507
2111279
3505066
4634744
589965
2075054
3331635
623699
4553375
1829998
1509693
1983406
4212498
2559209
3249379
3093274
3365585
2218609
3020230
1946909
2905739
1125982
2087289
668780
1494944
4355992
2223134
2044366
1021579
2619459
1627157
1716714
2383590
1517653
2352543
1157344
4018769
3654033
687764
3559724
871027
2206829
2512990
637477
3579611
4131039
4689737
691549
3474632
3754876
2670208
3489484
3591499
4810190
1846270
74806
1796164
1715917
1623093
3327772
3675154
1322507
2733511
4543721
4718650
1860434
4116266
1773499
1635980
3358620
3711241
4208733
2551412
957827
1078177
2659370
2753891
3117364
1962374
4980107
1921936
3290202
3967920
1944926
2606069
4929215
1010879
3336632
2293722
2208203
2666261
3205645
3168337
4321070
2622332
4532648
1696087
3561624
1762937
3004854
4423554
1283463
2125723
3897180
2723086
2632059
2247825
2916949
1838663
1524103
2444150
3135149
1229631
1784600
3736423
161902
4176948
2921013
2065514
3577296
3877128
2926505
4483822
2255188
1896298
3034593
1595667
660247
901137
2115738
2164095
1754868
2749371
959272
1690355
3332059
3807785
2070070
1059388
4791393
2708980
1184212
1098527
1669804
3613647
1602863
2245775
2283637
1050198
2199470
3907769
2199185
1597247
2483555
1743443
900957
1897802
3511175
2396159
2118440
3411617
3982732
2021776
465548
3805867
3962022
2024637
4276614
2556534
2504668
3613893
3881333
2400926
4694048
3796494
2409854
633993
1089798
1608726
4975261
1648053
712279
2926859
3682480
4867199
3216574
966243
3669516
4061893
2563946
2146365
1543580
3625849
3970401
4690175
3370177
4914437
3453113
1403588
1861434
176339
1563135
2898086
4542922
1484989
2755237
786980
986042
1724319
2926208
2009295
2961828
165347
1382030
1412805
1669805
896480
737408
2682098
1401861
2726346
4386007
2844649
2679663
1294935
1944228
3783036
2848088
3582938
2798787
3592809
1681634
1754266
2084629
515360
897653
1754329
4993844
1656000
1956919
2937933
1685774
172612
1603081
589671
5009139
3736827
2915644
1578505
1962676
1602415
4199237
1924025
965524
3609431
1733039
3456604
4913570
1584604
693288
2250670
1165064
1623092
1644648
3756074
1315116
3710098
1261879
2237579
1770621
3792787
767280
3518085
3399990
2365443
4335397
3921649
978213
3076004
4693135
2107123
1772610
4284475
1318243
3881448
657916
4175694
541392
3301849
3645574
2190904
1714636
790048
3837505
3371802
5018216
3873304
905745
2636342
1842579
3802584
3446204
1019544
4550419
3722572
1808053
2896394
2535249
860921
1709121
2996741
736215
3019859
4775095
3404946
1329592
3328030
1817464
2589292
3166638
2009432
2622787
3908671
2478278
2325387
4419203
1148238
2133966
2870806
4134856
4712362
2560657
4796982
2786639
724551
3917473
3207042
4657212
1621175
4059155
3767017
3036835
3240784
3182695
3729717
655679
1805910
2596971
3006446
828243
1518913
1108756
2328396
3625243
1515652
1451703
3669518
1463237
40017
4220196
2820407
3836373
3134174
846012
2321562
1501711
1056202
960875
1948911
1805075
1848487
4454372
172619
1296610
3978225
3547138
2602185
3761923
4284879
3147541
3669579
1620946
1088292
1744385
3120225
1345674
4605503
4013881
2719327
4440053
3205642
1074806
3802844
243946
4828545
3591213
1856805
416971
2585811
196977
3819028
3337289
308917
875945
4355276
4707333
1963137
1372586
2314614
3050529
1771721
2223077
4518871
3874351
790229
2740912
3972806
4860513
1909554
4136188
2722655
4017977
4415583
2303231
4725386
1718671
2812672
1166087
3208546
1608414
4618179
4278011
4884682
339055
682994
1654883
2512991
4896646
948540
4061084
2815315
1842043
2117909
3393775
1859185
3732309
2106248
1134237
4581701
3842210
862088
4889905
4675850
2778643
2174443
2613334
2599504
2594785
58063
2268730
2349954
1716732
1342804
3967023
3578634
1949561
831241
4950775
4134579
3122912
4757454
611931
1572870
3179665
4831429
1345677
1186901
3011287
3432909
4933159
2640146
3125070
4610115
1253352
2925556
1679789
4610124
3340725
3580348
4610119
1524104
4480795
4833604
3890826
2719334
2466610
3812908
4470172
3542856
3592622
2376713
3920772
2551411
554519
4353220
1095855
1412281
3614900
2277236
1100071
3682590
3037642
5006339
4112730
1854034
3577374
175693
719051
2504695
1113246
4521584
2307854
1972105
2743354
686421
2200557
4479251
4517806
3438148
999064
3533719
635865
1041682
1095854
4775621
1002613
544419
124304
1180676
1770624
939618
2272123
760488
3048024
1408449
4244680
2633477
3313127
3164032
58064
4867761
4869246
1358921
2708957
3976192
2622988
1174838
836907
1989332
2459903
3019887
855456
924759
1399651
928868
2479479
2495051
5007164
1282279
1636879
4059151
5043508
4847317
830322
2715815
2709331
3897477
4345352
3564083
4566959
3520088
4125180
901234
3508372
1995114
4463380
1969637
2462439
2813660
3352759
5047712
462736
771858
3252363
4829677
3040272
3869560
1067513
35015
3046773
2735748
442170
1345670
4610114
1813910
514516
3912664
4007123
4203275
4374452
2521259
4183041
2677343
2261703
930498
2663988
240192
74684
180104
4009220
1773634
1306747
3563444
1397263
3146250
5041439
2443188
4322403
4029403
3322526
4992898
1233778
4790484
57699
5005640
3525078
2365928
1410548
3837892
2690880
1762731
1631290
2004828
3317261
1895399
3927904
2116237
1694855
715044
4570949
3358972
891757
235470
3606973
4838218
3520087
4697334
1893432
3580554
3614514
4182613
3034391
4638949
1354531
2013012
2477067
1926958
663725
1613687
1468468
4926909
2303916
2665747
4886194
3990467
738929
4252608
486692
3629575
1231400
2084545
555965
4291608
3729848
1989857
1361805
4029683
4708432
3980676
663776
2185106
2731312
1939172
3206756
4047519
2335045
4898653
3977191
4987241
3055880
2868388
2004892
209576
2443187
4047799
2895387
1809379
1870068
2078680
4528224
4605810
4048545
983609
760034
3873527
2668755
2489378
4172057
3688501
1507125
260838
4675618
4497716
2469254
4363229
2979430
3541040
4044653
1714634
2296022
3470686
4124529
4059156
4736984
1257723
4303461
4789754
3462322
1926301
4786970
2537540
351189
2684084
4568304
2063622
1219705
1468243
4985511
2534930
3496211
2606067
4016073
1265607
3812091
1415582
4942836
806017
4985596
3568776
1502221
4029682
3412600
4243833
3499015
4829740
4867757
2264767
4550418
4848297
1445680
803402
3324345
5047713
1163521
3707946
3653442
2266087
4692990
1849131
4672306
4786514
4880497
5013749
865974
4955190
3132824
2382743
2044338
4832134
3101174
4605483
4584932
2710014
4694276
3841084
3195227
4048501
3262144
1649183
3792291
3119382
1475722
4107794
3338304
2921554
2125715
4550417
4610112
1988963
3029219
3700753
2965153
Total scores: 2750
Average score: 317300.22
SSH: 3, SH: 46, SS: 4, S: 51, A: 1946, B: 510, C: 165, D: 25
