1861487
2502643
1199955
1943046
1537817
1514256
2979808
2596894
3716950
2492098
2632230
2874408
2540399
2596015
1746492
831241
1969946
1575386
1849580
774965
4393066
3260996
2274780
999720
2465106
3215934
2419085
1816113
2365752
2078961
3719813
2553242
1241370
3970329
1031991
1603635
2058788
2178147
2239445
2164997
1377957
2336310
3879889
4054471
807074
1528015
3010178
724015
2294643
1162425
1546425
2315560
2477047
2276210
3638479
1125642
2014389
1569904
2116204
2991731
1623093
2486881
3096069
1860169
1157868
2815870
1281015
1315479
1102101
1861434
2590119
1221602
861415
2719302
2732509
2598347
924337
1432943
1354319
2964230
1808605
812590
3608737
658127
1172819
3135335
3127889
2237466
1763013
2474574
2109961
2025393
1968836
1459488
1580814
943415
129891
1003944
3722572
2223047
2204234
1924025
2778643
745360
1111047
839947
3440920
1874165
1983405
3455282
894744
2461085
696225
3543557
2437233
1932649
1097543
869222
2659911
1764213
1911308
1600415
2025942
3833116
2332963
2394642
3621507
808848
4061078
1573321
1981053
1554502
1702903
2026764
2685873
2249059
2488855
1969637
1572868
1402392
2629595
1642162
1599393
3866299
1541907
1970565
3645144
2315558
1178526
1115737
1706210
2565986
3750028
1125647
1544643
2596018
3088767
1567816
1672165
2654458
1970829
1110199
1932923
1200197
2344231
764082
3306465
2069999
3465034
3386365
2587891
795627
1028733
1988963
2330357
3890657
1760666
1103865
3197548
2060305
2937933
3071981
2474570
736215
2050696
889729
3531189
1720423
1083052
2685697
525278
2518845
1644535
1759814
2512368
816453
1997307
823710
827488
1956122
4086426
4114513
1820257
1952177
2077121
878379
1201636
814293
1822903
2538080
1419243
1181761
1021579
1832259
1988748
1919312
3238173
782021
1451282
1797548
2012300
1520549
1701404
812161
790048
1163521
1822108
741870
1810150
2025938
1941890
1419400
926644
1187302
1029307
2014469
1080094
1991177
3725129
1947968
2964222
1848919
1066243
555797
777074
939072
987133
1973410
3493583
1112356
1675842
1275979
884664
1961271
1514898
3682177
2615748
1065821
3481302
2153557
1518179
2098783
1801586
2118443
1752315
2962206
1686683
3727508
1949106
2547084
2460718
2943265
1757416
2588365
1844417
2044368
2692144
2863215
1226524
1898522
1915794
2192267
1675837
3481303
3468147
851255
1556336
1250652
1030303
3522976
999944
1788628
1956730
1951733
2022201
2530810
3036835
1619564
1121032
722844
2512370
2403907
1955242
1630100
1574296
971834
1462224
3591502
1350927
882916
1476242
2050536
1849273
2102292
2102287
816327
1087334
2173528
1872396
1978494
2225036
2166311
1852860
1761495
2237465
1815397
3873445
1105014
828242
1294935
1809151
3022987
1289675
1280306
4134872
3532245
2586235
2269544
1925194
932400
2023927
3151924
1938324
2389623
1120405
1297953
1820840
3923613
1810188
3096789
821785
1621068
3301339
1047758
1009197
1536687
4071674
1649062
1247238
1805627
1764227
2962819
901854
1682475
3605633
2521210
3021295
2246465
3722306
736729
1529189
1160278
1917082
1419398
2042612
1679799
2152330
2819332
2082447
970163
2360394
1419403
141722
1505448
3385967
2097898
1843593
1707583
690982
2156323
2330438
1013786
2104299
1797542
1111493
2373569
1969005
633993
2684029
3066431
1114754
1749322
2394645
1053810
1649528
2719303
1734135
977770
1126352
2307744
3122811
1046841
1536690
1059894
1230854
1385398
1973474
1608832
1626300
1847496
1474012
1075951
983680
1503470
1962275
1909555
848582
1246395
1848803
979155
952898
1474956
2083425
1291657
2527026
1576653
1131424
889634
1302567
111680
1849120
1893432
1453152
3793468
890190
1527747
1899714
2983479
945686
2624022
942085
1258579
1995061
1518701
1121504
2591255
1786977
888305
1893461
1858799
974854
3385971
925802
3835572
1990449
1294882
2550944
1969095
677938
862506
2618934
2518847
1541384
1124488
1243117
2962115
1700275
1652253
2075704
1204171
1093245
1868302
1954860
1176410
1524103
828243
3089701
1873866
786636
2226722
1969096
1992711
2245766
2150737
2228961
1083583
953394
1695382
2659368
1655981
1129193
3868556
1314214
2485565
1690353
1989857
1843610
3206068
1186227
1054525
1810372
2168419
762207
2653571
2462439
1170505
2017880
2695411
1813803
1988753
1402367
2211018
1695379
2428358
1927665
1989203
2681192
875945
3986692
1675830
2237467
1656498
2583617
2450629
1166087
1934139
930307
1843607
1348191
830250
1262832
2165271
3451313
824891
1353480
1029562
1400686
1235495
1591935
1289927
1512177
1995114
1491660
1270000
1816243
890955
1383825
2269172
2248980
1200272
1156747
1579673
2503194
1482116
2064453
2201876
683409
638551
899732
2203573
3018109
945279
574471
731773
931698
3933767
1810154
1489207
2084629
1828346
2659369
3756074
1968445
1537566
1511760
1263789
1414928
1225154
1366188
1651290
1174467
1401281
1576449
1972662
1853005
1993380
966203
2512373
3557042
1932924
2663986
1944926
3431510
1623092
2461086
1956123
1656971
2104699
851811
1677967
777303
2245783
3601629
1836354
1223915
326864
1179007
2099714
1566064
1619555
1843086
2173718
1270410
267052
991357
3367489
965549
1232440
1843481
760894
853625
2838621
2288582
2317127
764310
1738018
1210660
2530752
3329820
1635388
2761831
915154
2993974
2022202
502031
2330482
1752311
2245478
2399033
2208203
1876558
978877
1614477
855762
2200000
2164274
290581
1540269
657917
3059231
655679
2618935
1852123
2522352
1263997
2175863
897279
1650477
1918734
803402
628747
3963421
4133726
678306
1519753
2266659
1330114
970331
2048477
1341959
1314404
434189
1720903
2628163
1062394
3669551
665787
2271240
1403922
3895710
2302135
1541853
2017366
1274950
3853713
2108924
403050
958038
1946909
1695991
3136056
1281115
1626537
1597247
727204
679131
2101240
1626530
1797628
1626430
2195533
2133576
1935596
1343383
1112193
104229
1454378
1827323
1665829
1632673
1206670
1657639
2399034
1663107
1989988
1595191
1675844
858241
523447
1842675
1769144
1126965
2231774
839569
3967160
1065884
1899511
1011144
978382
2067117
1517511
3818018
902888
1552947
2468864
1836274
1100405
725718
1172150
1272477
1474795
1185212
480561
867557
889322
1563134
814075
1917158
3977703
674349
1514412
641387
1869619
1025588
1104736
969661
1102147
2115117
1909554
2583616
1257663
1897567
834589
1217417
2274013
1770368
1524104
211697
541673
2360152
1042089
1868148
534327
2077125
556716
3520455
1385397
1675833
1736332
1347936
676193
2977094
617429
1125665
2205311
856430
1725588
730624
1527884
1474946
1851299
2019880
1594266
1484776
1458748
2104765
1061662
845378
732318
719517
2044362
1220272
734339
372840
877765
968742
1010596
1962676
775513
1571309
1807735
2013012
3459056
1353828
1218337
1946377
986943
2151203
646530
358865
2519704
2774812
3048435
252238
827803
1109552
1255495
3632723
2198933
1604286
4019527
1219148
2118543
1204536
945157
1572830
2041598
1596706
1843595
4001452
891762
657916
2030431
2331417
1531196
817929
1401254
1962182
917872
161787
1536491
978326
1491209
890911
2958956
1705597
824242
1857003
2199381
789632
1746722
1520526
2233275
1860433
761868
1468970
816600
2004420
2833565
2226085
1659767
1484989
1264831
2404837
1056207
1840044
1412805
1972327
451528
1770623
1977950
1076952
1320129
1366375
1978242
2256387
431147
1634984
1081936
977982
235880
959426
1519160
1347794
1660602
2195530
983102
3086275
895604
1245365
2022718
927198
1055147
1657612
908373
1309692
2011555
986375
869197
1563445
1977528
817174
1098527
3460818
1885531
949011
783860
2753990
2229508
1736329
609843
3831330
1881837
737100
1947687
2368880
2347627
983155
4384671
638493
1073967
1705647
1107970
1640362
3884667
1118319
2063931
2026320
2014039
1679794
2266773
1886274
1630299
1849505
968065
997320
1072897
1656000
614323
1127840
1057385
2964220
2128030
1872812
821070
1963403
236344
1572457
870707
2030843
974352
930203
1233607
1018019
815071
996356
967546
1371599
1706834
1642274
1842043
1572870
1843589
1023492
678031
1028755
1193449
773238
1066809
135370
1612129
2973576
1879797
975418
1307291
1288675
939896
1398848
1586059
837877
1761422
1828339
496006
2240404
1258642
1396152
1868671
1610022
2964221
1438917
176280
1783813
1512891
1547955
1649842
1709121
1965348
1321823
1136506
857624
1210405
1962161
1610745
297411
1654383
954692
507728
714001
1758255
2316176
1054501
1303641
1082542
917129
1746854
1927666
2112910
1977951
1056320
1790104
1843653
1570203
1972535
3206043
2149558
1303844
3580335
951392
1428309
2077126
949029
1352342
2719462
1356233
1605598
281778
1331498
1031604
1563000
1573320
3414173
1534949
869142
750157
1836484
2361337
932185
1762429
723891
1067859
1261868
748983
1030374
1809491
1643386
1958644
1016169
1837326
1807642
2223295
863038
1893431
1621319
2638309
1206361
865338
790355
784791
848345
2356514
2129145
2039589
507099
995563
688907
722607
1643862
1219310
1827558
1814702
698218
1639738
1090928
699594
2055202
969681
1829131
532664
1214269
966243
1267938
1053415
743034
1569034
961695
1032126
2341602
1879801
1115199
397299
2791233
1623285
335041
1287292
1353259
1221423
2099567
386728
1555610
1722406
731975
828527
837694
1818428
3252516
1071424
1093636
2132924
1063410
1863992
1414527
1265800
431512
2610039
2328342
828806
4019707
1079089
609691
1854237
1551135
1690355
2274002
1294709
1775286
1208673
1302552
1018869
910147
1124179
930498
1962758
1508874
1169773
986191
1783812
633373
1476582
1330828
1532339
877312
1324163
951053
581141
1153255
973901
933268
788472
840686
1121909
1193499
1714833
1742483
3962022
2231466
2231267
1220839
1350552
1846898
1396072
2036365
1053520
1046424
798617
1860435
1784328
1026787
2004799
549280
727636
1273159
888018
3480138
1403240
929999
2382179
786304
1476606
1619561
1745948
1853800
1915912
1822957
1119127
1568261
3014649
1495498
1629264
2167382
969651
2112908
1686476
1053232
2291305
1252022
2817622
1843597
2108925
1300513
722525
1726994
1694501
1544629
962194
1765847
1074246
1063044
1756897
673086
665200
942060
1401133
1598696
3568572
1721919
1024480
722909
2988681
1521717
599115
449693
821841
1618986
1415441
1649989
1796420
1313431
816734
843597
1611251
1786111
913231
2096054
1729805
2320949
1737169
1669955
1411985
1879808
979547
1313971
1289926
2471823
1171123
1826438
1414400
592167
1095854
1439403
735272
493373
154853
1969253
678106
1222417
1563453
465548
3164032
3073983
710881
976190
2841428
1582674
1102688
1829925
1210089
524018
652927
1816648
1515526
959406
2468862
832691
256294
1857519
1244293
2304140
1762425
552068
1271985
791264
473210
764441
1693956
1416124
770354
1306398
668124
2059942
2022204
693642
667857
2231704
3758836
2161926
1522333
1572198
795096
672494
1556636
3149839
1475722
2049362
1877248
1509693
1587275
1315468
408410
1557471
1718671
975517
1052899
1610746
975588
378126
1291369
931860
2125391
853694
1262434
1451342
1766216
1083054
1127744
1185036
2365443
531100
890467
744673
1127622
2218609
3048810
1474491
1501472
482650
1154100
1438225
1566420
1373950
1023307
1079056
3076004
902048
1318245
1215688
778929
435350
789815
510754
2046351
2684033
1964460
1264070
1819898
1736327
967248
1405981
1790044
1827432
1832316
1632362
910134
860022
279140
1468467
2042323
1909552
221777
1102144
1785750
1298486
1264972
1414507
1570142
635865
1586061
2512371
553293
497679
1658399
1351585
524774
878721
1627148
1736333
1745849
939618
2317953
2486606
970048
2643264
780914
1149713
1854034
1351114
1018776
1360895
1403907
549193
842815
1612453
785904
1604315
1982350
1827324
1876015
422328
1576304
1484777
2153460
932141
1962335
1843594
2017555
2176002
1557461
1300413
454739
2197401
687685
994495
798801
1398847
953106
1524357
2467121
865344
980431
1353936
1467821
1174565
496424
1311564
2242845
958093
131891
1460419
1352360
1172171
1851366
1228840
990527
1762428
1011398
1569153
1328177
1814264
1743999
93842
833389
1433283
3591050
944802
1898518
1573997
1103732
892780
1857124
1454357
2709097
1583228
1695925
408494
804164
1767713
1520550
1826561
992389
435473
556263
1059388
1073711
642687
1936713
1560467
1568262
1158040
1582621
1069950
2096051
742675
471558
2201675
1855801
2450838
1245003
1736729
2168434
1828341
785899
2105347
1978196
763213
1775315
1843659
2222861
593321
816821
1405980
1765081
1819333
676262
1199852
1054416
804872
1045650
3330579
2410949
2625911
796721
930249
1306932
1922050
3572698
1367152
1150597
1121834
1431005
1701098
1478509
724474
949234
1357035
823523
1777067
1383388
1578185
991014
1126915
2328680
679226
1529839
1892257
2112907
1119026
861381
2401868
722894
2278232
2420241
1629824
1542899
1051587
1321542
1694787
2444148
1413077
1545686
722224
1149925
1651468
1851537
958819
915210
2585811
905047
2267377
2233760
974378
998769
1643270
1728103
773120
1180926
2660646
587105
1725532
1059305
1187297
1595304
994934
2038750
725061
1869049
972691
1401283
1354657
1762728
1033154
1620271
1765587
769590
1451992
1093078
1672490
1153219
1295253
1616500
1208919
756508
2328389
1494341
1839222
774758
815984
1829429
830360
2512375
1989355
1309215
1541577
828940
824389
2258687
953586
2962941
1114721
1849703
985741
1627469
1123881
1962198
742717
1675838
1400253
1250271
1607406
178489
1578009
1243079
1231936
836907
1621041
3874766
1830502
2088253
847314
821548
1603621
1253252
856273
1159425
1354778
1762724
989228
1788240
1946302
854616
1943424
2112899
1531547
1320292
1512820
3841084
690778
690461
880761
968220
1910187
1697722
1655332
1675840
2458212
92037
1067358
2296588
1520296
903280
1592165
1501684
842715
3042164
974142
1454085
901234
1425512
691893
1576395
1314987
1908514
1785659
2049344
1092431
1269345
151229
1581190
342074
736214
980638
1770197
2554841
276451
1385396
932142
807414
1541293
905800
2149822
1659165
1828342
3904743
1153238
514516
1171420
2795613
1261879
874048
1200757
1665716
1843575
727637
1675834
1642169
2151200
1877694
2492022
1809202
877625
1354522
1676342
985141
4001866
1623220
838063
1752416
1543673
1278814
1636811
1715956
1692260
933495
755932
1564294
713328
1090399
864446
715014
1679720
1653129
4384672
1558876
1304831
1269453
256839
1973805
1492913
2935781
1762729
1739893
1463237
623699
1717962
2211017
1685633
1534523
1149638
962500
1373482
1576174
1281383
2007304
539361
704360
707772
1312375
2598547
1354779
1347841
2552046
1291481
2554617
2779422
1654305
2457669
762573
52862
3155137
1472912
1066054
2048191
514515
1599269
960875
268860
1014943
1614506
1366191
1509460
1762730
1607978
1071369
2148625
1587703
1347486
1562151
1709151
1058918
1668949
69129
794670
764099
310385
1115984
1519137
722968
1481624
1507681
1451971
1659933
713442
1620946
1972480
1178057
1863205
1429746
1596438
1262433
1641647
972457
1709647
1623883
3299359
1000684
688886
1256809
1992446
1153237
720590
1495848
528220
760488
1693575
1419801
1313635
834587
1516896
1584210
1403949
1571863
893877
1180037
1828400
800536
1754329
1461877
1368678
602973
1546264
425643
1241865
1246253
1641833
2290441
1193339
1521305
1528368
1242789
3040272
2828520
756423
1367804
2315562
2129097
1544408
1398005
1132846
2256759
718156
1801873
28422
1095855
776951
1749449
892853
1182462
1301354
1907826
574107
1400414
960918
1543674
1155987
1433789
713935
606613
1628587
1711049
1112521
1150868
1619562
131564
338594
2478053
104945
1512179
1846892
1539972
844014
1611276
1562551
1762424
1610189
1264763
1823248
912625
2626473
2118440
988726
743688
1582863
1127861
1372586
1730658
787430
473218
1583484
1459734
514518
1649064
1717652
485125
1707994
1027560
1938201
759056
1171316
380646
73699
1934193
1188172
1255280
492064
1027561
1768797
238766
1102951
2200806
3721770
1802142
1359865
1534639
820480
1543675
1046339
1613232
815690
983692
1330055
823871
256027
1559388
1089478
1231420
783399
1668945
827802
1405185
1432512
1266235
1462180
1622327
2603107
1218649
1556692
1573324
3019857
1573762
1632339
1714637
2125384
1557181
1671171
1372489
1052353
1124616
1083102
47152
659439
1295814
1077604
1595303
1762422
2008407
1406011
1618411
1059390
160486
1675841
1234400
858271
1573521
1640330
1518125
952515
40017
1554404
2523668
1623892
1390577
2686456
905745
1008121
529358
1347840
1307142
1398002
1672673
1555808
674514
1433311
283992
327526
1320835
1114045
2245771
2328396
1370427
1621242
301658
1730657
1559387
1621175
550235
1366185
3104522
786680
726381
1142884
1752439
1777057
1608872
2468865
1512180
2417035
644971
1805910
1642420
3025113
1498091
1499066
719594
1296859
1643781
888021
1671172
172662
1551874
1430193
909622
1494944
1424773
2065548
2147892
1071980
1331610
1132818
1306992
996136
2522366
1506561
1508715
569636
1562308
2223144
1571308
3798091
3607499
1271397
2415476
760743
1412370
1849408
914220
1144257
991733
1701539
1409614
399756
874974
860472
2176825
1601083
1442221
1425112
1708902
1500058
453042
1487213
1827518
2200001
813938
113750
1106776
1501582
1657931
2596586
3466914
106965
1043089
1128411
2098143
1857147
962979
1529756
1564926
847313
246242
1568319
1517687
1726568
1564521
1465099
1741736
2458706
1826401
1154509
1041481
2288176
845391
1631290
1636104
1515652
2484994
318340
1122874
1636722
153484
1587405
1981708
2911230
1572058
1776628
1622612
2239240
526757
1267082
1262435
1702971
1627597
1111760
1257134
941137
753010
848400
1024215
850854
1113343
1754266
1591138
874975
1672674
994940
133938
3442299
691384
957468
1365214
1859223
1479802
1447252
1593361
1245344
960985
1218421
2363005
2004346
1809850
519926
1269573
1601387
366236
1537449
869240
1647158
1342612
1527960
808849
1183603
1787848
652234
1752368
444459
2321575
1872563
454023
1204683
1646845
1879796
1257217
1716386
2270763
1529763
1058754
801512
1677119
1647915
1984297
1400254
1558870
1563135
2485991
1100071
1460972
1649063
1658695
1603081
1714634
1801416
1522181
1741421
972658
1541288
3638672
1577478
1815491
211154
1311904
1450182
1292113
1009330
2117573
412057
784369
646713
1559974
1740993
2049457
2604568
427090
1496486
1801009
1677118
1593847
1605179
1227359
1854139
1523011
879061
1686795
996357
1668950
692241
1593545
1193468
1584191
1902818
178966
2585550
1294192
1523637
1692248
1417132
837567
948153
759192
2059937
1905993
890826
1378285
1619338
2038860
1425316
3591213
1106276
74222
1525311
804825
1603103
664328
962959
1155253
989603
2200809
2615210
1603339
798853
698252
538930
659333
1741498
1088292
1399834
495776
1281864
2745135
28068
1668496
1918979
1296370
2083422
580941
2120669
1828340
513672
1042088
1192895
306156
1703691
2139546
1869935
3298591
1492654
1567511
2149818
1702072
1683361
1633499
1329592
1539450
270394
1179796
879062
1736572
1083470
1579923
663725
1696087
2479386
1726866
1670874
1638680
1549739
3640197
2064699
2046445
1774124
978026
1800744
1134237
1126228
1619973
1354531
1762423
1573996
1643106
1277965
888621
761792
2204246
1558872
1026729
1682373
924759
58064
1815665
1514105
1712377
1066942
794551
1370029
1806803
1946834
1888862
256840
966200
543449
1309336
1696837
1496794
1344602
1529761
1609384
1227001
1783310
1627870
1955170
1762426
1027866
1509549
1481747
1408449
862088
Total scores: 2392
Average score: 238880.10
SSH: 2, SH: 103, SS: 11, S: 180, A: 1569, B: 388, C: 128, D: 11
