925812
1808605
4862040
3690510
2282512
2708949
806325
4214779
1286697
3596908
3970329
3885119
4013493
4193382
3901039
4112173
2496720
2095803
1933511
4127115
2677494
1031991
3700073
3891621
2097426
3061371
4218068
845378
2964434
1464254
1903809
3933636
4548753
4128012
3704352
4127421
1861487
1949106
4068769
3648544
2610039
4061167
3710704
4016073
4755428
4653513
2955445
2496646
1990718
1860169
1988863
2387523
2204720
4133381
2524196
3772188
4443814
3299312
3642423
4075203
3932615
1911705
4236382
4060265
4134446
4119955
3727753
4689818
3221833
690982
3126710
2069833
1127798
3854743
1881615
4298765
1268858
3623807
3963090
1816113
4088356
4305219
3058489
3448517
3771820
1083470
1625858
2269342
4525428
2205152
2079597
3645570
4155614
879061
3279538
2257346
1997892
4862037
2239445
4377992
1475620
4862039
3808128
2618935
722844
2655355
4323280
3692895
1644535
3523496
2932830
2418745
2144222
1566024
4017986
2740482
3811857
3254875
1057477
1103903
2627079
4023133
3981374
3128003
1142669
1886839
2589997
3777926
1943817
4336505
4646545
2278525
4211571
2111915
3214586
1890062
1251181
4009913
1181761
4215263
3328576
2544117
2690695
1969005
4862041
1931535
1242427
3281757
3215934
3637802
3415931
1537566
2138577
974352
3837137
4719459
2207855
4000886
555797
2818772
525278
4087610
3747453
3014841
1192232
1718183
2145832
894744
3548649
3502002
3385971
2710948
4191511
4277943
3782640
4796487
4014572
3873357
1079133
2193838
3815421
3647082
3622590
2719305
2861157
2069999
1583228
4091722
4176712
4149135
3130993
3360013
1241370
4097298
4031700
1554632
915210
1872396
4185779
4917483
4212344
3505029
4557237
1500621
4247133
1020440
4422803
4139039
2118540
2235465
2763447
3972243
1849273
2813124
1782802
1826438
3883450
1616415
3891218
788088
3208196
890190
984301
2461085
3218544
3333669
2932601
3970526
3954641
3988444
4051071
3482199
1398259
2050696
2039845
2874408
3642565
1208664
2654775
3328794
4085195
3906726
1555792
3855998
3551549
4136970
4013640
3963421
1659421
2881220
3916356
3690237
4020291
3962022
1695382
3275891
4312018
3393903
1003565
3641589
2608130
3994480
3137126
2448542
3726990
1655981
2284525
2797918
2132119
1869619
1871842
3662624
3688688
2622787
2111505
1044728
3061372
869222
3858848
746315
3712078
1551874
658127
1172150
3557351
1001682
2234883
2084862
1857519
2354761
3353695
4364820
3814127
839947
1270410
1725588
4088922
4285238
1690353
3644487
4318971
1605533
4176910
4152645
4015849
378126
2037204
1286726
3684530
1621319
1309326
2662784
1229493
1657639
1627148
1016169
2332088
4497639
2516616
1256809
1185233
3967144
1852809
897024
3363551
2315560
3432407
1642274
3309668
4431306
3131174
1029307
3768514
1649525
2204234
4054471
2651771
1600415
2168768
1296610
1528015
1663107
1030374
917129
2237466
2437233
1377957
1706834
3666734
2025205
799415
2266773
4856869
2993974
1843653
3709557
1610745
1640362
3832409
1702172
1087334
3020230
2962588
1836593
2496721
1596706
2455505
3066331
3449740
3537514
1301167
3257742
3668045
1617731
2776196
4442315
1651290
1927666
1010596
4479848
1836484
2047227
2246465
4277944
2583508
1627157
1649528
3802267
3355394
335041
740044
3212416
4019798
2245777
957468
3110075
3089701
4278093
2229689
3111877
3382987
3136589
1551873
1829131
4053092
1603635
3476542
1648055
3563444
3148592
2648218
1827324
1804279
2161155
1679799
1783947
1827558
4064320
2221627
2245774
3764431
2699196
1804553
3844651
3793449
1816243
1764213
3343489
3206402
4538704
1987479
4119821
3624005
1071424
1217417
1705675
1593252
857624
569113
1962416
1498892
725718
1718671
3015362
2335982
2416573
2552046
2502643
2964438
2964230
1420671
1233607
1951034
1492911
1969122
1166087
3555295
2325900
1175425
2181195
1769144
767203
2014390
1943046
851255
1010912
1230854
1612454
1661565
1770623
1484304
2059822
4284475
676172
3613490
1640330
1770621
1917886
954692
2596015
4270213
3861065
4611393
2014469
1899511
3666536
2118444
1895602
2160917
1902624
1969946
1960518
4019133
3110580
1231538
2222070
1649989
3137396
789765
1805627
2391222
2014389
2339070
3381137
1123759
4392936
958098
910147
1829925
3311312
2530755
2222880
2097898
1755524
1769418
1843595
994495
2836353
2373569
2615748
3062833
1861763
2245766
1893432
4510284
1843589
4105449
546944
1988753
2915644
1800249
2250747
2139060
2245783
3605633
1162425
1002613
3178933
1154100
1823389
1849580
1071369
2631078
1265017
1574314
733432
3293083
966243
3479800
693195
2223963
1454087
1342179
1874165
1051486
3796494
1762724
4234279
1501472
3096069
844103
1783968
3030240
3254369
4001991
1039801
668662
2338610
3240924
2118440
2168220
1089798
2670759
2245860
1811527
3894087
173391
2082447
2624022
2872154
2118443
2161122
3545530
1988748
1844417
2629595
2255709
1033002
1849433
2014387
2123199
1608832
4244210
1222063
3902967
1199955
2507884
2245786
4499159
2365752
4265739
1589931
2413619
2730082
1490015
3645578
1762730
4693029
2962115
2245772
4327083
4215279
1677119
2558055
3764426
777074
3256129
2245768
1408543
657916
1218337
889634
779964
1797542
2097562
791274
3194020
1062394
4220690
3817199
1569904
2898085
1836302
1612453
3301339
1632673
2836988
881123
1685633
2011762
4090177
364532
1846237
1843591
2377917
3707958
869197
1851299
4219154
1260538
3608737
878369
4337666
1655728
1351585
1242897
1893461
2659141
3029745
4303035
1807735
1221602
4434308
1441081
1859185
1977951
2296022
2170029
2517107
3654660
4127577
1836274
3085497
4306835
2709097
2134194
1599393
3331478
3260996
3340068
1524581
3063047
2245781
4352824
2161305
1649842
979155
3989774
3356258
3286045
4229050
1850085
1549739
4760524
1782090
2502889
2439848
1383825
3121079
2245773
4098441
3104529
127266
1353936
1345676
1827323
3722306
1438946
2283640
1065821
2234657
2495226
2040764
996356
3880732
2601420
1567645
2676854
933875
3023401
2543707
3533283
2317735
1469240
4257662
2933892
945157
3518450
2715016
3913591
1925029
2132924
1420669
161787
3609961
1840736
2791350
1610022
1890216
2565986
1861434
875945
2778643
1685634
4356736
3785896
3967125
3381070
800923
1593061
3729753
3983866
3866299
1608897
2128030
1102688
693288
3188043
104229
3572698
4146216
2189687
3205089
1709121
937709
800802
3011629
2026764
3668610
3041616
3407178
1454085
203993
3006996
2740912
170101
3969635
2926264
814293
3666452
1706210
4607972
1053415
2245785
2457532
1877730
1773235
2626473
166316
3359653
2813387
1727798
2023961
2549390
2039543
1883681
1015966
181253
3660409
3946158
3561625
3623106
1907310
4437054
3640509
2966904
805025
3539681
3066546
1354890
929999
2514909
3228543
1786515
1892257
4316314
757003
3073983
1201636
822651
4042579
4114334
733943
3374691
2900102
2443190
1793625
3008842
2042556
2061247
3324735
2699135
1591935
2276210
1690891
3333700
2062030
4203275
1796164
3030766
708367
2553242
4041185
1828400
2109961
1690244
3730051
1974769
1932099
2271070
2533410
3350992
701018
2195728
2183215
3629575
2224855
2367517
2937933
550235
3938933
3340069
3508672
4746251
1306493
3969634
3404946
3878929
2304321
856743
3534950
1574230
2767310
252238
2238398
2868674
1692395
1409923
3353491
2065883
2624331
1094910
894161
2596017
3643457
1944228
2149131
683825
737100
3123417
2815870
3220292
2719462
169841
3209338
959426
2211017
1170505
2540399
1140187
2564546
4033196
1021579
2200809
3272740
958819
3070111
1990449
2364004
4131103
1527475
2376185
1797548
3468147
2364135
1956730
3309138
794779
1679794
3591050
3455868
2352543
1157868
2512396
2512991
660593
3093271
1245365
1899093
1760666
3088767
2517071
3217550
3781716
4255774
1343517
2621030
2585811
4680797
3604997
1846898
3076004
2413242
709749
2104881
1579914
2709349
2852981
3322168
2336319
1643270
3992799
3594058
1884388
3632893
2123262
3097451
3736119
2376713
3710758
2546040
2902384
765018
2615210
862246
2811326
648081
2719372
2331984
1761677
3756074
3145691
2924352
3792984
245284
3622854
3937896
1645698
1805910
3752975
2692144
3238282
3985631
3618901
4603324
1819587
2617250
2306588
905800
3881132
1821081
4566976
1274573
1679788
4393405
4684351
1175599
3957929
1185036
655679
3160676
3674037
4143815
1083052
3135149
830322
2741399
3645482
3854204
2133576
3022072
1457148
1796309
1594426
3329199
2775959
1123758
1950290
853779
2670693
3077141
2979785
3002999
2042429
4003754
2048191
4246671
1521031
4590529
3149030
1910987
1192895
960875
1062374
2285424
2049467
2269544
3920335
3169833
4083586
1013839
2444544
1995061
578769
815219
2238053
4284866
561335
3439142
2202603
1808848
4469452
831868
3076104
3843161
3846505
4653776
2662925
3067638
4368642
2168419
3812091
2276018
2546190
2633231
3313127
1242895
3103655
1177094
1150868
3309764
4316799
3292739
3697682
4028364
3093275
3119369
3118383
4798513
3497649
3533422
4030818
1519160
4497567
3933443
3050529
4295242
1782795
4001494
1060576
2902513
862088
3111554
3630150
2194972
2775397
3979750
2512595
2719326
2512990
924337
2549401
1817464
2414020
1964153
2383590
2664322
663725
2169301
3322526
3172010
3671741
2330574
3023414
2449729
3707948
2932798
2046445
3352759
1714830
2117380
2478408
3411122
3989706
3533482
924759
3054701
4390203
2049247
2813660
3056312
3697747
3926567
3060988
2463770
2870806
1842954
2577747
816327
135142
1679789
2992705
3104748
1643999
4059152
3262862
2914646
1529763
2146365
4176647
3640197
1404982
1475722
3740462
1828342
687325
122693
3884985
4321114
2784162
2794099
1514256
2668755
2940845
1983725
3047709
4298815
2156070
4009923
2809623
788979
2750832
4204410
2021776
4378111
2989057
4605017
2155084
3499015
3358972
3081825
2619262
2982593
2520220
2599504
2493793
3579517
1565265
3772513
3650854
3229091
2077121
2903032
1125866
4119360
4521584
2781571
1131896
3481587
3255699
2256387
1563135
3864111
3921649
3132824
4129169
2331037
2640530
3802734
2061192
4059155
4023314
2161036
2677493
2462245
2333525
3945419
4048501
2011203
3169255
4437053
325209
1279540
3750319
2674489
Total scores: 1225
Average score: 484447.86
SSH: 1, SH: 3, SS: 3, S: 66, A: 849, B: 210, C: 76, D: 17
