4543721
4287878
4134856
4111035
4742940
3700073
3946158
1808605
3010986
4298765
3932615
3654660
3854743
4019853
4536514
2209202
1949106
4189842
1990718
4214779
4792013
2079597
2599450
1754777
2689931
4127115
4177434
1582287
2627079
4318971
3284709
2708949
1903809
4113363
1995061
3867964
2201145
4383664
3708780
1711307
4436738
1923214
2557979
2141888
2240526
2874408
2228387
3579281
3881559
1279361
4189841
3847754
2671379
4187053
1162425
807074
4415495
1997892
1860433
4657226
2295882
2069999
3927904
2691242
4143861
4835404
4351425
1201636
1935845
4323280
2100822
1064976
4226271
1830123
3595734
4093216
4641389
2568117
3708195
3284710
3773248
3393903
3548649
3254875
1849580
3648544
2179629
2659368
1860169
4039494
4064320
1681360
3624005
2064453
2573914
3361951
1714882
4466096
4605491
4323259
2574090
1083470
1846270
2677494
1743616
4140323
4070109
4176938
4761861
2294912
1677545
1537566
2111505
4059970
2743756
3310074
3623807
3003399
3647082
3526068
1889804
887059
4074165
3768514
4425879
2301351
2663986
869222
3832947
2323911
2350833
3415931
817929
4225083
1770368
1911588
3884667
2331962
4641395
1241370
1816243
3647151
2034654
3071981
1989203
2263415
2241580
4116266
2490307
2675575
2205152
2935781
3992865
2506240
3586535
2410945
3383316
4294623
4134503
2593933
4791387
2189162
4415584
3849847
2546607
2462350
1872396
861415
2239445
2684033
2077119
2078195
1385398
4861384
2249387
2610843
3045279
4851922
2512990
1816571
4468295
2236622
3195618
4085207
3078877
2707857
4059980
4415744
4435589
4452319
2396057
2035291
3796122
4134502
2796473
3119369
3388689
2624331
1776723
4408758
2019428
4867167
2410948
4199237
3852943
1836593
2843965
3093271
3963430
2790439
2186111
3301849
1356023
4855807
1719416
4419660
1828346
1554602
3145600
3022072
1707113
3812596
1353480
2615210
3623520
3688094
2898419
3551549
2932601
1181761
1782795
820737
1649842
1655981
2469200
3036835
3070111
3037642
1725588
2628955
2731892
1451282
117580
1353828
3903219
1076862
4803734
4423554
4463370
3917025
2485793
2995944
4571865
2124919
4726119
1494828
3012582
2699196
2581428
4376495
1046841
1769144
2335100
3501901
3844651
2279621
4914437
2354761
1802736
4198445
4583712
1306448
1451703
2060211
3019409
1071424
1665868
4444067
4157223
2223077
1654579
3328576
2173528
4095763
3438148
915210
4193382
4225030
2639644
4111778
3111990
1633520
4463310
2328679
3613647
1450182
3597185
1108758
2660294
1157868
2486948
3707958
1701404
3221833
821785
2021776
764292
2171360
1431202
3040104
2510998
1354636
3885119
4786970
1496766
1414282
3509524
1763222
1075797
1895606
1383389
1679789
1487797
2280029
2176046
4197563
3745820
1728456
2083439
2132775
176280
3081700
4462023
2520633
1816113
2328680
2768155
3666371
4860510
2325387
4048208
3894416
2757086
3985496
2333525
828242
1306992
462736
315
2300525
1983406
1845585
837567
3871780
259
1051358
2679663
794481
3306465
929999
45923
1809151
4028364
Total scores: 363
Average score: 341967.55
SSH: 2, SH: 32, SS: 3, S: 6, A: 300, B: 15, C: 5, D: 0
