2323911
3884667
949029
1872396
2389623
2245774
1995360
774965
2336310
1848803
2585154
2025942
1843589
211154
1174467
1620144
1619555
1787964
2461085
1509512
2596018
2779000
1215958
1988753
1935389
1569904
2200172
1401254
2616981
980431
786018
3002764
2474570
1313431
1311613
1512177
1262434
1531547
1053520
1416124
1502678
1068383
1408519
2077771
1301498
790415
1400687
1262433
816600
1056907
1993380
1199955
807074
1289927
1559801
2043176
1354522
1919312
983680
969681
1400414
1032126
1059894
2357806
1360672
1026729
1843653
1286374
658127
1257732
1262832
979155
1843593
555797
1474946
1091249
1003944
1378155
764099
1515526
1370180
1500645
1321542
780914
681304
1462180
1642274
2338610
1401283
1450273
808848
1071424
435350
2522850
1675842
2035917
638493
1181761
949011
1557461
994495
1612454
817174
2022718
1432041
2046385
321559
958093
1405981
2325387
1556336
795988
2590502
1059388
2469345
1300413
847314
2512368
1141858
719517
1594727
1346729
815071
869222
1324772
828806
74684
791029
1627157
1349766
1402367
2036653
860472
1419403
794670
161787
1474956
1162425
1414507
1470146
978500
422328
932141
40017
1503470
1177545
1011398
1056140
662064
111680
328472
877625
145669
1509460
1534523
787430
772293
1319547
1442761
1291657
1278814
1136506
249435
889729
1051587
1255789
437139
177162
1718994
1030374
434243
1367152
1610994
2625237
1267491
1215956
1495848
1474491
1438917
910147
1376901
2719334
1511760
1046339
18577
1405094
915210
71067
1988066
80991
1468473
1612453
1095854
972457
761641
1028733
161902
1456771
1418911
704161
1449416
41044
1415007
948153
1382895
1383338
318535
102290
1332240
1592916
1365637
129847
1352342
140665
1627148
770227
1373950
142954
816327
1361757
187410
65756
1445261
2557466
1181074
2042429
861164
2870806
2914646
1491209
3028781
2505545
1655981
614323
1075653
2775397
62269
905800
Total scores: 238
Average score: 171133.15
SSH: 10, SH: 43, SS: 6, S: 18, A: 145, B: 14, C: 1, D: 1
