555797
1531547
1556336
1509512
1401254
1181761
1055147
1655981
1313431
649184
1321542
638493
657917
869222
1024212
1201636
670881
111680
1405981
791029
807074
1362711
1262434
1262433
1289927
1068383
117182
847314
161787
422328
905800
910147
1215958
1028733
1215538
75831
1509460
385544
1179007
1073279
1474956
1226524
858271
808848
1053520
719517
1354522
769590
983680
1083470
780914
1843653
800237
296
1166448
738980
994495
1385397
40017
794779
1489207
172662
Total scores: 62
Average score: 213753.50
SSH: 2, SH: 7, SS: 0, S: 5, A: 36, B: 9, C: 3, D: 0
