257379
658127
657917
675734
744673
869222
1029562
668662
772983
727998
1032126
252238
158954
74697
841599
737408
345189
1052795
1033154
80914
822166
1242793
844815
1058918
815857
511246
385544
131891
1028733
1144257
487384
880321
900379
545195
157886
1123758
1242790
947358
92188
812721
464294
1030374
808849
719804
88632
245284
148718
24695
917129
1403948
176339
1312373
1100512
264090
1172819
1221423
1367861
1291657
539909
1313969
263382
820336
623699
1065821
72585
1468736
801303
888621
422328
Total scores: 69
Average score: 257001.88
SSH: 0, SH: 0, SS: 2, S: 7, A: 54, B: 2, C: 4, D: 0
