1656727
1911308
1286726
1869933
1204537
1612329
1892257
422328
1734750
794670
1955170
1053415
1596706
1919312
1217417
1642274
933827
865344
839947
1969122
164020
813573
1882794
910147
1601457
2022718
801303
926644
1016169
1209160
848582
1345676
1736571
635865
1895603
1312156
1313635
1365772
1891512
1681810
734339
1728493
1509460
1968283
821548
1474946
789765
1489207
1986416
1655981
1218337
1869619
1354319
2004342
784791
821070
1257564
883670
1158434
733943
1064909
1215641
1170732
1118311
129891
1369375
1295867
1344602
344715
683825
614323
519080
1846321
1476582
1219148
1468970
2132928
1706210
561335
1351114
905745
905800
1004915
1289927
1409923
1860433
1267491
1681634
437139
1033882
1236211
1528368
902048
1631588
1040942
41044
72585
1563135
1406470
1137173
1872873
1714634
188835
1155085
1076862
550235
1740092
462736
649184
1399651
1935932
1890412
911612
1208919
1828346
1606114
492064
2150079
1754266
Total scores: 119
Average score: 229297.02
SSH: 0, SH: 0, SS: 23, S: 26, A: 50, B: 12, C: 5, D: 3
