3708195
1869933
1754777
2458202
2596018
2164997
1872396
1919312
1861487
2237466
3884667
2469345
4791798
574471
2613334
4425879
2518847
1570203
2958102
2058788
1031991
2360153
1844417
2659911
338682
2461085
2496720
1642274
1860169
2666060
2444148
2994583
1911308
1619564
2118443
4415584
2410945
2587891
1556336
816600
2586235
1695382
1537817
831241
1199955
3956011
555797
1582287
4189842
658127
814293
1969946
816327
994495
1262832
1702172
1315468
4761861
1621068
2102287
1226524
111680
2615748
2444149
4225030
812590
2194234
2200809
1808605
1843653
1262433
1046830
1289927
1413257
1028733
2304259
3873445
2060302
1400686
790048
2022204
1401254
2151203
47152
1385398
1573321
828242
1752315
3018109
1527747
3919008
696225
1136506
3874766
1353480
1749322
3834249
2226722
2276210
1321542
2287401
2245774
2824441
172662
72585
1512177
1008998
1141858
2025942
2468866
1762724
1626530
1649528
2150737
1951973
1236582
2164769
2067473
3217116
1262434
1014241
1245365
808848
1059894
660357
1371599
1531547
1783812
4351425
737100
1177545
1655981
1264972
1764213
1574314
1827864
1508535
3320563
975549
2981606
898106
2980264
1495848
446256
3920486
983680
4306835
683409
328472
2514739
129891
1602803
52788
161787
252238
519080
2737173
422328
1514898
1608832
53488
1107995
801557
1296370
2097898
1120405
2078961
781124
1114754
83338
959233
1373950
176280
1018869
1405981
931698
1860433
1992711
4225181
2964222
1690353
31730
817174
1474795
552068
626245
1162425
344715
975588
3665005
1071401
4684394
80991
335041
1125665
1593361
2779000
1893461
3992307
83354
70217
1146709
1545686
848994
1541907
757823
1621319
321868
1319682
761868
1723257
45738
146372
784977
772317
132623
1414429
1763013
2902017
4060642
1161457
131891
1353828
1474946
1351114
2128030
1635388
345283
1068383
71080
271670
232673
1580539
821691
3802617
489620
915210
4143861
130870
419190
1623883
2530810
1489207
324223
1242790
20805
501089
1474956
196977
1283710
1313431
1319684
326864
1363689
1249647
1069224
1554502
1656727
1645699
781123
1161438
1769144
1021398
1156561
4579009
929999
1575142
905800
1610994
1154460
4189841
3122902
2335045
126645
813399
529285
4225083
916788
1507125
716252
87803
2569254
104229
1175841
716270
2023120
1285691
1385396
209276
3745820
2285713
865344
1857880
380646
1809151
2603107
4134856
3135149
889729
3623520
2135493
4598620
3572698
3782929
2123284
954692
2624078
857624
3229091
561335
4684398
2596789
1870068
776951
663725
3934310
1826438
Total scores: 317
Average score: 189956.68
SSH: 11, SH: 59, SS: 0, S: 21, A: 181, B: 33, C: 11, D: 1
