1770368
3884667
2632230
2616989
774965
2461085
795627
1258642
2097898
980431
2287401
2419085
2192267
2389623
949029
1784189
2530755
804164
2726492
2681192
1571309
1193449
1783947
1484776
1352342
816600
1829925
3018109
1736333
969681
2485565
4751016
790415
4751008
1438917
1977528
3963421
2431373
1630299
795810
2847847
1570203
1979344
1221602
2616981
1319547
1450423
2798282
2468866
1988911
1651290
1963713
2237466
1271985
2484994
994495
949011
1791963
2280910
1473301
1041710
1619564
3647151
2034983
2022718
1082245
794670
1095854
1610745
741572
1769222
974854
1071424
1854022
815071
889729
2935781
1893432
1046339
1056207
1653519
422328
3042164
2802630
1419403
1836484
1627157
2530810
1102144
386728
1087664
1780800
1080094
1762431
2201576
2335100
1934098
1313431
2468865
1055147
1178526
1003944
813198
1174467
954692
713594
1027195
782160
1245659
1563453
962959
1400414
1970565
1107674
931856
1401254
2518847
1056140
978382
1053520
3053145
1081936
1573320
2964230
2225736
4227542
953586
2060305
808848
1425283
1114754
1349998
1354114
951053
3493583
1763013
1092090
799913
2839123
1294192
848345
2822288
742975
4133852
2596015
2118440
945279
1474946
888305
848994
892853
3658332
795988
900631
1071242
1267571
2589321
1120682
889327
1768904
804411
1029562
4030039
2050536
1094888
699471
1177269
1091249
1385397
948153
878721
642687
948389
983680
719517
996109
3257737
1316758
932141
1450273
1011658
2078961
2587891
2404778
1268353
1791443
2697174
1640330
4706077
2485439
1848919
1694501
689775
2520049
1026729
1281115
792581
1341959
964586
1262832
3863490
1827558
1474956
2188031
1023307
777303
1384674
1799197
2837544
2237465
2194234
1619555
3044298
1312156
674128
1881833
1400912
3121360
814293
1034482
397299
2058788
1621068
1353404
1166813
677886
1232440
1495848
396105
953106
1030374
2447121
4586674
1097543
1169038
2306689
2098880
645436
538930
1797692
1898522
1500990
1104409
2023120
1764227
2596018
1649989
1183255
1749322
256840
1934139
1962374
1956122
1250271
2522352
1236582
853625
1971136
1981053
3888920
735272
3873669
1816320
2686456
780914
1143871
1753084
1059894
527712
3206068
891206
1796684
3081598
2048477
858271
1898986
2166311
1099383
4749569
1221756
3965391
540070
1150686
3592314
1262434
2546607
1799638
1819898
1262433
662064
2675038
4001316
1898740
2281078
3530613
1121983
1501472
2410945
929905
1595191
4670755
1027065
995837
979155
2946220
1086057
717133
3452379
910147
1271007
3932583
2108789
1932924
1654579
2150813
192771
2454006
1888008
1984141
2328342
3944076
1125784
1898518
902721
1972842
1255349
1675384
1837462
283201
2177434
2606069
3793506
1264831
1831801
532338
3385635
548741
1315116
932432
951171
1052795
1458199
467689
1216800
4867605
1742484
2958190
1974604
1041727
1775286
965549
552068
1468473
2410947
1663107
1931138
3248143
1972601
1968981
495633
2881112
549280
2035657
3752975
1556336
1521593
2117268
1096345
1365637
1796418
1971822
1213586
3723300
1158325
1531985
1120317
1709121
784893
1958927
807070
638551
1790104
178236
714001
2597330
2512374
2790424
3483307
2284768
1885374
658127
1536487
1659421
1783814
1504336
2125589
1520788
3789340
1314212
679903
4332904
4120003
1889804
1718671
3999350
4043384
1400367
2808923
1963403
1073963
1799101
1898523
940706
2141419
1707113
560453
3170255
3527367
1761536
2048601
1046870
2588365
1981285
3425143
1336662
631413
2282063
948431
757003
4027752
716398
2173926
2694992
701033
1155547
1590496
1028755
3486287
986375
2254987
793727
2663986
2317127
4761895
654520
2719334
1170453
1929567
3496230
3504849
2250247
2820225
3667132
1491789
3963797
1100071
1250652
2233275
282251
535808
1086985
1790103
1941499
1825875
2288377
385559
981204
1034534
4808501
3048435
4131423
3155647
1680262
2118444
3159026
892399
2279885
3583379
2012780
3205642
2535968
588599
2684278
2601109
2004420
1281190
4040694
689290
3725129
4031264
2680283
1898552
2271628
1534446
252238
1094998
3985592
3143258
2426162
2942890
1584604
795015
1269259
1229956
2223745
2721306
1087334
4713808
2325387
4705585
3683516
1795003
Total scores: 512
Average score: 204724.45
SSH: 0, SH: 13, SS: 0, S: 29, A: 305, B: 99, C: 64, D: 2
