111680
1245365
569113
555797
658127
977875
847314
83975
1029562
657054
792989
807074
547566
828302
1019006
552068
905800
657917
845378
592113
1277254
574471
817174
380625
31819
820080
757823
975588
949888
1201636
1303748
787307
1172819
917061
653128
21010
791274
869222
107875
264090
1218337
328472
1042794
812590
129891
180337
789765
855975
1031991
1028733
1181761
942418
1289927
983680
1083470
1301562
670881
792712
131891
1332018
1219148
917062
Total scores: 62
Average score: 409667.35
SSH: 1, SH: 6, SS: 0, S: 0, A: 52, B: 3, C: 0, D: 0
