1412291
917129
2102287
1256809
519080
816627
824970
1281115
1385212
909990
290305
335041
1386449
1699423
1065224
1180926
1032126
1349605
558277
1348161
1155515
800633
1824194
188835
1354196
193647
1628131
1149713
1843589
99989
651245
47032
1126510
1215957
1036393
1628133
1015113
668460
1181933
1156747
921911
1833738
980928
987375
1180151
787430
869222
420080
135609
1731882
1026729
95795
201846
172619
224416
1636988
1062671
822656
356170
283593
1412353
1920631
386140
1493704
1848332
554287
1551135
66657
71140
170706
2161172
1348014
1847154
154083
2108396
1023369
817200
107875
39028
1290618
131891
1731880
1685943
785910
106050
1009530
114295
1279490
1347841
923589
887583
1476582
60743
1118891
171126
1593361
467060
1259152
26385
1322507
1322346
539909
1260329
733753
164841
1540097
1008503
1417132
540070
66813
368697
1054501
519940
716269
387276
110394
1173115
834587
1843231
1242785
2102292
50926
1141084
403729
2133744
207659
2161101
29808
182093
1141858
147267
175782
1242790
2745
649861
53627
1827616
762207
838936
1351956
879160
1826966
966177
786680
1319760
1024480
1321492
2105630
1055945
1001682
800435
985141
355154
785904
663819
245284
675330
35188
71087
509510
1315468
1632673
328472
2020914
846105
1296370
1348764
178966
1017602
561539
155233
967558
1031991
1295309
1595347
1675840
26851
1266392
1213457
790218
1149283
1222034
753100
40017
178721
1409266
684970
1303586
45923
752980
913231
1161891
2015092
133723
318535
149942
1950368
19012
177162
1269592
1163521
48874
104229
1305841
999566
1213004
1449326
1564788
1591616
60276
1316353
72585
1008998
49101
1348191
1211828
1134237
1053519
42244
1142960
1015266
221950
1253592
380964
1088368
1076862
54581
118068
1619949
1681634
1688154
2132928
2135493
1947687
525278
50712
1142884
1046830
1255789
2024293
Total scores: 240
Average score: 155809.04
SSH: 5, SH: 4, SS: 6, S: 35, A: 100, B: 54, C: 29, D: 7
