4897206
4985596
4792013
4829677
4872744
4975261
5009463
4376495
2382377
4940126
4189842
4866452
4768149
1949106
4742940
2403677
4113363
3854743
4838456
4440053
5005640
4019149
4646545
2677494
2689931
3010986
4536514
4842367
2874408
2240526
1808605
4443814
4992898
4968530
4470043
4187053
4244680
2276210
4543721
4851922
4189841
4925156
4111035
4176938
1569904
5047712
4841213
4214779
2556199
4896646
4583712
4639931
1849580
1162425
4835404
1296305
4921872
4761861
4177434
4685718
3654660
4127115
4085207
4520510
4981161
2201145
3579281
4585194
2241580
1860169
2460718
2573914
3881559
1923214
2708949
3946158
2389303
4861384
2176404
4874327
2590119
3168035
2599450
2691242
4095763
1846270
4727786
2843965
4425879
4415744
2209202
2228387
1990718
2671379
4039494
3927904
2319171
1064976
2295882
1997892
4651531
4532648
4867167
1909555
3040104
855762
2458202
4541862
1075797
2898419
1435459
3221833
4985511
2117268
2314336
2100822
2520220
1860433
3284709
3393903
1003013
2574090
2279621
3173880
1414282
1279361
3648544
1083470
2034654
2568117
764082
1754777
4197563
1157868
4436738
4351425
2264529
3071981
1711307
1655981
4462023
3037642
1148905
1938974
2819522
4140323
2257346
2603845
1210660
3849847
1743616
4850086
2179629
2141888
1241370
861415
4493700
2352279
4855256
4735162
2486881
2318117
4783765
1732802
4287878
1141858
2129143
3644156
3310074
3946327
1935845
4093216
1582287
3034770
4914437
2325387
2505956
878379
4134856
2470194
2364135
3121730
1681360
2088427
4786514
2743756
4415495
2590221
1350927
1630164
4055410
4978004
1861487
1069949
4771467
3884667
4657226
2510998
4860510
1714882
888010
4855807
3093271
1527747
2078195
1451282
869222
2775397
3039613
3119501
3012582
1918978
2365752
2445438
2278930
3990534
623699
1997307
1857519
887059
1347794
4143861
2629595
2099491
4876550
2545604
2323911
2064453
4926909
1199955
4852514
1805627
4783641
2667802
1911588
988726
1313029
2684033
2063931
4246671
2028950
3396147
2545437
1462224
4319071
2419085
1626537
3131107
1890412
3501901
4468592
3135149
2111505
2022204
2368880
4291753
2659368
658127
1985735
1181761
4470172
2185224
2492632
4634744
1899011
1736571
2660294
2128030
2629589
2073663
2546607
1826438
2536179
1869933
1828346
3509524
3582938
2188031
2236622
1537566
2164997
2241579
2404778
2069841
2034983
1911572
1811722
2750550
2781369
3078877
1816243
2490307
4793476
3003399
1770893
1690355
1838426
2066867
1558337
1911308
1047919
2058788
1872396
1770623
3093269
2572295
1912276
2033294
3093274
1565884
2298047
2328680
1701404
1551135
1115737
2185824
1319547
2035291
1075001
2026805
1166895
2231831
4871942
1936782
3022072
1919312
3666536
1838427
1028733
2361328
555797
1969946
2530755
1843481
1954900
2628955
2610843
2068681
2055394
4915912
828242
1754659
948032
1995114
4810017
1895606
2726326
104229
1163521
972691
3041577
2624331
2004799
1836593
1738018
762207
1494828
2506240
2097898
1955170
2025393
2410948
1332240
2317127
2205311
4199237
2796473
1895604
958098
2070594
2249387
1983665
2485793
1895605
3001532
4419660
3409202
1636104
1129193
4876749
2413824
1489207
1487213
1605598
4355276
1062394
4039342
1776723
927487
2013012
2615210
2689921
3764179
1875396
915210
4205425
2633231
3708780
1073279
2615748
1807735
1649842
2675756
2666060
1656727
1635233
1385398
4708233
652234
2330357
970331
1892257
4480795
2034429
2187211
1988100
2315558
1028910
2428358
1845585
4793648
1206670
633993
4404049
1661477
745360
2461085
670881
2639644
1344602
2469345
1594426
2958102
1024480
816600
2338610
2843304
2541735
1850409
774965
4198445
1909554
1920872
3257742
1737899
2127114
2620911
1947968
2496721
2264767
614323
1695382
3926086
1649528
2021776
2444148
2580634
5054544
133938
2474574
1911574
2484994
1962676
1537817
1829131
1459488
2360153
4853789
1274573
2053094
1255495
1580814
725718
4786938
1663107
2410945
2581428
3365677
1621319
2034057
3119369
1758255
2245774
2201460
2122460
2791233
2562794
1419243
1843653
2485438
827803
1500645
1395942
1802736
1737326
2123560
2401487
2058288
617825
4438909
1614477
1895602
1736329
4905645
2514739
3350992
1793625
952515
3262862
1270000
1988911
1571976
1672204
2674297
1882794
660593
2468866
1294882
1086267
2231706
2809073
1619555
1231420
806325
1123759
1642274
1828342
2731892
1258642
2189687
4746348
2281078
1925409
1476606
2553777
4170707
674324
4521745
2321562
4834218
1549739
2237466
1554502
2594347
2164274
4284866
2149819
792989
252238
1709022
4567074
2058087
1557181
142954
1827864
3123041
937709
1816571
3989082
2574259
2132836
3030240
131891
1766216
1579854
2185148
1749322
927754
1571309
680689
2384875
1872564
1936713
1474795
2274013
1261879
1917082
1852572
1027692
989228
2245777
1609180
1989203
1208664
1742483
1630565
3018109
2603107
2480902
1786958
860022
3903395
4786939
2118444
1112356
3145415
2686029
4839949
1981142
2258084
1893461
735272
3122902
1573320
1844622
2933746
2097992
4039339
1046339
1565265
4883762
117580
4733327
767203
2379656
1172819
2640144
4880497
2512990
2285719
1855195
1108593
2565674
2204720
4809580
2026320
1860435
3006996
1570203
1816113
1714634
2149131
1981053
1366188
2084862
2103968
308917
1519863
3104522
3331833
2799357
1352342
2304622
917369
3195618
2303916
2041050
2177340
999944
672594
2518847
1064909
1226524
1125665
1818428
953586
1021579
1843589
2014521
3353491
2126265
1972480
1763013
1649064
2330482
1343792
2197401
3246922
2229756
960875
1127798
1113246
2282512
804164
3038997
2169604
561335
1977528
978026
2187164
525278
2740274
4905829
1313635
1968445
2591349
2732387
2249059
5067636
3076104
2863658
1409923
2294654
2222070
1786515
3266252
2570594
1992711
710881
2246465
4039338
1893432
1804239
2495251
823257
2347627
1828400
305948
2078961
1492911
2025942
707187
1010596
768307
2245772
1192902
2022718
883670
2141415
1918015
2443190
2530810
1551576
1849433
1778560
2399766
2102287
2507884
1720423
2320949
933790
1610745
2173002
1476582
2474570
1769144
2193895
734339
2104699
1211828
1142884
1129951
1843086
1311613
1126915
2288381
1809151
1831032
1255789
839711
1654883
4905934
1200272
2040582
1258579
1842675
1187506
2300083
3137396
2779000
3708195
3724171
2570115
931791
3298813
1401254
1679667
1045757
1121834
2559938
4906012
1961300
966160
1816073
2059942
1816320
1651290
306018
3671741
1640908
2059455
821785
889632
1675844
3595734
276451
879062
2191785
3595681
1436329
380646
1405991
1762267
1612690
801303
1769222
1682475
2332963
176280
2941386
696225
2388297
2245766
1460331
3629271
1623285
369107
889676
1451342
3074108
1071424
1388399
2333525
1358299
1858652
1626183
1429168
1905654
2169301
2044362
2523668
1925194
412288
2444910
2229349
1935389
3814186
2268036
917061
718156
3745820
1602803
1530057
1458199
1762429
1898740
1579673
1906932
1743930
1988753
1827616
1932649
1262434
1924444
1286726
1602802
2168419
4786970
2495917
3784692
1679799
1541853
1217417
3816334
1013839
1324208
3851983
1454845
3834882
929999
2083422
1331610
3194930
367175
1820921
2677188
1328177
1127541
1594713
2535650
1578009
1921069
2785254
1770215
1400414
1561529
221777
1758872
3802844
866190
635865
2118443
1262433
845391
2106248
1679789
1839650
2321257
2477261
1734750
1044694
2219160
1968283
3778960
755124
2205152
4713808
3881448
774903
3220698
1973410
1831435
71080
1621068
2314855
1728456
1989857
1164179
1963713
146957
1306448
4662226
4638949
3301339
1056562
2014389
2346624
1587275
2486606
4958655
924337
1993380
118068
736214
1351114
2036903
3976121
2240404
1983406
1994599
4134503
2133726
1820817
3572698
1522329
1348191
1030303
3206043
2245783
2321259
2409644
2020385
1843593
899732
1312156
2046445
1396342
3098371
2112908
1619564
3350946
1764213
2331169
2640145
1728259
2102292
1667534
3904513
969681
1886839
3232901
699391
2048528
1686506
1762724
2102353
1754868
2223077
2273031
2735748
1961271
1915794
1029562
369349
966203
1724319
807074
3549213
2482032
3103318
3322065
1659421
1259155
2820218
726381
1003565
1578505
3558111
902048
1529189
1620144
1268353
3459056
905745
1509639
1594009
1186227
1954587
2570530
848159
683409
2134823
2562756
1137448
2742959
1454085
2125398
2677019
1896862
4887640
1707994
220330
2705258
412057
2225299
1345676
1256330
2968671
2125391
181253
1693956
1640362
1404903
2693244
2454006
3333255
2622787
1640330
1219705
3875538
1507125
2077854
1509460
1079089
1799947
691083
1468467
1064998
664265
2017799
1385941
880587
3462322
1214421
1855356
3107506
295985
1927720
958038
2017880
1302567
1735472
3385419
1865037
683825
2463764
523532
1979409
1871842
4605491
3019857
3356258
3530608
1760861
104945
1612329
1646193
691893
674349
1223596
1453420
2165744
3309764
1364063
1627148
1613687
2283348
2724375
694350
1768802
1095854
2650738
1598473
3613647
2719326
897024
1294632
2679663
1785750
3217551
1232440
1556336
3620693
85767
3629268
2022237
1533390
1104572
978877
1474956
3592087
2301163
1763222
2398423
1955829
1910096
1593901
3834498
3400087
1622044
1146443
989244
342711
2149716
4295242
768781
2545234
2640146
172611
2054200
970048
4303991
1701775
4426481
2596971
727204
513347
2234162
2138577
1527960
4225030
1127204
2296022
969686
1804553
2534559
784791
1855887
1158040
1072897
1615427
2628166
1250652
1944926
2168206
141669
1989886
1728216
4876257
1926958
1681634
2254470
2488855
2834752
1087786
2231702
1219310
3333706
1686499
3626128
3418992
2113754
2002605
4825675
161902
2250747
1898297
1033882
2267564
1828339
2404675
1853800
1353480
1626300
2274874
2085694
1498091
1954858
1809677
1428309
3771810
2483555
1863342
4157223
1975675
2789992
2050696
2242173
765018
1302139
1941004
2330574
728872
3370358
2439848
2340796
1535180
864446
2123199
880321
1262025
4059970
4893260
4031440
1136506
2535968
4243836
994495
2356514
1566634
2725342
1793684
4772080
1315479
1575160
1529763
3912664
3837547
131564
2164160
2479479
1790866
1807945
2753891
1981285
1092582
1579914
2516387
1100231
1481140
2268730
1872562
1652846
66820
1147
1607736
1692395
142145
3750319
1473296
2085794
3397860
2284893
2730666
129875
1180676
1730657
2798826
1946834
2103267
2024506
1594726
728870
40017
1888862
1979344
4543497
2231703
831241
1840736
2061192
1576395
2400529
1168376
3082601
1347486
3267210
1639261
1709121
663725
87923
3387261
1952037
1687641
2521259
752980
2002322
1743443
1260832
380029
1594730
3153084
1612465
1355964
1859153
1373950
1702581
736215
1298998
2417917
1806531
1559974
1065821
1602969
2124668
2278232
3712677
2331037
19402
2025205
1067513
2004892
2324863
3577374
1539450
1596240
1944412
4345352
2963216
1895603
2153775
1450182
1520670
1883681
2400783
1401173
2659858
1286241
1702172
1150868
2780924
2317124
2195806
1158221
1103841
1479927
1873941
3034391
4640775
3977191
318340
1227359
591347
1031991
1631588
2722432
2194972
30519
3306465
1234064
2479006
2586420
39076
462736
2198640
728878
1781876
483164
4845231
1762727
1307142
1345670
3707952
2325984
4059156
1592916
1817548
3513159
4929040
1937470
1399651
878369
2870806
4912905
1124268
2897724
2587226
1897316
2277236
4859703
1076862
1092234
1016391
660248
1774124
1859282
1764707
862088
1669719
3331635
172662
945157
1925029
3888384
1180926
1881625
4291608
2034895
2132928
1270410
2182766
2459903
2813660
1770695
215906
732316
2200809
1849505
2654458
4048208
1587059
3299402
1034421
4020054
4047799
2054191
580941
2609731
2383590
465548
1643386
1474888
1397854
1231072
2387620
1579923
764472
2994583
1128081
2327792
2781571
1377957
1851299
2209289
2044338
1247184
1124313
2154729
1844019
2069845
858241
2132924
2809623
924759
2450838
901854
1243461
1415582
3690510
1126228
738980
888621
1643106
2008748
1892253
1134237
1238045
2943265
2194422
2030843
2643166
796693
1245003
1095152
1252650
917062
196977
1170505
4029683
1256874
1429457
3542856
1868567
816327
1599961
1797542
1546425
544419
4243833
1662836
1636879
3203707
3101174
3019409
3990592
1639738
1859223
2169525
891757
2496318
1457148
342074
2030431
3614514
2668755
4088605
2039589
1706210
550235
2710014
3338304
1800249
3624213
3707958
415479
1492007
2729836
1124269
4694276
1768093
4276045
2692144
1714637
22538
3132824
32570
902888
3802617
4303564
1785659
27737
1396152
4710115
969668
479812
1377588
1294709
3411122
1797557
1029307
724015
1002940
1981708
4047810
3333745
1368231
1481624
2108648
735833
2458536
1373482
1414125
1613951
1629635
1797548
1492011
Total scores: 1536
Average score: 264926.41
SSH: 14, SH: 275, SS: 1, S: 46, A: 992, B: 150, C: 46, D: 12
