1783812
651744
1262832
1321542
1028733
1619564
808848
1059894
814293
1844417
1890412
1649528
1512177
1289927
1400414
638493
1262433
1102688
847314
1556336
1181761
161787
1262434
1895569
757823
1555610
983680
1829038
1764213
1008998
1405981
1736571
1396152
958093
1454623
1891512
1401254
1734750
1059388
815071
1374019
1621319
1068383
1632673
1492011
1474956
869222
658127
1720423
1843653
1313431
969681
1876015
1491476
1675830
660593
1675844
40017
1501472
Total scores: 59
Average score: 130071.36
SSH: 2, SH: 8, SS: 0, S: 0, A: 41, B: 4, C: 4, D: 0
