1241370
1256809
1872396
1642267
905872
1159687
888015
1655981
1754777
902259
817929
1476606
1114132
894090
509510
1183255
1157868
1018776
774965
1095855
1955170
1836593
1095854
949029
1619555
1199955
1640362
1895602
652234
1473301
1062394
338682
754084
943615
1642274
932432
1893432
888010
917129
1630299
816600
1640330
1828400
1651290
2149822
902048
1596706
1649108
1040115
869222
1073279
1690355
2225036
1257732
1495848
1718671
2112902
820619
795627
839947
1385397
718679
1621068
1073967
714001
994495
675734
1123155
1487821
275250
1046339
2046653
804164
1725588
953586
1003631
1474795
425761
957971
713594
1775286
1649842
794670
1450423
1183256
1419403
1053130
1558876
1508874
1989203
1438917
2082447
1571309
1736329
1557181
1369375
2149819
924337
980431
2294643
985875
962500
827803
1295194
1492911
1501472
1155085
2112898
1432943
2121230
795232
1028733
1003944
1473299
1848803
994370
2078961
1579673
1270000
735272
860022
1271985
1474956
1352342
1573320
970331
1678956
1092364
696225
693195
1385398
657916
1553356
1630100
1762429
774564
658127
1371599
674349
1481747
760743
1882794
1749322
1400414
948370
816327
1007522
1414282
495538
172662
1401861
946082
1071424
1354319
888383
820081
1041481
1584258
1299548
736214
1034343
1071242
954692
1177269
1734135
1156747
1650477
1315468
1451282
1419243
722909
622407
1487213
1654579
1031991
361818
1077675
126645
951053
1500991
1706834
1289927
1056140
297115
1576304
555797
2112908
704360
668662
660593
1695382
1635233
878721
1398881
1023086
767774
164020
970825
1020502
2050696
1029562
422328
760488
1541404
948389
1568261
879617
1547747
1281383
380625
1790044
1610745
1607736
1259798
480599
796606
1581561
1804239
1605598
1849580
2195530
1609384
684760
1032126
507098
486740
133938
933587
1443510
1819898
1185330
1405971
1028755
1533233
1331749
1138803
761857
801158
1039164
888305
380646
1030374
1141858
853779
741572
633519
815219
1690356
1395942
1093078
175693
713442
1101218
899467
1596752
889529
467689
670881
1366190
784369
260006
1542345
1699366
1512820
427586
1460972
1154766
1053233
1401254
2195533
1307291
1029307
1861656
1502678
1354778
1181761
1703420
386728
996109
828242
531093
889327
777055
1505415
1741062
1125647
1494828
902721
366140
795810
742975
814293
981641
1219094
1124630
737100
1537566
493373
1294882
774514
614323
979155
1059197
1091249
1162425
1045757
735833
1054503
1113332
969681
526757
965040
203906
1476582
1068383
1826476
928937
1219310
1083052
1086050
1658695
822166
812590
866190
729619
1949029
1694501
1145119
930307
845391
347360
776749
1983406
439956
1665829
1300151
743034
769590
96055
722596
1519160
777074
1367804
1187393
978026
712972
1706210
1482745
680875
892853
1515526
2296608
591445
1566387
974662
1619721
1728493
1211828
1616500
1524103
901854
1515406
1185036
848345
2108789
1974409
807074
1634526
681304
964063
2020385
977647
1243461
1632339
784977
727636
1139440
948540
712525
890190
255260
1281115
2048477
1083470
285086
1612454
752980
979208
1220839
1828691
1656971
705760
1670139
791029
808848
1258579
775074
1291657
1027702
1405981
1489207
1606045
1909547
1669719
1509460
471971
468994
1254678
2115037
1353480
256840
946711
778552
1556336
1243783
1082245
221950
891762
843155
876685
1024480
1905396
1570203
381251
1617365
975418
910147
256027
832691
1454407
1182818
419487
1527884
958093
1169586
1328177
459845
1688458
1351722
211044
1261436
1483372
1100091
603591
1419801
405059
1488698
853412
1306448
1816243
656337
1046775
1475516
1215958
1059894
2067473
157861
680394
1582541
869142
571291
1684116
1514898
1122817
1652205
819082
956502
1457925
884664
1661885
1071438
557987
435273
1492628
665663
495543
1021579
975517
805798
412306
136509
2190058
821548
1358299
978877
128283
1468970
1056207
817155
817987
1571082
1215688
293134
1201636
1467821
564188
1608414
432346
549280
1443057
1290997
475364
690778
1067478
1263789
1023220
111680
1439137
1538507
1064417
932142
1803397
1364063
848161
500082
1403240
609843
1521717
1255349
880761
1255789
588975
665149
2008344
2217739
1843236
1398848
787307
652127
560651
1242793
1899881
1015266
1505345
903049
1111760
1351114
130500
1728216
306669
646713
1643616
1943817
110914
736300
1596506
1188172
893736
132466
257793
297411
968220
1119328
373781
1008998
898106
385544
855948
905800
771495
929999
787430
673086
1414507
1018938
1358482
1755267
698529
99094
1411708
1182462
801303
1774124
165967
821785
1142643
1431582
341005
662294
1112356
2161977
931698
1321823
709264
1541243
1348191
641605
161787
633993
1102144
738679
133723
1249833
1344602
135804
1026666
142145
1584089
485109
1860433
146929
96351
969314
403276
161037
131362
815857
1704984
996108
766319
209203
1659553
308172
83674
595215
1129193
821201
766400
1679391
784893
1395662
1043094
1082510
1468473
1105826
1649183
728870
383224
822869
1623883
1954918
915210
98415
818022
1354657
177162
1619338
705091
1669808
678106
784249
1518770
229662
107875
487759
497762
966243
1578505
313319
1947213
892583
626001
1040644
1242790
1709151
1694395
2493793
827317
2204639
1601284
850854
1530270
48416
1160996
1356012
322054
1296370
1700275
368697
677938
1685943
965549
914220
1656874
987514
109163
787931
1632734
2191234
1313635
1522613
1366652
1052124
1490588
1127159
734434
1148052
437139
216747
890911
1981062
1514465
178645
1016169
1565150
126062
724015
1150427
1041727
1043089
1493704
792542
680689
725718
1573205
1080094
951600
1603810
1168783
228919
1256483
795015
1140087
1831051
1563057
1056562
628139
1627103
1454085
880321
1770893
2061192
124993
1594713
514597
1455320
1227359
142954
1602030
1480862
1350353
795101
1507079
1257855
524018
824242
1545303
281914
1568225
1369527
183460
1605734
756424
1264831
1463294
2046445
1509512
1123616
1074901
1947687
1142884
1863931
1268530
1125665
1548347
494818
308917
1226524
1396342
129891
596081
1548125
2149131
1106704
1093703
1480932
1158221
1318974
1406907
1387233
1709022
1204537
1567612
1392008
484036
1060576
104229
696783
1172819
1571245
2022237
561539
1509637
1012155
1808605
760466
1083054
433005
2101630
762631
1754266
1118876
1426038
890915
827835
1379296
1613687
1114721
385548
1332018
1036841
199304
1481149
684913
2124848
1290536
1076862
1583228
2048026
757003
1481624
1033882
1370029
1231616
1504336
1219210
1302583
561335
72585
733943
1173113
1968283
736396
1804553
1303748
1122874
1454845
1717413
1118614
458638
663725
462736
1121944
756423
1121032
1562551
194320
1314987
465543
1316353
49101
29844
1546829
35015
1968674
1049018
649034
1535180
862088
336821
1587059
623699
1083643
1603957
498989
1243791
1092234
1126228
211732
1349312
1142960
762207
1490377
1186901
1128081
1644670
917062
1186518
1529763
1403907
50712
1219705
415479
1289675
131891
1075653
Total scores: 876
Average score: 243718.82
SSH: 34, SH: 245, SS: 4, S: 23, A: 503, B: 55, C: 11, D: 1
