1241370
2280910
1159687
1828346
1158434
1073279
1770368
974662
949029
1270000
1588369
1736329
888010
2319171
817929
1619555
1018019
804164
1636104
1199955
425779
1039869
771496
1537566
816600
1843653
888015
898597
1494828
1160996
1690355
1738018
1649842
790415
1843589
985741
831705
1492911
2164997
1086431
1016701
1905231
1626537
820737
1875396
1029562
1219094
1183255
1095855
827488
1087664
1816243
773238
1812392
932432
861381
927487
1828342
1281115
909494
1193449
1095854
1343792
1955170
1627148
1107674
827803
1432041
1234535
1892257
1053130
1695382
1313431
1274017
644971
891867
1649064
696225
1602802
791713
887059
1474956
1040644
1055147
1725588
1509512
1174467
1057509
1913605
1849273
858271
962500
828242
1860433
1474795
2628159
986375
1082245
3572505
814293
1311904
951053
1461877
782160
1115737
1245345
931853
509510
713867
1100327
1419403
1382325
890467
790048
860472
715013
985875
1020320
1054501
1023042
1517511
1675844
1720784
1053415
958176
71080
953586
1062394
1003264
1464494
536476
981204
1092364
1060893
1450423
808848
1193476
1470238
878963
1544643
996109
714001
722596
1613466
1657952
816453
1028733
860022
900631
2847847
1032126
969681
833605
830158
737100
1293772
1258156
1349998
1153240
1126965
780914
1187393
741467
966576
887502
1313635
760488
910147
1038201
736886
386760
812161
1037583
278451
719098
1400414
1248817
966177
1409810
722934
1271007
999944
140665
117580
821548
111680
386372
1093691
1358299
1635233
761792
2294643
129891
1826561
1380798
1620698
1359720
1108701
1398612
797108
518069
1810670
660593
1324772
1401254
871814
526757
522348
1740182
498989
1419707
801303
1728493
983680
1245760
966243
1714637
663725
1793422
1831083
1053810
1186951
1185036
977770
1163521
Total scores: 225
Average score: 237856.18
SSH: 3, SH: 34, SS: 2, S: 64, A: 118, B: 3, C: 1, D: 0
