1556336
1373950
1396152
1321542
328472
1033154
1029562
1253252
161787
528220
1267491
1180926
335041
65810
1180037
1180151
172501
1180209
203993
1030374
111680
232673
1252651
256839
1257217
1385398
614323
1347841
905800
820480
1346404
1253664
1414507
1036393
787430
972457
1401254
917129
1405981
841599
1150597
983692
129891
104229
458638
1070639
1313635
40017
41044
1445198
970331
969651
133938
1332018
1345676
1032126
318340
664265
Total scores: 58
Average score: 115198.79
SSH: 4, SH: 9, SS: 1, S: 4, A: 29, B: 7, C: 3, D: 1
