1860169
1028733
83975
812590
1895604
1937819
1882794
221950
1619564
1861094
1157868
1600415
675734
1289927
2150737
1706834
1911078
111680
642687
1933134
1695382
1945175
1264972
1556336
633993
2017880
1942387
328472
1262433
696225
847314
2156842
1889232
1649528
1895606
519080
1844417
975588
1849580
977875
968065
164020
1537566
988793
1019424
1436138
2102289
1129193
1245365
657917
1029562
1530587
1793142
1098282
1474795
1351956
869222
75359
747855
1762724
1621319
1875396
454158
385544
558277
2014470
1033154
1256809
552068
1181761
1241370
1799197
725622
1318245
1675832
757823
1032126
1655728
116128
930249
1596706
1366273
435273
2102292
807074
1695991
1764213
1166895
155235
814293
1131424
1023355
1722406
735356
1828346
1201636
1512177
1535708
1572367
1169559
1240566
243487
1509512
667857
1762728
1136506
1484776
3404946
1541384
737100
1555610
781124
828243
277080
134443
1675842
1278814
1989448
769590
1574314
1253252
2112897
1281115
1675834
1371450
1219148
1403678
1074378
406299
930497
1724319
863038
864942
80991
1130952
124321
764441
428931
254001
132013
937380
1508535
859591
1324910
1382895
983692
996952
691384
632523
2606880
1748500
820004
1330828
1215956
1384506
606613
397832
131891
1113951
1383388
1264070
732454
1053519
432841
803402
1271985
3631228
827932
47328
793107
530589
116739
1869933
1107995
1797544
1512179
471971
821548
1030374
847313
1512180
1712377
1707789
1014480
920015
1224936
1255391
774758
777263
1534639
1826438
1655981
679084
983680
786680
407314
1382054
362949
649861
2014469
1522654
295097
1736727
1543673
823197
1139717
1180209
1563453
408298
275387
1829038
1106611
1012279
649545
63893
1531547
1390195
1106131
1401254
783230
130754
663888
529358
808848
820480
1351114
1350552
1694738
1849120
1376543
935912
1404052
1562151
1059390
703419
1574312
1262435
1031991
755932
1256532
373277
1496486
1614094
785113
1013310
152908
1385215
1286763
221948
1696042
1454378
112218
1252489
1316758
1365637
155989
828935
1846226
380353
1275999
821691
130110
1321542
801610
176339
223185
1100700
174604
1810188
1270000
892780
783667
514518
994818
107875
537377
1074492
1657917
2350659
1414507
100683
802291
725061
1632673
1318244
1676342
707460
1388395
748438
290715
943399
926583
148083
753671
1071416
790048
185650
1359006
1556636
972658
1385212
1018869
1530672
1925409
1368115
1184212
1623285
159880
1414505
670011
1610994
1124841
125251
1587909
1282123
121429
1688424
1978458
1415441
1574296
263384
454289
1805627
741400
1857847
1456883
1070639
1082771
446256
1605533
733753
902888
972457
2020258
512455
1836302
1064909
833638
1247650
1119026
2056718
1658312
1130950
719657
969651
34123
839634
1285526
103020
207659
1468912
976178
1083052
1938324
1820257
117580
1816243
1215958
1512178
730174
994495
1564181
1805879
910147
1474946
1403240
1177789
1372306
1475981
385548
1353243
1838426
1512557
1112356
841565
1843653
172662
1527747
1494301
1911308
1109569
1401283
1385399
1024480
129847
1046830
1917082
1261879
791390
1142884
1113332
1831051
1072011
Total scores: 393
Average score: 167057.60
SSH: 15, SH: 39, SS: 17, S: 66, A: 234, B: 16, C: 6, D: 0
