4742940
2708949
3854743
1754777
1714882
657917
4070109
1241370
658127
1860169
1770368
1199955
1064976
4641395
4641396
1083470
1983303
1872396
3055878
2315558
1990718
2322888
1911308
1619555
2486881
1895606
2129143
1256809
1408381
3018109
2690858
1989203
2993974
668662
869222
3647151
2323911
1484776
680394
795627
2256823
1793625
1808605
132043
1725588
1259798
2663986
1570203
3383316
2319170
2826730
663889
1919312
1882794
1141084
1895602
2014389
1571309
2505956
334760
1990449
1924025
1582287
1621319
1518394
667021
142772
875761
246099
1977528
2481631
2287401
718679
953586
949029
425779
1596706
1649108
1531547
1933561
422328
2078961
433346
2609731
1349998
2779000
1649989
642687
2394642
1895604
3658335
1633675
740044
85550
89171
696225
171767
820835
117580
2316176
876708
827488
1292434
2902017
1983024
1838426
1270410
1941712
1941890
1351956
2663988
1056140
923985
633993
1838427
2615748
657916
2829420
1029562
1046339
2437233
1749322
2499408
1702172
55474
1578009
1027542
638821
1242427
1726994
1166448
1476606
3364972
2083425
2628162
1623285
1518125
131354
969681
2697174
1537566
1026666
2659369
977875
2616981
380475
2014469
2331417
1986498
1469240
3071981
1029307
1493972
1621068
600515
2618935
2575657
386760
2097898
962381
1637380
2596018
1918979
1979504
1027065
2026988
879617
617429
980431
1196604
52862
1868547
1236582
2208487
199593
221026
1400687
1951733
246957
1896469
569735
2485565
4641402
843597
1150882
1964152
1682373
1556336
106491
646530
1209189
1784189
801512
1848803
1296610
878721
1737899
2485438
812590
1913605
2067141
140665
1260398
457448
1698115
2111432
1783812
285086
981641
53554
150837
2174699
1860433
1263085
2659368
2541332
2079597
392220
120066
1706834
3055877
2044368
1240086
2742956
657054
92426
1984557
2833172
985141
814293
2166311
142590
2574090
1884781
807482
1177269
1129193
2744036
2044366
1744522
1720903
1846447
1022071
1030374
2185567
667857
4187053
1059894
1885462
1603084
173391
1514253
360736
2197839
1514799
2309955
317327
1669719
1822016
2454836
139652
527033
1812393
142239
144320
550235
815071
126671
541673
1554312
95382
2184833
1938324
2059888
2260493
923244
2761379
229695
1482351
923245
2744034
1917082
555797
1383154
85513
3996406
2469830
755717
1915798
1400359
443270
1872812
2053770
777303
225490
1046830
345578
2628159
1026729
1619564
437671
327526
2041871
1292314
2026805
1537817
396105
1969005
129555
560453
3648544
1676603
693288
76663
301690
2646349
2307744
831241
135177
2319112
297115
506003
1632673
2480904
2400529
1831261
1235037
2208203
559071
2546017
1558876
231825
1093245
1947968
2037502
1766216
134130
1603621
2030968
1647660
2064351
741467
1820170
1454378
663992
121767
2647187
2050696
703997
2311482
181253
374405
328588
1799488
257793
1650438
948153
1351585
2372424
1991091
245284
1458199
1093374
1405981
86324
244691
2736374
1610746
2168802
91037
784249
807074
1932924
691893
1884742
1056138
164020
682053
1871598
2606880
146105
313025
444356
2351580
254370
895822
1754247
111680
332962
1996531
150898
2022726
2650207
432839
2628165
210718
2468862
1955170
777074
185784
486619
1192895
1452780
1093078
4234867
134563
339640
1640908
1795169
1557471
1881833
1886546
955864
486613
109301
1081936
85852
221950
2461085
47365
2742959
439474
583343
1620271
209276
794670
435350
186061
1738992
1873114
104389
2628161
3963371
1514276
1407295
2151203
108021
2573914
845391
1460972
54697
2022201
2102292
936768
2326754
1576890
3652547
1618983
1809440
59643
1258642
625507
881417
734339
887502
753698
1885374
361263
196839
574187
427586
1123161
1765847
1063907
2485991
2273541
1850982
674128
649184
1962182
374777
1252078
1620293
556263
1029255
1670393
2156842
2161926
333675
2368575
1614421
1618799
4287675
1840045
1641647
379411
54642
986042
1988753
1595256
1519346
2026782
2245783
1347457
2090815
196673
977982
230523
230127
1929567
1759814
363662
725622
86757
114635
1714821
791625
1791802
656337
1983358
2778999
1602811
1542345
827802
52788
507098
2237466
1185330
2108789
220908
2328389
2059893
215888
274276
2682795
4168943
435273
1144257
425385
2069841
1688458
433005
1701892
660593
662064
231917
66336
382930
930297
181843
350132
1972601
333458
3965013
2831663
705059
1425563
710150
483880
1558874
2129145
1988907
502230
195305
1741498
89721
1335815
2047019
3652550
83975
776749
1271953
671745
1524357
1954587
815846
1574314
884089
111302
2048477
314496
2216650
172360
1628503
1488073
455829
1960329
2150737
1401283
306669
953361
136540
1764227
475364
2801091
1915983
1714833
1983457
1603721
129891
1469645
553293
2258972
2281346
1570760
2633683
2295086
4177434
2099567
735701
214252
363010
355136
887095
1007052
2547378
95795
485311
2096051
438732
817174
161037
663246
2039293
1953873
1546350
517308
238648
1166895
106033
2485439
2335100
1586945
753012
1795723
1186227
1717457
119238
2245774
2532601
262189
456042
1400414
281993
369868
1633126
338594
848400
1004492
1523011
1657695
394141
265157
2131079
1750684
2340215
1653038
83925
855730
2338610
167718
1962758
281918
1576395
2530752
786018
397890
470315
1494828
709258
2274468
742549
207721
2523311
2042994
1725347
2099676
1307401
1229732
451414
56830
1155062
60238
974422
2519361
2559127
1727980
1938365
957931
98496
1229987
217651
2369202
399756
168504
480599
1982762
2628166
2075222
192771
931388
871639
2288382
1925014
282251
1754722
782160
431512
2603731
635743
889529
941820
1919402
784971
483390
140937
2622797
720590
635679
785162
1373482
24745
1869935
256294
46332
907479
2726493
3022280
2231040
2899551
2046495
665663
163973
346653
2784506
1158878
924337
2266094
2769648
864222
481450
56327
231675
711209
2129420
113527
2231466
57540
893209
450079
100392
804164
31819
1782778
164266
673086
124512
1672490
2112671
1156747
4541081
834589
808167
146583
181589
2117271
225134
1177545
618865
1077991
2844942
143036
1178526
406247
97934
1618980
1954758
2344578
1572198
1725174
501049
1650442
53913
403168
380012
663887
2101912
111439
1766792
338533
169841
2304259
2552715
295985
56337
186897
1456771
1849580
256839
387361
328472
348605
1404304
539884
847314
2319274
779439
1379229
1114754
166913
513245
2288966
1946507
1083052
1594726
812161
337873
185667
340284
1561845
94972
841140
1176410
1579673
638493
1527725
841068
1742484
99342
126859
1354319
1915096
24695
449640
514874
959091
511715
4131586
1831032
963877
51021
339959
2071921
999827
236344
52741
135396
215181
515914
45658
1054503
628755
2159667
47152
473218
1785664
1228840
1717459
147327
308991
1992469
392786
2514777
1274597
1916880
57628
113749
1367152
2967480
131362
1527747
1436138
103102
477346
152494
50496
1678753
108387
311573
817987
161787
1759602
353834
71080
204536
1008444
4153835
114465
1514412
70040
78913
370883
234923
1925405
47686
951053
1397544
443588
1938319
1372586
157911
2060305
808848
2097992
1541907
1647921
1829998
53926
1374019
119410
1634119
1853842
1360583
180104
1521024
85761
520475
648517
1358299
1506730
110347
131564
441128
140167
1031991
2507465
907085
654108
2227546
2613171
341285
44791
398620
39205
688305
991229
1582900
1926840
1425353
1720423
2037594
851811
672564
2252962
729619
947526
457257
1470146
2027990
10463
2353029
219090
690410
1956884
1562907
1054532
1939172
1736515
555291
2603707
113592
523376
1469103
44809
2048528
84801
888018
252482
95431
166350
626245
366140
2962941
50719
364473
154165
125246
815219
405981
1938318
298176
1165064
1820965
949011
517570
2364104
1181042
1151454
2031002
881416
52197
1396330
119431
776632
272524
121804
1810188
246748
1654578
49486
483186
1159687
696895
1620144
69666
535563
619051
73561
2193896
2607286
168031
49612
115891
896474
148716
1572870
2653116
754799
128875
1054525
1863289
1819782
35566
1975970
416506
441721
1311613
783249
45459
2530755
1697722
172645
1599267
134443
978877
2177340
83338
64468
1746492
261729
1656122
824622
934065
1924444
1972842
641071
2014028
268860
1565884
2350646
1759323
452044
56283
42587
468994
1191979
1463054
1318245
1522700
227772
685756
2256805
1745226
96391
2113992
4641391
116128
1287979
1869428
726068
4641392
81342
392637
123232
1994802
244117
69405
28422
1911078
523397
264364
100627
1978196
128163
49736
1003944
1509460
1158040
1764226
355154
2042954
518069
1583484
1480526
1034482
97501
1413421
1324208
57682
1659421
36841
2306588
106156
2063622
1509693
566749
49644
535334
783861
1704295
2683901
83674
1166050
958093
1630904
1438587
129317
2250659
2037574
136186
261741
1319699
1694393
515023
1551135
1317124
378178
1083639
133723
25224
774965
2885483
1982350
525849
332216
227439
363633
1806961
521570
475190
964130
1962198
1973577
77769
374776
843906
513847
1934193
59892
1707403
1602151
81594
80102
272454
1739112
77810
2042329
1438225
2465057
1066197
2276963
2600867
479354
719517
4933391
1808437
1772214
4173825
1501472
63412
1153267
44522
1783310
48416
539909
952515
1758872
45546
1589540
888011
408410
658961
69637
337229
116169
73699
313621
222890
27993
61898
342423
1794557
2557134
2198934
314014
1704553
74457
1700275
1850300
1512177
146929
46946
395239
1699369
419811
1150686
217552
1658726
440394
887532
144407
49256
3191991
137840
185443
728870
111144
1188172
1395942
54688
237848
2025938
1593926
490113
2074486
505195
84398
776594
58494
1183974
56063
637477
153631
2658939
2245773
1758874
2673768
1033002
75359
660244
1157868
974684
73473
406299
315260
187791
682074
688416
1160967
4182518
45278
1431981
126134
489444
2778998
1705675
2735238
3055880
102552
517757
114324
58857
385559
2055981
1441943
2732590
1158259
606167
641387
1888397
69396
490185
285549
1085026
1077151
373834
1621041
2694598
91462
1962335
902873
61450
593441
1160996
1120682
1962654
456937
1972186
1969122
1398810
1464219
344715
2056819
821336
2633777
1170732
152480
1465778
1695382
1513223
1981239
2090237
1541445
1530672
35450
2111436
731966
1443448
329967
1009530
542996
632523
2534930
1770215
80721
4871419
841630
2086442
1988748
556320
53488
62084
1147
917430
1643380
1919103
2144183
43603
1801873
2268022
2506085
325523
1493532
1208024
2556686
753445
139221
2004534
1952031
1080393
308172
1961271
172662
854824
1260403
1805075
256840
1961024
2026151
2530376
105806
100796
85807
27053
1605055
1193476
42583
127426
355510
1962267
2600169
471475
130500
1649842
2279615
112290
125102
211732
1648505
1510212
1398612
46996
52245
1854467
2592790
62589
1448059
1854468
47837
2837531
56923
4582640
519940
1791095
128668
1575142
2071069
422762
1950880
1633129
319694
2306585
380870
44943
104635
1401254
1079133
711678
411544
54581
240730
2187211
840427
1502250
1485947
356069
261725
98051
44218
2107837
673275
52911
2044362
136419
1258135
1696290
2197401
52290
1582618
430888
1344191
4785352
759192
1937403
502042
116739
57735
2683920
2201718
1417128
1053520
523224
1696846
2022203
1740463
118912
884664
1899839
109163
123074
52857
31162
2245775
1594009
2306807
1017374
2015394
434989
2932583
55177
2518845
598771
4393042
709313
279607
728877
1683664
239016
1232328
2225737
1021583
65405
117236
92037
111379
1933247
2253531
267773
187507
75285
1219511
52128
1102963
55437
1410950
794779
1461877
1350403
945157
52386
955279
2162847
69219
93323
368524
2162115
231475
274033
234535
117641
45345
85315
1494458
1181073
21010
86293
80784
4178359
930424
828940
1495848
1756897
1583071
89547
1474956
188181
290733
261524
1360693
109528
1972244
396353
1674896
136553
119803
1499797
780914
415217
63526
905800
45565
106107
2570596
1032126
2024583
2722324
1632339
271953
153235
55655
1988548
119919
2288379
733755
1679686
1670008
992223
85166
3971320
63146
49822
584885
1022070
94845
1223604
44989
124321
25016
628753
1396072
2342060
517160
1978458
471858
464887
241578
428653
89856
71332
45601
638017
2070409
56914
351993
83159
933615
54549
2837528
1949535
82573
115352
102441
120318
523575
1651290
478504
1191921
84142
1809113
57503
917129
539697
1648606
255141
527704
76638
1474641
282166
181507
64780
55494
1603705
48006
55507
97923
371893
1216208
44139
2024425
2067655
1835696
100957
18768
660594
43671
3946158
56347
1631290
463818
1517687
295282
99960
1943012
54576
2248128
1328176
1576304
64996
995835
2067104
662294
222278
1512693
57380
1532288
1639118
2004269
1029189
802440
2654645
1982581
2245767
163250
144029
958653
1674334
116708
29775
1524581
885153
1156405
43691
127138
441818
712983
163935
86079
2283409
2024647
205618
93527
973229
457590
58394
587547
2557130
804824
2460779
31838
975418
1411119
1475510
47304
1168218
570975
2897563
2659360
268080
70213
38426
435994
408298
66820
284702
136411
53159
94005
1281383
2399462
118054
1258579
1440976
47459
1178810
2296610
1672021
126645
1979843
1534523
47328
53569
56723
75822
2650657
539361
84485
98615
551273
1818785
1398002
1795146
61008
532841
1458748
860311
79749
80991
1028733
2410946
2518847
34211
85185
146372
494847
1657612
58062
1969386
525278
1644000
135142
2006020
1981053
116095
2722431
1109565
2641372
2114224
318950
144797
120121
35031
738929
1691087
1686018
228919
49575
1762724
4871418
79190
1528368
119028
53811
2611482
117418
52276
2245785
361688
50926
1077370
82785
101337
1691089
91347
1517653
50625
81781
165519
4881489
1804393
60013
215238
1906336
2598720
52398
58440
2147836
1716490
97995
1852572
1892257
1944926
117359
1233523
1265438
1592917
216747
1948688
780917
291285
972658
1300518
1753084
103051
457061
26436
1609410
83729
2245787
4888615
397476
1432512
1650439
1427700
2015158
107875
916972
1530057
1191832
1712377
2286338
418211
2333933
2194541
356182
2071936
168254
166477
1674897
112035
81620
2285947
51300
1815491
1895589
1181761
1041036
116184
38507
456247
1078677
667982
1011226
3683829
54788
51577
2349701
1187302
82962
88397
57162
1691086
392927
935948
120921
54072
117424
1307142
505109
77231
1654883
1674547
46747
1493486
119375
101916
187410
85974
704161
49889
1262434
78338
1122238
1161150
1252022
105003
1350672
1349621
106123
2268023
119310
1619561
772476
263380
1972105
449848
615225
412306
159976
2286137
46362
2067602
1219193
708140
2069748
960539
172473
1658312
1172784
128606
2494519
799208
2077119
2463764
1219310
655931
258634
733753
1068383
1776976
88145
2735647
1321943
1854022
1662038
474115
56334
1873663
2245784
87369
2105630
2779004
45211
150621
1562546
133938
2633790
30570
2014556
60089
451227
35426
1215538
548376
1656874
86266
82734
130110
425761
1639114
1730526
1267078
1512820
1453659
127217
1071242
1908798
43666
2668814
1078109
60027
10820
2034654
1303587
56549
1291376
2861267
1582579
1318031
2023927
44782
1348414
2241580
1970659
1460478
1973315
1475091
47030
232568
49067
283509
46880
1816320
2596586
1398995
252290
1218407
1764213
1694395
2661970
1704422
125201
1968445
1313635
2011421
2679078
1768240
1844624
80145
2530955
81849
1452809
1751858
415307
2160150
2042638
35174
124993
65810
649319
47568
2040812
1969064
2464094
121429
1639084
1844622
1131425
1828346
1982162
858271
116023
46475
315
90854
1732802
57397
3093271
1589834
1597642
2361192
85490
2058539
2150380
86998
121650
136336
173169
2201814
1869619
1390352
130893
1602909
1730139
1690355
795988
134855
516295
2341609
40034
1938957
927358
4829652
180423
43567
792057
111578
1643999
925802
77580
138552
38048
144737
2066493
766938
80200
2655718
2351033
2017881
2341604
1318360
2081844
1639281
44406
1592915
240689
707204
803197
1530206
1601386
734184
84748
60990
1260329
264090
1834146
1525053
75068
1656877
2281378
1257656
1527745
2222967
20737
1311918
932400
98415
1839599
320127
76515
1455320
1261879
2102287
408632
859001
105940
1782215
1185510
438783
1895605
2751465
801303
1626300
1675844
65233
414608
1463294
1413524
2530810
983680
2402711
1501684
45607
1537587
1501582
1786086
1563057
1155913
2041399
113727
1102147
2245781
2288383
1541293
44526
2228352
236637
175693
1917158
98943
49595
659991
969651
60994
1650477
677604
1166087
447179
1646193
2130224
1627723
1390497
356375
1255789
48098
2125711
408633
1597806
1843589
43231
88296
699471
2593619
2245771
41259
839634
1754868
844058
60858
1455779
7273
1614054
115371
2665225
1750069
418761
50776
2055688
58319
1855195
281914
2168768
2606065
1332018
22131
46615
197813
1791372
1572868
75831
60276
665543
2486606
1474946
561316
45590
1918978
1175599
1072897
10848
50354
533695
49866
655794
154988
122826
88628
2022202
44602
1742210
602547
1635873
1529804
1588069
1417797
1679799
1120405
816600
1529784
129847
1372542
24513
79982
1596933
40285
2283641
1089798
1517062
50712
53182
2089609
2070365
1686506
2283411
2318096
43827
3468147
949888
2579321
1935596
153857
1498892
1697648
226279
3572698
2238009
519080
96095
1676675
20382
43423
2574880
2245779
2150701
27491
39249
107656
731320
105143
48100
2185106
1733039
1046977
2205127
1188584
1938125
855536
53617
1642274
275250
790229
127363
1701996
47283
2279614
1458215
690982
894744
1319964
816327
43569
1301434
47682
370777
1438557
1132240
2003632
1284002
4921853
1169864
1649528
1714884
40017
1468473
1017530
2732587
991014
1159096
1803208
790238
112385
1536664
46842
19012
2129181
1442673
869286
961023
57876
85494
779950
19043
1893439
1716732
2195762
2167576
19467
1911666
1347099
1730658
45785
116854
286489
1509549
1174467
1679791
126062
1306747
1938210
1784909
1179849
4565772
1736327
48067
2028807
108762
203906
1526485
944722
2477261
1917013
4720942
2832913
1503657
2633684
28939
142145
683970
994495
1991374
4881488
140897
2428357
1809691
52333
281632
1836593
1476582
1308993
2245778
4641389
406358
1595157
134856
1774124
2077521
1687641
1761422
1828136
1885461
847296
1731880
1343792
933143
32175
499337
129407
242948
314645
941600
1983406
1095418
342075
2338619
2020483
1252711
1840736
1541243
987947
1722406
2050536
1573320
2101557
859607
1363365
820483
1187393
950679
1253592
138697
171256
1736333
1313431
1848919
28783
1086057
1289927
1985735
27637
1160282
2016274
2263835
878369
784243
1950559
2742645
1701715
2279602
64266
2514739
25580
1583147
992563
966243
1142884
1492637
2484994
42311
52752
3604997
2352495
107876
2149131
2552046
1839305
119021
1670874
1625191
910147
145070
2006107
131286
602917
2118440
2208111
1718671
2048191
1268973
1033882
53790
1690356
672100
1944412
1618424
1044610
1858799
2040582
1752315
1155085
872885
2022718
1603081
2011121
1271007
1367259
529432
474326
1121909
1591970
72585
1984358
2817560
2200803
630977
1345677
2958102
84218
1097891
1500058
1911335
2778437
1681360
1696136
341
223397
1656727
39076
2039544
1947202
1524183
58970
1193512
252238
1675837
106965
803198
2053094
48632
1916377
1679667
1060869
2084862
1231616
42697
1685633
2056998
1415661
1076701
2061191
2565674
2231706
1690353
1759171
1082245
2082725
1095152
2004799
1889232
1354842
1394791
2365752
1796309
1681634
1011398
2289268
164183
87717
63322
47857
3003419
1102144
2410264
83551
60737
1396342
800930
1922277
680689
146957
41044
764441
715044
2058087
785904
924759
62269
65756
342074
1509639
841599
2125719
1809151
1899100
1410549
2241579
2731312
1608414
2020258
1168174
1631588
1399651
1846270
2304622
726381
3833439
1507125
1295846
2562794
2918482
1118614
340652
1565265
1062394
1909230
614323
3438148
3976192
2864137
1462224
1365213
1621857
652234
462736
3767017
927487
1505901
889632
1592916
2101630
1344602
3119369
663725
2088427
787430
1983405
1231072
1989332
1677737
1828342
1076862
1256330
1926958
1816571
1095854
1408519
924414
1124313
666445
1219705
49532
418762
2325387
45433
2521259
1155547
2068025
1768802
3073484
915210
2200811
1180633
Total scores: 2580
Average score: 210439.38
SSH: 137, SH: 807, SS: 1, S: 12, A: 1398, B: 183, C: 41, D: 1
