1655981
1838426
2660294
1828346
2798282
1869933
1805627
3579281
2484994
2615210
4914437
1895604
1826438
2505956
2323911
2843965
1217417
1969946
1816243
3881559
1860433
3773248
2097898
2069841
1690355
3071981
2088427
2354378
2129143
2022204
1157868
2189687
1890412
1208664
1892257
806325
1784600
4425879
1872396
4914436
2201460
2084862
2041050
1150868
1776723
4793476
1736329
2410945
1596706
4876550
1695382
1554502
2469345
2759787
1163521
1199955
1249175
1922277
2428358
2020385
4419660
4726119
1951721
1537817
1193449
142954
1046536
745360
1626537
1895602
1911308
1492911
2689510
1571309
1955170
1619555
1917082
1029562
4867605
1125665
774965
1770368
4924798
1074806
4791387
308917
1843653
1226524
1091973
1654579
2077126
4883762
1484776
999720
1640362
869222
1642274
1843589
1788628
1636104
4857997
1451282
769590
3257742
1419403
801158
2510998
2058788
953586
1736333
1893461
1306992
1918978
1028733
1609180
2025942
1046339
1763013
969681
1749322
2082725
1579854
1849580
2328680
4199342
1231616
1649842
980431
951053
724015
1341646
1354319
735272
1838383
1474956
861415
1438917
1700568
1699366
1123155
1102552
1271985
1352342
1580814
1473301
816600
2444148
1909555
1637380
1657639
2095008
894090
2195530
2518847
889327
816327
129847
831241
1071424
1857519
1829925
1988753
1573320
970331
1091062
1187393
1172819
1082245
1752315
1053520
1551135
1502044
1989857
1988911
1944926
1690353
2779000
1031991
1883745
1572198
1623285
2404778
1672250
1495848
4883679
4415584
1848919
2102287
4705585
2445438
2044362
1995061
1860169
1215958
1120682
889632
1783812
1102144
1385397
1112356
1312156
1241370
994495
1621068
858271
2029046
1282960
1020417
1843565
1115737
1289927
1281115
1630299
898577
1595191
1026666
917061
1481747
1762429
2689931
1178526
1365772
633519
1925194
2034983
614323
1649064
2089680
696225
1764213
1126915
1675844
1509512
539394
256027
4921971
1675837
1344602
1682475
890467
1848803
1626300
1401254
1129193
2229689
660593
3551549
1977528
1916244
820619
949011
2245774
658127
1095854
1177269
1501472
1844417
808848
1627148
929999
1600415
3746239
1669719
1071242
1313431
1077675
900631
1185036
2461085
1055147
845378
1313635
915210
3319234
1307291
1174467
843155
1474795
1076862
737100
1080094
2628166
1181761
1570203
2285719
1826561
1895607
828242
1075653
839947
1412805
1556336
655679
910147
1889232
380646
1262434
821070
794670
2188031
894744
1977950
1619564
1474946
1400414
929905
890190
945279
1067194
812590
1262433
902996
1003944
1127620
677751
1796164
1046830
1317258
1973410
1490377
1289926
2487630
948431
674128
1838427
4194071
1408519
3638672
828806
983680
2562794
784369
1204537
783229
897279
690778
2021776
3119369
1643270
1637391
3853713
1807735
2058087
679131
1294882
1819898
1568261
1062394
1534523
1895605
526757
1341959
2338610
680689
954254
1099936
1383389
1468735
1910549
1166448
1405981
1021579
179070
1917158
278451
1219148
1799197
1454622
1091249
161787
905745
203906
711758
848084
665787
1142884
1714637
1849273
1682749
4060642
111680
1095855
1483372
1051587
2084628
1804239
805798
713867
2088272
2530755
2022718
2195031
4803734
464294
1353480
1809151
817174
1925409
1702984
635865
1701404
1109552
1204536
129891
1517511
677938
1053415
937647
328472
1441054
905800
2233760
1572457
1040044
1654883
3963421
4919168
926644
1657952
789765
1563135
995563
795627
1620144
2020258
1204252
2423683
1262832
1879954
1278814
2262937
377903
1161457
1860991
378126
60089
1614477
1915983
852263
1565265
878721
1155085
264090
1918539
525278
2564395
4421836
1594009
966203
367175
1431582
881313
2060305
1643386
2338623
2237466
1632673
3877101
104229
1631588
441920
1921160
787430
1706011
4713808
2569254
1300513
1454845
878369
2078961
711678
2534559
3912664
1681634
714001
803418
467726
2112908
3627857
690982
110094
1531547
1059894
2293450
1373950
1669808
1099383
919772
1636565
1541907
1707994
1879808
107875
1254678
1890246
1476582
561335
1621319
1023307
2069748
2267564
2786980
324516
3206043
1911665
649861
385544
2019428
2229756
861164
1274573
50712
1385941
1169773
467689
1509693
1399371
2628955
2095869
1255495
50013
3284709
2775397
1311613
2231831
795810
1454085
1083470
756423
4874355
736214
721922
1656000
80991
1910233
1392499
2034057
1816571
1893432
1530057
511246
4810017
968220
591347
1180619
772476
3244253
1451703
1040644
4521745
891867
447035
1711326
1543159
4416883
2237579
2211017
1911333
899732
1158325
1530240
872110
1329774
1399651
2036903
898106
4176938
1818788
1462224
1778560
1406267
1679789
1607736
4857995
947556
1944412
465548
106965
1840736
1373482
1810670
784977
2240526
3902488
4415495
1565884
738980
1141858
4193498
1922046
462736
133938
3613647
1914735
1768802
663725
1579923
2968792
1134237
989228
2223077
2017799
1643106
4689249
479812
1286241
404663
544419
1328177
888621
917062
1592916
3023414
862088
2034654
342074
4874327
318340
2639521
764472
2004892
3070802
1050582
3745820
768454
1353828
1010596
1706210
1397854
2273031
Total scores: 630
Average score: 194642.33
SSH: 19, SH: 195, SS: 1, S: 0, A: 321, B: 72, C: 20, D: 2
