4055410
3658332
2323911
2486881
2935781
1159687
4528432
1919312
1636104
4445719
2437233
2319171
3884667
2993974
2675575
1872396
4370423
2659724
3805780
2322888
2798282
2684033
3149839
2194234
2632230
4475450
3923537
4835258
2099491
2419085
4684213
4744695
1205876
2315558
4751008
2628691
3535138
1701160
4862040
4419700
4857997
1157868
3781668
4834215
4024009
4704036
4528075
1725575
3648583
2691949
2330357
4859646
2616989
3532340
2623533
4470232
3471407
2274780
2962206
1024483
3018924
1522329
1319547
2231831
3582899
3769324
1946507
4646545
4834218
2267030
2235779
795627
2190891
4483726
2157863
987724
4822656
4887064
3250917
4636164
3041577
4473570
2203622
4122431
4595471
4704020
4960628
3670895
2204234
4000071
1861487
3881559
4426662
2561438
3895775
1778560
2715288
1494944
1682101
3533716
4757454
2241492
1097543
976333
2991731
3615226
1199955
4827320
4687919
3121000
1968674
4391965
4762107
1036049
4836625
774965
2245478
4468257
4176938
1905231
2233275
794750
3601629
338682
4867202
3917025
2403677
2874408
2240526
3997854
4021854
4971218
4853095
4225364
1028733
4874327
3408258
1112356
2684029
4894723
2139974
1782802
2017880
901854
3941762
4586651
724015
3833517
4720294
4455086
1756897
3827073
1801586
4099971
2084319
4438364
4215951
855762
1419243
4933392
4653776
4336505
1301354
3547162
4894158
1599393
2797918
4534858
2474728
4250172
3603027
3385806
4834212
962880
4638517
3802842
2301351
3773248
3250914
3608737
4119213
880321
4871117
3851983
1554602
790048
4839208
4852956
1871842
827488
2405863
3063865
2252829
1860169
4284866
4360557
1868302
3419931
2308666
1572866
2558055
4297056
4392542
4276950
3648544
922600
3066431
4561316
2337729
839947
4770599
4421498
658127
3266252
1156536
3113645
4054471
4440090
3446914
4818353
509510
1757416
3081546
2591820
4835931
4738745
4669813
2540399
3197548
4432168
1812392
3902585
3674291
4472564
2349467
4103881
3613771
4829185
3641927
5059692
4288486
3863490
927754
812161
4609558
4778062
4590529
555797
1093703
1555034
2804276
2138577
3048435
3815421
3781018
5058555
2792203
3155647
2226203
2004420
3127889
1938392
3792787
2916562
2142744
3638479
3818422
3932366
2599450
3765301
2761831
1623093
1518701
1105014
4838452
1099936
1845585
3869617
942085
3040755
4766137
3386365
2659368
1985735
3625243
4360374
4267133
1055818
1686683
2245294
4116304
1978833
4831782
4712340
4772785
3983866
4270897
2586235
4574841
3902542
2197839
4958758
4286884
2463459
4013412
3114804
2169346
4719459
2225530
4410462
1007052
3742304
4839210
4216108
3211577
2710346
4466793
1111493
1076952
2895932
1624249
3465034
4502914
4013640
3842610
4669914
1962676
4438633
3281757
4337666
1812660
4605017
4798763
4245269
962454
725718
3250913
3459651
2167694
2272898
2988681
2463234
3642383
2460961
2382427
1716490
4221265
3870286
2902513
2477069
1218337
2943063
896753
2652057
4049111
4184839
326660
2025942
3956467
4771567
1737899
2462439
4881161
4440930
4160997
4352514
2949285
3213722
4429940
3005828
2324161
2583617
1706571
3793495
4720942
2840085
2810965
642687
3216821
3643457
3552138
4444528
4745578
4024269
4871983
4787491
3255213
5053871
4436406
4346777
2583616
4834211
4230346
4360600
4213728
2736744
3232952
3515987
4337668
5081441
4377822
4366245
786636
4466537
1052871
4215279
3764598
1954858
4646879
4365511
4551314
4869298
924841
4796160
4392030
2194972
4452821
4377410
2958190
5007075
410858
3593157
2190904
1252286
2671055
4272169
3049239
2655469
3551313
1002858
2285120
4376307
4595546
1626300
4026373
4614431
4315270
3805866
3827811
3554363
977982
2957123
4669154
3242187
3981579
4153684
3168834
4213424
1761412
4442964
4417977
2294521
2566838
3856534
1531985
3793751
4094389
3160882
1807735
1962374
4242814
4910690
4831137
1519282
3968662
3718752
4837918
2140939
3178495
2587891
4071666
3451313
2118443
4482142
3884662
2175863
1233051
3026009
719517
657519
2042533
3392208
1974604
4549893
4302264
3817010
3970225
2299178
2274038
2035753
4286644
816453
1734403
3491545
1468282
283722
2838537
2534559
2602090
4448533
881313
4415585
975153
1754659
1676639
3762927
1039881
1585398
2101986
4389682
4392963
4503490
1076701
4693029
972502
4173470
2973576
1566520
1052900
4563485
3998695
4882821
2316176
4992834
4332113
949011
3666536
4497640
4199616
4373279
1474795
2411125
2670484
4046760
263070
2709349
438187
1476582
3017076
2799073
4956993
3942997
2311891
4669414
4786514
1141084
2894054
3640199
2778611
4297839
4394769
4309767
4687010
2063931
1786111
2161926
4421402
2790397
4565050
2136403
1826438
2628833
3471725
4063002
4655526
3032363
3898517
3280820
3797862
1982079
439135
3880952
2694184
4506790
3058012
2591255
2730292
1796164
1514773
4568849
3607095
4644043
3629942
2225299
3492582
2544752
985004
4431252
4867311
4376804
4393066
2887788
2657557
1909555
1487213
147030
4576770
3634662
1154766
2546607
3825430
2764026
3682480
3329838
2262204
2116466
3206402
3807785
407413
4881649
4947374
1139440
1513645
4719299
4691155
2393405
1905345
4479061
4957833
2761854
2739658
4300255
3860777
4775231
1787964
1024742
2559287
3083355
2914496
893739
2430049
4793210
4452718
4941706
1178184
522471
4757408
4464241
2957882
3271767
837694
4457206
2216530
4082234
5085984
4804443
2252249
4644430
4327290
4645891
3360035
2710969
1672490
2098616
2440571
2574593
1909554
3986513
2361466
4446098
4384371
4793116
3463835
4642476
3469843
4832057
1909273
3905613
3296916
118068
4527610
4125819
3644162
974662
2480904
4444857
2185651
1770626
4303937
4454372
2719875
4222413
828242
2943265
1939883
4670896
2995730
4904404
4247529
4446601
4342484
1909523
4717514
2717891
2535968
2687284
4756059
4501783
2317127
3808688
4855242
4736984
2661683
2197734
3623248
4507036
1292770
2689510
3227490
1047758
1417945
2549401
2332088
4815751
3958400
2049347
3802839
4754526
3846744
3879086
1551874
3300102
4479848
3902737
2791233
4612353
2595770
4150202
4660209
3676385
2785676
3584126
4631919
1759171
2593243
2168419
4443022
4284475
4763600
4022517
4037656
4348854
4375293
3779139
3958394
801753
4213063
2250670
2753990
3286169
2456930
4798251
4516885
3194930
4691636
4469452
1818604
3116043
5033291
4716340
2301522
2872154
3109881
2621468
3030240
4625968
3832960
2788624
2257392
4352411
1193128
3623520
2659870
4256127
1239875
3274515
2799220
4478264
2829777
2083029
3675562
2636826
4068544
4403180
2394621
340652
1095855
3136277
4208735
1836593
1508978
4386400
3809913
1235037
1723257
2785053
3265319
3931962
4110420
3349333
4098104
3681026
3168015
2249320
1234535
4652841
3266457
4840972
3890723
693195
4376782
620789
4167871
749271
4622085
2473923
2948994
3464509
1947619
2839123
4261556
1807002
4521074
4769143
4188767
4454511
3076004
1481746
4425879
4279184
4626839
4276014
1784600
4570593
3586373
653816
4267100
960991
4816705
2527026
2592149
1748667
911540
3276259
2836433
4275833
5000433
3963797
3714679
4734554
4647736
1640115
3063026
1008121
4257903
4167170
1736333
4404756
3042164
2579159
588367
694958
3020123
3645150
4292661
4762314
4586033
2911065
3609956
4921665
1817464
4528258
4580673
3586372
4909468
3752290
3055878
4566200
3751526
2185106
3910103
4700147
2673605
2034978
4387391
4722255
4502889
1850849
1114132
3445691
890190
2269544
3729621
4205849
447145
1173428
4324699
3289187
4539390
4430197
4477210
2023120
4093567
3370175
4856545
2107124
1057509
3866033
3979799
2034057
4303739
4160050
4730183
1841906
4656914
3277371
4802622
3807016
3311309
2879537
2033294
4216779
2623952
3582596
2378549
2498021
3862207
4255765
4336596
1997307
2125715
3265614
2553242
1158325
1788753
4503279
1686476
4208732
2729414
2546549
3508868
1389956
2662619
1419149
3086862
2946497
3128003
4840420
4102231
4595981
4041906
4577913
1251764
1030374
4131109
714001
2811259
4602844
3997097
4084868
3790135
4512618
2781252
722596
4563001
1971326
3172209
4906498
2730029
4208911
1245276
4366510
4335584
1186089
4996692
2200171
2586211
2808698
3340977
1183543
4905645
1836736
2514176
3794276
4652442
768986
4782042
2594030
3298591
1572709
3513644
4704124
3854965
3056312
2194715
1536491
1584261
2365443
187501
3503817
4501175
3036223
2317225
1295906
2585251
2066867
2255709
3046849
2938871
1483372
3734845
2389357
1581544
4511242
912134
4652498
2233760
4275962
4338756
3680277
3904012
3991746
1100091
4415584
4419724
4678306
3489230
4037927
2810600
2533116
1152984
4427787
4219265
4836943
2906449
3257742
4375117
1518458
2996605
3009051
3310130
656312
1524103
2663599
672594
4546124
3721348
3533337
4300137
4210839
2670759
1795805
3232953
3559277
4786400
3902488
3200833
2700285
4606998
3612539
359663
3997455
3029339
519287
4324023
4371624
3886940
1060951
4039222
2979585
2330438
1481140
4231822
3121104
4809993
3056495
4838687
4174464
1040644
4563663
1021579
2823866
941114
4108545
4001866
1459108
4844961
3291179
1488810
1073974
1657917
4035271
3711613
4500604
2015527
4781763
4765967
3167519
573135
4293331
744241
4551707
3143257
4104069
4567369
4751416
4053095
3015874
4795772
4447148
2711757
4745722
4664530
1781697
611363
1717798
2787182
2709097
3988746
1554312
300689
4322286
1627148
2836842
4638156
4033021
3882087
442839
1607736
2074136
3836427
3955003
4601123
2572531
3120956
827952
4509874
2739707
3914081
3997830
2474223
2395518
4213425
3279860
1351114
2329321
4196509
3876547
4339943
2218609
4437489
4362420
2218537
3398165
1169205
2234163
4587956
3498604
4166921
3936022
4670835
2295594
1706210
4332904
601405
4823582
4796274
4114030
3851001
816327
4698390
2368457
4753770
1706996
4482144
3767538
2329514
4041880
4477289
2784944
2770307
2480902
1142960
2936071
2194913
1869933
4112689
869285
3554008
4638083
697330
4238695
2703055
3269529
3983181
3966596
327230
2347627
3160386
2200557
4121000
4507220
4455929
1765587
2064116
4230094
1610200
2444527
4647381
2112910
2447252
3754518
1543673
1494828
2137539
4843892
2035761
4577918
766939
2446555
126229
2442129
1251852
154853
1218407
2748129
3938353
4147567
4834214
4510407
4368642
4265216
4383835
4826208
3077593
3484333
4276773
4570744
2368899
3646995
954692
4725442
2287102
2645666
2640534
2287891
3020777
3698565
4932517
3192865
853625
2320451
4262679
3805896
1213457
3982633
4345608
3854378
4582490
4384665
4019707
3580107
1383825
3689149
801849
3537841
3118383
3721350
3119428
4881932
2270137
4055407
4400035
4363090
1803114
1819587
3992799
3433462
555965
4196798
2560355
3722146
3411339
4663537
4372466
4164079
3669820
4106984
4658575
4805696
4602995
4001453
4275853
2024506
1095566
4077338
4393494
4677367
4160552
3413478
1759602
4574993
3726767
4350433
2685785
4506920
1000684
4497716
4298214
3013115
3617433
3077974
1709046
3852943
3699733
4594039
4722606
3844552
2867911
4845195
4497676
4505197
1783968
4003754
4509159
4522057
2798374
2857447
4460666
4597971
4589827
5079719
1886292
2719429
3795104
1741989
403276
930249
1642431
3168378
4266007
4501349
4629881
3118961
2594454
2952884
4542585
1804058
4047008
2926208
4725180
2561023
2049344
4681594
3907555
2336764
2777423
371178
1939709
1027195
2340750
3647040
3150892
2788498
3731322
3129805
4011128
4347692
3003744
3262369
4674907
4834210
4336067
4603548
4393816
836826
2852116
4472888
2326783
4681968
2249850
2328680
4352841
4586674
4577915
3164032
4286584
3327070
4813652
3360033
4462722
2126418
2367232
4816701
1189391
4538347
4688213
3916408
2410295
4001404
2865232
3337289
4648154
3312446
3668755
3722533
1947202
3520088
3731317
4420774
1728103
4925296
4415495
4965364
4586055
4174872
4691520
4970093
3832049
3890663
4560400
4131123
4557895
784977
4434509
1657066
4695360
2699222
4758384
4598634
4227895
3595089
1607404
3447627
4839947
4986651
4374648
4881614
2225237
4389357
4393036
4620303
3401244
2538808
3359866
2476349
4932522
309501
4284613
523376
1074378
4074787
1074894
2556993
1821815
2736518
2098222
4601788
2633084
4325843
1130952
181589
4020419
3404214
3731297
3447527
981641
2373602
4493707
3616546
4236749
3071477
4120003
4584861
3168048
3841084
4151497
4811842
4377914
4047804
3971233
1672165
770744
280632
2717039
2948486
4207078
4135739
4802264
1442221
2193838
800673
2606880
3921944
4721781
4075571
4430448
4049716
4927573
4148841
4607972
3493025
974684
1083054
3889744
4493040
534946
3554007
4275147
4427194
4547644
1564802
3734887
3019637
4285230
4450948
1116546
656337
2567431
2690998
2880786
4305245
260688
4455087
1322221
3531222
4210604
2450838
2475433
3169588
4678859
4683658
5072014
539394
2357095
2168649
1481747
1613232
2691157
2114604
1100700
1993172
4158577
766938
3896709
4533959
2330569
4546554
3085497
4119149
1365253
2597284
3609809
4005099
4443005
3999706
4111667
2409219
949234
4356255
4774217
4096284
4602196
3217057
40017
3925597
30261
4564329
2126411
4716364
3969871
3004925
832717
4598964
4159735
3461417
2922337
4963178
3110832
3169485
4151511
1701907
3648062
3792092
4144931
3240833
1183208
3929580
3938091
4448167
4932518
3382077
3843326
1693575
3117364
2960494
4748718
3223089
257512
622769
4106816
4197935
86352
3158432
1704201
3904514
4164086
1962945
4139422
351996
1012160
3647939
1831051
4083586
3501296
2259080
4148302
1431582
4893699
2399903
4584277
383521
507728
1788628
552969
3298239
4677742
4365821
3156883
5040099
3651208
4345326
4014539
903567
4322571
4680797
4154979
2724800
4422457
3554006
3414029
1637628
4050126
4419136
4771812
3422870
2856583
2828902
1842579
89362
4551340
4298038
4463706
1280898
3855779
2994583
3846489
2397737
4691422
4359640
3837571
4443139
823257
4790959
3998483
4529498
2608236
3322444
845391
3020221
3440632
3143271
3223086
3965180
4233203
4642477
2897135
4113063
4643850
4186738
1500058
3903214
1730139
3595088
847314
4674771
2586210
3516421
3606964
2617920
3461204
4037405
3813026
2915381
4093558
3606457
3070177
794860
4210354
1104841
1570203
3968755
2855075
4701529
3175889
4284879
2281476
4557288
1988750
4760524
3056476
4231220
3098371
874858
603691
2869489
827317
4151095
2142452
4459948
1748354
4512653
372368
3922369
4171632
4142758
1601863
3911418
1792343
3806985
3514299
4936779
2800663
2766688
116128
813005
3710705
404910
4474149
4769179
3875735
4287976
4061940
4697395
3055877
4309732
2641556
4104249
3223087
4221918
4322847
3702308
1029732
3182389
2110653
4042579
3885872
4207799
4538702
4834216
3977703
1843663
2004679
1870149
397904
3552907
4275882
2654506
2351364
4507417
3845870
3966597
787811
2352892
3087146
1838426
960875
4341639
4675836
157244
4687608
2650303
1740993
4380364
4276057
3878929
4001454
4277938
3003419
4226605
2889950
2794127
3373417
3987562
3772513
4186739
1711695
3119298
4653870
4213427
3322065
2677191
4804559
1559974
4044108
4278011
4520071
3668520
3418992
4397054
4163505
1429457
4678354
4647213
2173186
637625
4675834
92803
3223085
3950769
3891200
4412268
2061192
3760517
4664041
4120379
2581632
4348353
4947946
4114758
1031615
1030559
4018295
1259653
2164095
4588614
2048191
4006661
3019856
2562794
121000
1249325
194232
2623831
2870649
4268363
4386727
4057647
2966498
3572698
2451783
3729848
4431476
4164087
371175
361887
4932520
4146401
3509826
4881796
2157207
3375364
4834213
4032016
1490215
2759110
2929651
2708967
2342655
3819183
2585811
3638672
4723710
4028622
4288226
4366666
3614063
3864489
2774089
3946759
3404789
4171614
4397592
778295
1754266
4932519
2932798
4636004
1049018
3223084
4635629
4238418
4208733
4677740
4370691
4125713
2037761
4916586
978213
3089275
3223082
1926750
4242813
4186737
1066879
4618179
768339
1100228
4185807
4225823
2954695
3376538
1150868
4805902
2228894
4834219
3156337
4677743
3547780
1282697
4284814
3116119
4159082
4589828
2257115
2267564
3724454
4349848
4186740
2535899
3025113
3229091
4118002
3533482
4498745
3876086
2922336
3091139
1030560
4754028
371179
4622078
361886
3223088
4362635
889632
4638948
1110532
3565718
2777424
3468026
2176280
4932523
2848149
3899964
3926567
3976192
3073983
1527960
4605810
2101630
4693135
561335
4804746
1180676
3797136
768338
3995168
3313127
3091138
3521808
1390955
3591213
3613647
2479479
4186748
3833439
3582418
4155735
2769784
3656072
4249197
361885
4284414
3223083
371177
2048026
4352925
4678809
1529763
1042938
4480795
2658147
1787848
4662226
2853665
862088
3530608
4476059
4312255
4099365
3149884
4443138
4839341
3446204
4445221
3975990
2981456
3963274
4821685
3583984
3489464
3700995
4895643
4521685
1636879
1134237
3474728
4126701
3765522
4302998
4093243
511046
4313984
3912664
3152325
4323073
4848656
3921649
4020049
4948361
4847519
933875
4414654
4374452
3567527
Total scores: 2036
Average score: 321025.58
SSH: 260, SH: 673, SS: 1, S: 8, A: 1042, B: 42, C: 7, D: 3
