1032126
1619564
1321542
1483372
814293
1741498
1783814
1401254
757823
1109753
1632673
1675840
1893461
1215538
1555610
1167848
642687
1278814
1093107
1033154
1021583
563370
1095534
1762724
917430
1797549
1400414
1655981
1025946
1128455
1271851
1385399
1324910
956502
438061
1262906
680703
882897
1183492
1184222
1103552
1119026
1102829
1134784
935885
1097096
950997
420080
670011
454107
668662
703419
819282
787430
474190
611157
486513
783428
697265
828806
1451898
1180926
151030
667843
1360083
1046951
853166
518865
59727
1198930
414972
1311888
1414507
764841
438239
566538
817174
821548
505418
385544
1382042
1186518
1468471
1021825
1173114
999944
1054056
1405981
741619
773195
713935
525036
699471
1180037
1431831
1642274
1162433
756448
1764213
Total scores: 99
Average score: 138115.15
SSH: 12, SH: 34, SS: 0, S: 2, A: 50, B: 1, C: 0, D: 0
