1895604
2041050
1353828
1816243
2088427
1990718
1849580
1826438
2189687
2179629
1805627
1162425
1385398
1860433
2444148
1895605
1941208
1828346
104229
2469345
1911588
2257346
2241579
1655981
745360
1895607
2241580
915210
2492632
2410945
1028733
1836593
816600
1642274
1062394
955812
142954
1554502
1029562
869222
1672250
1843653
1892257
1895602
1690355
726381
1847499
1918978
1343292
1736571
1509693
954692
614323
870707
1071424
1401254
917872
1092364
1258642
1473301
1053520
1112356
1095855
1354114
1056207
1020320
1474956
1329774
1073279
927487
951053
1895603
795627
1003944
1095854
953586
2600354
1063410
131891
1668949
1838426
1365214
555797
769590
1301498
1289927
994495
969681
1385397
1561819
318340
1843593
742975
1264831
1082245
1529756
1595191
889327
1602658
1026729
768358
1395942
1030374
980431
1141858
492064
714001
1102688
905745
1008998
129891
821070
1181761
888010
713594
679131
41044
2034654
2058288
861164
1527747
794670
1476582
1419243
663725
1473296
1100071
1915340
1142884
1592916
1161457
791264
545143
133938
734434
1408913
1649528
Total scores: 137
Average score: 170782.80
SSH: 1, SH: 31, SS: 0, S: 0, A: 87, B: 14, C: 4, D: 0
