1311613
651744
1262433
1001682
814293
1262832
812590
165931
968065
663992
983680
657917
1245365
1092364
550235
1514898
867819
1503470
817174
1059894
1177545
816600
1373950
1062394
1052460
1859841
1541853
1768797
1451282
799913
735272
1181761
1517511
794779
969681
1321542
1477476
757823
1483372
1232440
970048
1264070
1319206
975588
158309
967546
1377665
1020931
1012279
1024480
775624
1385396
1317186
1474956
1018869
787430
1642274
1651290
793107
828242
1385397
Total scores: 61
Average score: 201520.98
SSH: 2, SH: 22, SS: 1, S: 6, A: 28, B: 2, C: 0, D: 0
