762274
1494828
519080
1170505
552068
903567
128054
1990449
974142
774965
2153980
2778999
917129
3972806
2686932
1848097
2585183
736214
756035
3666536
853625
274033
2779000
2640465
3386904
644067
167300
1207223
2302615
2965574
2496721
1628056
875761
1379275
848345
1300731
1620144
696225
1752313
888305
782276
1580557
1412353
251792
1110281
2702294
1255495
4172540
2803332
351189
844815
2473923
1003944
315010
771858
790155
3574160
2686903
1133435
1817320
1982308
306932
1559574
2548006
1962182
274200
718420
185781
753081
222666
849466
2004342
1875397
513966
677541
2076261
1818652
80914
1933871
279558
1988748
978382
2042794
1295253
174604
701033
191423
2113168
1752311
2025938
3977280
839279
1741594
1475010
278451
1703066
1477492
1018238
901194
1513428
3063239
1498492
185784
1917158
3152936
914237
132490
2840234
2047645
1228631
2102290
538765
1762730
817987
1086057
1817450
1156821
3175529
120569
1718699
1644943
2060306
557821
1826135
1262009
1264070
770646
77413
2964220
677540
2848899
1641848
520914
1385396
3659920
297811
591445
705329
3190211
3771729
1281681
1052460
1742403
3977279
853412
2096051
1864177
1812398
1699306
1014244
918723
152185
996357
1258993
404823
374777
2204392
2474678
2199392
111680
877432
1701249
1580161
128055
2476791
1707910
655680
56856
2352543
1715213
219315
461364
2459722
305660
1582900
1703564
2305773
3385205
490113
1110971
847314
1170747
748751
2017322
1931447
1531079
1827828
845391
709553
3182669
1108755
1827412
951246
698477
533775
1827036
4359795
712525
2096056
930203
800947
2672672
1898580
2468763
2306088
2063622
368261
1253622
2678279
1879799
3626474
1130378
1164688
2838849
1041079
421532
3875112
126715
787430
3008141
786980
43258
1789612
2769863
1744010
2693100
2727036
1350468
1984138
2198931
1325436
785583
841068
1828909
405982
374114
2217658
1109572
1208245
43787
48712
2840229
2136409
1091538
1525893
3454072
1026548
958819
827081
2096058
2373467
1557405
2590901
791322
1466402
1811435
1092392
628637
1561259
1670008
2965153
365134
937647
1826137
2057599
1834667
1200519
24695
311665
33504
719282
1355581
1405981
1094076
1693183
1231615
2060301
973427
2779002
1033154
1757943
374113
1968115
1570181
1241714
4425088
1300413
1343218
206529
2129147
1649183
1828729
1628055
1429835
1762733
230162
2835435
1213620
23254
2691689
1746344
1521481
2133968
1588830
178448
2061675
1724419
691549
1036841
352707
2025941
871154
1071754
1838647
1534268
801054
1301680
1515054
1697546
1022040
192180
1385415
25384
1436105
708215
2778666
899859
630747
1652844
81811
59225
1269444
93959
592485
1145134
654375
2094907
152078
2077124
1461270
1889455
1532202
808570
1324737
1863226
453357
828940
748656
1657468
2062642
1227513
1475932
3008139
2924673
793936
1079573
1678977
1649462
2090916
1649420
712895
2104522
2071371
1059388
806856
1967176
1989305
3160579
1223205
456277
1978594
1879800
4411100
2779075
2156324
1644945
31819
282249
1352853
1033429
719877
1701400
2325316
1389366
892780
1802637
131665
705378
663674
1836704
2778998
2813701
743203
416443
3407277
1773538
3830087
1451992
1414506
1174887
790229
3700573
1164097
108453
891651
1579562
736216
327062
2916575
1691284
1821081
1452811
2118445
90957
243487
4894518
1517482
29936
351188
882018
1710373
795108
627277
651333
2102289
993418
1686417
1939172
2013879
846257
80788
2381500
1068384
1697718
76147
1187250
1529324
1253771
1725871
953699
1752312
1088844
927521
1586053
2104519
60525
2078106
1706332
827301
1961481
3582060
1950958
2096057
1588399
1147
354253
1728721
1073389
2925802
2033765
1773232
1936122
1379343
3635167
62289
68633
1526823
1269592
317447
1620406
802211
2048446
1655728
4419204
2826994
767037
1592913
2327093
716252
1515487
782844
1836302
712745
772317
2108767
2732132
2204393
1620227
1574318
1784485
763201
1755395
1863225
132662
1800249
1464583
2807352
760766
1425094
684655
1516550
791305
125251
1262335
1499068
464588
58556
1215683
659333
57435
871697
2766225
225301
1749242
234535
979199
1922613
1827877
1661674
1687494
1566694
1728757
1946301
992281
1405980
21045
1014580
1288790
2014148
315090
2840238
1267717
1309079
1738445
4474754
36657
1535708
2018247
155064
1735345
1436234
1057659
211902
1474947
1310798
2350646
634349
1558497
939569
819944
1654076
819282
1074466
1635980
117206
998964
211776
117104
55698
756369
924156
2827835
1143704
2512217
96763
722986
1626733
1106700
2102288
1149925
2020602
424201
619891
1450380
1639936
1401010
217552
329283
77478
523593
2969237
57472
1040716
786345
1095534
2025939
1863248
215934
1285526
1879795
1130379
2837715
211775
2825965
1305841
1531842
855271
102455
785982
259259
1917157
1583545
1796280
649135
743356
228919
2096055
1517726
2835257
1182090
192182
1289398
1091309
1738914
1672216
983896
1318244
1315519
107875
1083055
792994
2151207
126069
1535347
39825
1839933
1116219
878124
136400
1474949
791319
1530931
1498150
2132926
1817155
114587
1119043
1414507
1152566
315551
4749248
2755563
200909
270363
2958201
1026084
697225
47682
515065
3669469
1268483
824713
1829381
2060303
1517653
1565958
994043
1817790
792409
1409614
1132307
1201506
1811192
3008138
1659830
4508498
471829
1072030
397534
781370
965494
1975970
1442773
1675834
50913
1745945
916628
1982309
1575178
81781
154806
823197
1149638
1812394
2765074
1807130
1561395
1583060
35266
1660761
334212
675216
1829038
786979
1957612
1175841
1936960
1080851
918930
155558
1530620
1149864
1474944
1572845
1295717
163463
919757
1318243
755964
677872
426891
2842056
839867
677542
1071565
984516
1214825
30946
933105
1741736
802200
533622
1561258
1838663
1211828
2042873
1846237
1811193
60256
1037064
386995
1318320
1672217
598911
145366
544561
665475
193436
1588473
1905136
2768156
1408480
857395
1847155
1833738
1535348
685141
1824193
1452745
1033430
1316477
45642
1572458
923897
72238
793937
2072398
1731489
1666351
1867048
2205357
796012
865534
714576
1992682
234412
1806804
1939425
3778552
789816
713935
1385400
1257142
1267491
773229
2772588
822096
1864216
877963
210550
1644001
1827525
838030
1093845
1580140
1537559
1799100
1123758
1120752
1296859
716269
114588
976159
959407
2836362
1679791
1498981
259256
1680300
356941
1186518
1252705
1549067
1438536
1370703
1608726
714528
791320
1726984
1442772
1735347
1635439
847863
1139717
386140
916627
985854
1733441
1735346
666884
3583769
2988414
57423
263382
2099147
1124841
1501236
851731
1840444
1797367
1855075
515641
761722
87576
1725872
1117675
279250
475570
1059390
1827252
1093148
1084459
1036392
1054502
793257
856920
1580331
1624522
935504
1332246
2769864
1850324
717097
1119026
1214824
2104148
167992
261725
1076150
2154187
1575100
1082765
796046
1058950
682335
983692
1093244
1813649
1059389
2014059
909391
4556723
1746343
955217
461082
867535
1103552
1644944
1158424
1530254
382932
1436948
822592
2060304
2060302
735378
4423828
1145025
1925478
192181
1846226
1535349
1802636
866256
698948
1803149
1911799
759318
1696087
1102089
649186
473697
136794
1449514
1862658
785584
2241478
681621
2551902
775814
1839535
1038400
942816
1805788
1429698
67661
1310283
136748
1516895
76148
1876014
858757
974873
1307319
1654983
1711700
1329262
2015158
896575
392866
536299
360479
1950957
1840048
1161831
108319
1571816
1269573
1816330
1493420
1863249
1011538
710727
1321681
100695
1818777
1361573
1914839
234378
783400
1826966
131280
602735
1771249
1752314
1434696
1258136
1109421
1520384
2112901
1259235
659439
1032282
748485
1385945
1014480
1687473
2046727
1655726
932904
1733839
1286618
1824194
1281080
1917172
1988751
2241459
1128725
678021
2104521
1850585
1591583
892920
246301
315553
1717855
1655719
1010849
1089982
1694582
1682129
1572459
1155228
1828034
1741064
1452819
700320
1514919
519769
476927
846258
1829441
1497705
1818429
1425095
1019465
651334
1859843
451713
1521210
33926
147365
136649
1816575
203905
1310615
1541746
786680
1551753
1587911
1622327
1827518
1935595
1951094
2161171
691148
872885
817048
1784486
2014388
449848
665129
835871
2070432
1355675
1654074
793934
1385213
94457
684072
1814706
1378367
1344678
386139
1070621
1988752
2849611
1819903
1260122
1465099
104134
2320281
1513129
1709822
1700020
1170455
1070639
377485
1020817
2549697
126605
2060308
1088291
667687
1010848
93956
856921
2102291
1678001
1209382
47032
666874
789817
107876
1385399
260349
1262545
1898517
230114
1501473
109021
1409266
867512
1018341
1096435
1225833
692638
709928
395474
792193
292368
105978
1967178
1736448
447035
1832351
1489274
1179679
1675831
944543
1672218
1516896
1525209
2054202
1415937
1018659
1468010
2090802
1655721
271776
1540186
1762727
1034889
1474233
1863229
1927246
2836756
1895589
1763558
924324
932184
943246
979232
1946516
1870937
1343878
155194
1111832
659785
2041767
203280
1854034
1711940
131156
1153237
235471
1021398
269867
1860169
1317023
1939169
1939426
1784483
1463190
979230
1641089
1756356
338428
43918
1464026
1536311
1085771
713703
1252651
384087
1827061
169760
1536199
1583174
934913
348551
1831220
1403948
1855074
1528368
1120537
451841
897517
1149713
465260
1827879
1513624
131666
1296463
1182214
179050
1628057
298842
1385401
1314571
1001682
1354320
775966
558821
801373
1442774
1496712
1409615
1513542
1786748
1707909
1809849
1509550
212065
793938
961907
1328841
1831843
2096059
553728
698251
521226
1486204
1223206
1209186
1176544
34348
1864008
1589976
3444743
1053019
912586
67662
720256
232639
1464588
687826
1654984
877872
1414509
531216
515123
2081004
1715860
516786
1695462
4422713
486651
107901
846260
351190
630731
557815
270980
1216901
2846508
125989
2104149
1145
173384
1827144
128014
1053802
285296
1176063
1137830
2769652
2100418
1458878
58044
1531876
260348
910866
951946
1649184
1574311
1072786
1769735
713818
763348
50908
1123760
389317
2241458
724212
449559
2100419
1201507
1841899
1736335
1161444
1593614
1123755
2118442
321481
1431734
318822
1844354
821287
1279540
1796364
793875
655233
1824195
1521209
1018660
689314
860486
2132925
235354
983093
407624
1414387
1914838
1516778
1303762
919962
1725245
47875
1994979
789818
692972
1370427
1736318
1163867
1119785
2050680
1107545
94455
136651
1074685
839834
1139047
785582
1082775
1599961
955422
1003885
1220407
442861
1941630
1082771
1093529
1801936
1726568
685140
1612634
1061857
953697
1988749
1863255
983897
107927
1808087
2825624
1809851
677478
1919494
34529
2223074
813127
791318
1863466
1306781
815252
384051
1309112
1783173
1736709
107877
1491540
147372
1817449
124405
1056750
1075125
1940335
1951580
1516704
822644
967561
815386
1975911
1826134
679242
1728722
2104518
55699
1920571
1155753
24020
493997
328812
515649
1002613
148132
1036393
210515
476825
1736328
1324813
1302713
1300514
28065
2060307
705966
1020816
126956
783398
705361
1672215
1395958
935029
848233
1296085
79202
1319285
1578921
856919
1095679
264894
1537120
1010847
1514191
196695
1535346
34527
55768
55697
107874
451665
994523
935503
2036903
449297
1537214
722514
741477
136553
1431549
1157868
1414928
1468910
Total scores: 1423
Average score: 134814.95
SSH: 669, SH: 213, SS: 145, S: 129, A: 261, B: 3, C: 2, D: 1
