2368880
1911308
1199955
2058788
1860433
1955170
2245774
1969946
2469345
2188031
1157868
1843593
1843653
1028733
2444148
2444149
1951733
2025942
1947968
2164997
1583228
1849580
2118443
2123560
724015
1977528
1451282
1162425
1816243
1619555
1580814
2360153
790048
1988753
1783812
2078961
1401254
1474956
1141858
1115737
1029562
1843595
1843589
1893461
1968445
1973410
1474946
1720423
1983406
2237466
1385398
1861487
794670
1655981
1159687
2237467
1062394
2185224
1970829
1289927
831241
1764213
1642274
915210
2287401
104229
902259
954692
774965
1311613
1095855
917129
1241370
827488
1627148
690778
816600
1537566
735272
1909554
1059894
817174
909032
983680
1030374
552068
1649842
514516
803402
953394
1153219
1018869
1483372
951053
1149303
828806
994495
1046830
1136506
1128411
161787
1065224
813200
1092090
1925194
1026729
1055147
1570203
878035
910147
869197
1486738
1010879
891867
827803
1008503
780914
956502
1086431
848345
1419243
1013310
1915794
718156
1071424
1401283
1354196
979155
808848
850263
1059388
203993
787430
1031480
1034482
1071416
380646
937647
1512177
638493
714001
832691
805798
1150597
861164
668662
1119026
385544
1008998
832140
1149713
422328
1872396
756448
142954
1917082
943399
1095854
1262832
483375
1073071
889632
1690355
1187302
555797
Total scores: 165
Average score: 172815.64
SSH: 0, SH: 19, SS: 4, S: 42, A: 85, B: 13, C: 2, D: 0
