1981053
335041
1556336
638493
1557461
1309705
847314
111680
1512177
1162425
83975
1509512
1474946
161787
1245365
385544
74684
328472
2118443
75831
1373950
983680
1215958
757823
1558869
649184
519080
1503470
1405981
1401283
1059388
1215538
1215956
1413257
602973
1573321
1628133
221950
774965
943399
1264763
1119026
962959
1401254
1264070
803964
1655981
1071754
808848
1720423
1180037
1262832
1033154
164020
1278814
847313
1414507
828935
1180209
1217241
329283
1318244
1095854
1675830
1385396
1403240
1493704
1059390
40034
66820
885030
1166448
1390195
1068383
486513
1136506
905800
690778
161902
252238
126645
1110483
1573320
452186
541392
847315
1046830
1627148
662046
38888
999566
1295814
2659911
221948
869222
841599
1030374
1262434
1385398
1264972
443616
994495
1947968
1218731
814293
788488
1218337
1099383
787430
1474956
21010
1181761
821548
1554502
1008998
3385966
1610994
647685
951053
1149303
555797
1125665
764099
668460
1578185
804164
1095152
660593
187639
131891
2223303
816600
1071424
176280
1032126
845391
1026729
828806
784369
1399651
1097543
47152
801303
663725
104229
Total scores: 145
Average score: 161910.14
SSH: 1, SH: 3, SS: 2, S: 24, A: 71, B: 34, C: 9, D: 1
