1849580
1157868
1816113
2677494
962194
2496720
765873
1007522
2095803
1241370
1949106
1028733
1997892
1181761
1172819
869222
2069999
1029562
2026764
1451282
2235465
718156
2126752
2012300
1277254
806325
1895607
1115737
1695991
658127
1289927
2569254
917129
845378
680394
1270000
890190
1401254
1943817
2132119
1262832
552068
1952042
555797
690982
2504668
668662
1083470
1589931
1065884
899732
1059894
161787
1351956
1917082
983680
978026
131891
2610039
221950
1053520
828242
2779000
1021579
1344602
663725
1474956
Total scores: 67
Average score: 565984.33
SSH: 0, SH: 2, SS: 0, S: 15, A: 45, B: 4, C: 1, D: 0
