1639177
1053520
1401254
812590
1116124
1068383
1028733
1534523
814293
808848
910147
1181761
156675
983680
1632339
994495
1313431
658127
1512177
747855
638493
1531547
1262832
111680
1508535
1059894
891867
1039869
1492991
328472
1014241
521280
956502
1642274
975588
161787
390917
969681
737100
821070
125448
450079
1377665
1474956
335041
1268518
112035
146372
1087786
1071424
83674
1174467
1209186
561335
1062394
41044
1537566
Total scores: 57
Average score: 173860.70
SSH: 3, SH: 18, SS: 0, S: 4, A: 30, B: 2, C: 0, D: 0
