1860169
519080
161787
816600
917129
1651290
1650477
1799197
675734
1474956
1253664
746737
792989
1716732
858271
820944
1180926
1639736
1030374
1490588
1438651
1256875
1029562
1033154
1032126
1649990
1180151
1649989
837569
1643270
1588369
1201369
784773
1269345
1252651
674347
1071565
555965
1642169
1383388
817269
890190
1639738
1180209
1311888
1649842
1639737
1593252
1199852
1269573
816734
808847
1255391
1071416
1264503
1034889
112817
803704
713935
983692
722448
1177520
987133
726191
1316477
1433158
1218337
1277254
790048
994495
1161448
826404
1071754
1309290
1655981
1474947
47970
690982
724015
1095854
1226524
879786
816327
142954
Total scores: 84
Average score: 192528.57
SSH: 1, SH: 1, SS: 7, S: 22, A: 45, B: 8, C: 0, D: 0
