816600
954692
932223
1400414
658127
1092090
774965
713867
869197
722238
1041710
1347841
979155
1065224
1036393
638493
1119026
986610
1262832
787430
735272
930498
1303587
784977
1162425
761722
784971
1033430
983680
982390
1139717
553131
602973
938174
1346543
1328177
1295250
1071416
677872
148083
1074985
328472
279610
925835
1043348
339055
1070639
1150597
1173114
980743
721922
786315
107875
1068460
1059390
523787
1206034
808848
107410
1287025
1402367
705091
1074427
Total scores: 63
Average score: 114548.73
SSH: 0, SH: 0, SS: 8, S: 17, A: 27, B: 10, C: 1, D: 0
