949029
774965
804164
951053
878721
142954
718679
1028733
1181761
1031991
843597
380625
369349
668662
555797
675734
129891
869222
718156
1105014
804960
969681
1400414
820737
795627
657917
827803
1600415
1172819
898597
942522
1556336
1073278
372840
1102144
1602456
74684
1029562
1036841
612871
1092516
257793
660593
1487821
1531547
827488
907479
1256809
807074
1125784
890190
785099
1605598
552068
1262832
223397
876708
1602636
1128411
1610745
820733
638493
140665
1245365
1418911
821548
1632673
740932
929999
614323
1086303
1219148
1019006
386728
704360
129555
1264503
1608832
1474956
1503470
1385398
478437
742975
1359325
378178
712071
291285
780914
95954
311864
1627148
1403907
789819
816600
1043089
39209
1187250
146372
988618
87171
1021579
133938
883670
Total scores: 103
Average score: 326984.56
SSH: 0, SH: 16, SS: 3, S: 27, A: 55, B: 2, C: 0, D: 0
