1838426
1213856
1918978
1955170
1554502
1083470
1895602
1892257
1199955
1157868
1872396
1828400
1808605
795627
1895606
1911705
2058788
1969946
1537817
1911574
2020385
1919312
1131424
1354319
1217417
2354378
2485595
806325
1843653
1466557
1746902
1746492
1936782
1700568
1816113
142954
1451282
1805022
2044366
864446
1324042
1583228
1843589
818304
1995061
937709
2315560
861415
865344
1603635
1377957
774965
1031991
2079597
2351580
1103903
1909555
1407152
804164
1642274
2141888
1405991
1917082
1286697
1903809
816600
1848803
2018512
1091973
1651290
1925029
1046339
1773082
1571309
1762429
2069999
2629595
1720423
2502692
2005307
1127798
953586
1752315
980431
855762
1081936
1749322
1621068
664787
1860169
690982
2245478
592113
1777584
942522
1371599
2257346
2045979
1527747
467689
1990718
1155619
1231616
2512990
1400414
687303
1041481
1573320
1881586
133938
1630100
940396
889319
2269544
2249059
791811
2044362
2248906
1261191
875739
1311613
1893432
683970
380625
1498618
1093605
1578185
2314336
2558115
2413242
889327
1955867
1659421
1706210
1968674
2134538
1241370
2646883
1992818
1844622
1039511
791274
1215958
777074
1913603
555797
1639177
1866087
1989857
1286726
2118540
1474956
1667534
2245777
1796309
1292452
890467
889729
1475010
1956730
1509512
1008121
1200272
1669719
2441909
1353480
1551874
2808923
2223303
1625960
1495848
901927
1172819
1915794
820481
1862506
794670
1771619
1700275
1042395
1817320
1200149
1714882
1983457
658127
2137200
1289157
1916244
1648057
506357
1675844
1828339
2014469
2193895
1895604
129891
1107674
1350927
948389
2022718
722844
741572
942085
1839001
623699
2270763
722596
2335982
1459559
1859841
1631457
2140939
808848
2512368
2185224
1599393
1938392
2141415
1845585
1614421
1862269
1830635
1820840
2232788
1729489
2211018
672594
2382427
1454357
2046653
765873
1675837
867747
1731701
2112992
1718152
1693862
1820170
1141858
831241
1730889
1796418
1170505
1602802
2485259
1876015
1297789
2377917
2223963
2341609
1764250
422328
1996531
2457945
2269609
1756964
1556336
1820338
914220
902888
839947
1410076
2270781
1391631
872155
2075268
1721685
733943
1370029
1895605
1600415
1541907
1608651
1714114
1832109
1898518
1007522
2288582
1526121
2389303
1993380
2309955
1372542
1450273
2414165
1608832
978213
2111915
702412
1783010
2252737
1401254
1126352
2226203
1721284
1226524
1828343
1717892
1972601
991258
1692260
978382
2040035
1911078
1809151
1126915
1675830
1559058
2803459
909990
1809113
1181761
1185330
1087664
633993
1016795
1518394
1533384
936495
1627860
644971
1282628
1097182
2413824
932141
1289675
2279601
2017880
2164274
2271070
845378
1474946
926644
1843593
1180701
1932649
1633675
2165639
1964146
1250723
1860434
1024480
2689510
1788628
1320129
1952042
1939186
1758872
1029562
2367179
2283281
2161926
2495917
869222
894744
1112521
1626300
1544408
2045107
1861434
789765
1008998
2095147
1551599
1937043
1766272
2258310
1806803
1111098
711209
1661486
1632562
1719416
2316176
2235465
1436082
1840045
2311868
1040980
1129193
2123560
1162425
1973361
1745752
1786111
2512991
1579673
1528015
2133119
2256387
2619718
1187302
869285
2012300
2550009
1760666
1847499
2222880
2512373
786636
2324154
1797628
1925194
2292514
1975912
821070
790048
1879169
1989886
2118443
1266164
1947687
1387007
1119289
1927235
857624
1085554
83975
1623093
1661491
1676233
2166311
1881813
361818
2654458
1956122
1554632
1832259
999064
1618799
960875
812590
776951
2051609
2765068
2131079
1309256
612871
958098
1573324
1499387
1679667
2674928
1991642
1850085
962959
1402367
1527884
1882982
1977528
1204683
1807913
2184680
226605
929999
744673
1245344
877625
1530057
2467941
1083054
1350134
1649528
546944
2217569
756508
1584604
2323413
1702172
1179007
690778
1086267
2098783
278451
1288056
2417917
2046106
979155
2150380
2205651
1087334
2066802
828242
967546
970048
1663107
2099567
1743778
2249401
2113285
2225299
1517511
1531547
1628021
2101240
1027542
1244293
2301247
1810154
1605598
221026
1862525
1846898
2054334
646713
1570547
2066867
1206528
735833
897085
848159
1073201
2171680
2067426
1542899
974352
1793762
1433024
1875421
1151398
1827323
2829376
2337080
2175267
1786106
1742483
872110
1726917
2495788
1018019
407788
1774893
799916
2116466
850854
2169831
1869406
2152330
2233760
1670139
795988
1537566
1820339
1895603
2493793
1514799
1601457
1907209
749156
1129951
1301354
2063570
1512820
246957
1811243
394069
1512177
1331749
2153557
1100265
614323
724360
2386287
1701892
1839532
1618986
1046830
2406701
2784506
2097898
1385398
1515526
1142884
1752311
1342179
1011144
912808
1804553
2067454
1524183
1657467
1731978
1021579
1154908
2561309
1746722
714001
927198
1839002
723891
1572198
1433306
2048477
1097891
1895607
2146011
1257723
2270502
998769
1740048
2699190
2537499
928677
2404837
1858896
2109961
2034862
2274854
1215956
2357934
2284960
1918979
1279490
1302567
1020110
991059
1655981
1125647
1820110
2139556
1667530
1215688
2151552
759192
425761
2169525
784369
1860767
1062394
786980
1682373
1788131
2417035
1843086
1888617
2396159
1053232
1700220
2709018
1968486
1368109
1541445
703905
2167265
1796164
837946
2480796
2156420
1053520
1524104
2081436
817929
863038
1849120
1601880
948153
2399207
1948937
1056562
1803397
2232865
1815397
1511837
1636195
1274573
305796
1694013
1526245
910134
2234808
1572868
2361466
1689162
1312453
1831842
2164332
1454407
1477241
1574296
983680
559071
1181218
1591616
944802
1759915
1699547
2177260
2133726
676193
2154168
1593573
1728493
1626537
2231466
2527426
2218110
2317225
1059894
341891
2248980
863999
1754659
1875674
1853005
1039869
2132924
2259972
2179768
1397263
1911636
1262832
1513529
939072
654520
547566
1856597
1484122
2027309
1053810
2294643
1731489
1899093
633373
907479
1250720
2380030
1629264
2281346
1059388
806019
2318096
1498492
1177545
1065884
1298530
1911335
2195031
813113
1666552
2160148
1956884
1672641
1556943
1833710
335041
1144515
419917
1431977
1791443
1599783
1573582
1517820
1343293
1017530
1813741
2324161
1023086
1138710
433005
1592186
1052899
956502
1015966
958044
2427894
2135515
668460
2267539
2028950
2508711
1439403
2223338
818022
1917158
1805549
656916
1712791
1720980
1695482
2603758
1816404
920453
709939
1582624
1206499
3096069
1109753
1316758
1506910
1416966
1368115
1139633
2328043
953106
2087452
2306588
1025348
2164997
1102688
2504205
1653239
898106
1401283
2023120
1236211
2055609
2251265
1628133
454024
1775394
1572058
2220763
2101986
1562551
2344578
768986
733432
1669721
725198
959119
1958644
767280
1018149
1912276
1972842
898690
1653685
1718699
1898522
2623008
813573
1530696
1693956
1657612
1994597
881123
1618544
1960286
2488198
2229266
1582541
1104057
1092523
1657952
1728259
2127114
1483372
1051587
2478919
1962945
2004925
1529267
2522332
2205164
1872235
694350
1924025
2145646
1454845
1603339
1628131
2274874
1770624
1818207
821785
1004599
930307
2259971
1814486
2323881
1597953
779950
2392113
2386177
784249
2024314
1167920
1697718
559809
2327247
1315517
747855
1820755
1775842
111680
1036734
1392649
2280371
2115738
1307320
2453659
2148514
1493345
1814503
976190
724015
1123759
498989
1908552
968742
1762425
841426
1263789
1010809
2640351
965549
1609688
1883862
1743999
2041153
1231538
1003447
1939636
1827616
2046495
1003631
1863289
807070
1905293
1690244
1368107
2703601
2652885
1475668
2076881
1937847
2510638
891293
1657639
2235495
647610
1113246
1483815
987133
487384
785897
611751
2073818
1252022
2009432
1892784
1576912
1868148
1419400
859696
2366247
1481746
1216439
1722406
1973805
1812247
1510744
2410256
1088339
940239
891762
2457401
818765
660593
2238398
1702225
1520956
678106
627239
725622
1158040
2514909
2369095
1494341
455312
2041050
1774124
1160282
2169604
2689921
1770215
1527475
1881833
1899511
1635625
1317124
2205086
1882588
370143
987375
2271162
1011398
1020162
1795805
1649463
2076387
2366453
1078193
2315558
1788240
2336765
2010411
1286225
1231229
906990
2096051
2367263
1872246
1954860
1983456
1180704
1730109
1173138
622407
2238881
2183215
1351585
2645524
1584957
1215641
1769267
733772
988397
1492991
1761536
1908618
1936730
1343703
1898523
3055291
1081292
1538727
1896894
2518267
784502
1658401
2719283
2129967
1021248
1286241
1836918
2279624
2358116
2465901
2004342
2085384
1220425
1687908
2024067
1224518
903280
2699218
2367250
1786515
1010850
2077849
1515961
2006239
1344602
1201183
1046847
1109552
2485990
756448
2373468
2283637
1910263
1628216
2281727
609853
2449903
895604
1909493
1110483
2113754
1496389
1853800
946136
1668035
1393271
2346624
1916018
1054395
2148623
666445
1521299
2506752
2185638
2500672
1148303
1112290
1951648
1936570
2003655
1605398
2083431
1454085
2512372
2005243
613351
1656727
2455742
2255709
1760038
1514696
2550203
131891
1975299
2199786
2121317
2189895
916972
1568489
889632
2210045
1696837
1760374
983102
1840739
1112193
2153404
1862266
744036
1536579
2530760
2156318
943990
1821561
2753344
1909554
2272242
489533
211697
2359368
1750684
3649428
1562308
1406011
1702827
1806531
2474572
1982349
1825833
2320394
813200
1295194
1864175
2288297
1952154
2335916
731787
2481605
2514800
1897621
1431540
1554749
1131911
2451494
2514777
2094402
785902
1343383
2231707
1351114
758070
1857216
2027990
1863228
1762424
1611251
1346807
2492021
834589
2522333
2323164
2462331
1919041
1901784
1770620
1010596
2048528
2495113
1537198
1916621
1885531
2430106
2292851
627765
1702226
1828537
2061485
1303748
2355792
1071438
2223893
1831841
1173744
2794737
2646064
2217436
2008173
1649842
674349
2250760
2427952
1578322
1654075
1857739
1901435
773120
1351370
784164
2658939
2218802
1341480
1184222
1779816
1898552
778603
1832351
2129143
1619682
1809202
1087337
1764552
2126356
930203
1696846
1988332
1879807
1871283
1328328
1462836
2440133
2651801
1607164
2415712
1429457
1106480
2411404
2148625
1602494
1841827
1350490
1113263
1975886
1082444
986191
2043968
795431
2165744
1569878
847314
1815082
192508
1018247
2405223
1378155
1023091
1805550
774527
380029
1899895
1843597
1109463
1968436
2313419
1624291
1631028
2275988
1343925
1819122
1610746
1819782
1925407
1276292
2240610
2123641
1982342
2183368
1257660
1183603
708421
2217440
1728697
703176
1828835
2154208
1816812
547229
2484188
990527
729743
2967837
649387
1013839
2184521
2330574
2784275
2153980
2662780
1863272
532664
1814768
1559974
1630671
2288966
1427682
2906716
1891821
1258138
1847503
2302956
682994
687563
2446770
1380717
1643170
2512371
1521031
1124041
2038860
1911308
2121644
171767
1808359
2261748
1414507
1073247
1586427
1857258
1919054
1501761
1843236
2011121
2390161
735689
948490
1103732
1782389
2045665
1808400
730162
1879393
273096
1153232
1634180
966177
1846238
1114962
1298998
1611299
2067983
1762037
1127204
1506694
1162919
2119728
2702693
1796685
1778108
2463868
2827293
2915772
679771
687865
1730868
2065883
677126
1407861
727637
1311564
1774031
2051592
1840047
2485437
2522334
2362073
1925456
1637380
2122932
2383276
1864235
1863235
2048440
2098395
1335815
2417033
1025871
1314208
2264207
405059
2726464
1128445
1651307
2472235
1039165
2681334
1805075
1961300
1039995
1983358
2357718
2060897
2595648
2323864
777188
1658715
1014580
1868547
167655
2095627
1881835
2283348
1814107
2449729
1740092
1294402
952576
1855356
905800
1555292
712071
2673768
1527508
1651150
1773874
2412976
2099172
2261226
2011147
2192825
1958759
2238522
1863226
763122
1917058
922748
1657661
1754395
662046
962800
1674629
722968
2257657
2352706
1104572
1046775
1180633
1073934
2041972
1647371
1796219
899565
1582897
2150750
1609253
1539319
1809440
695587
1605451
1401890
2142341
1265800
1410815
2226722
2225317
2012740
2447898
1679391
1647880
1512179
1698745
2478227
2203226
1596178
1658431
1565150
1748667
2480901
1174262
2134823
2328227
2514918
1974604
2096498
1018250
2153942
2666136
2452997
2232127
2036515
2088231
1885376
190045
1676687
648359
1711751
1434114
2216531
1563134
1974367
1488073
1978242
487589
2465404
2057599
2341586
1863800
2116373
1882780
2306849
1139789
2070999
1625274
1522700
798617
903567
932142
1715953
2578464
2254752
2250907
2432571
1286374
1213057
806856
1782215
2056126
1523119
1914037
1726474
2382335
1491793
2388043
2413552
1319699
715074
1184958
2209233
1690870
2321933
1260410
1558716
1858570
1803401
1636988
1475932
1461252
986609
1941064
161787
1169865
1259653
984498
2047954
1634084
2112385
2145649
2129147
1627148
1936122
790218
1349998
1291565
2332941
1184488
1783219
617825
2733839
2823526
2112910
1889094
2217439
2312697
1572506
1869428
823871
1718672
2069006
1065491
2141419
1934831
1108753
1694017
338545
2127653
936412
2135519
308981
2446893
126715
770285
1813054
1685252
1437528
1772924
2143040
2476344
1150686
2004790
1740993
1688154
1134070
2160493
1013689
1343218
700321
1498150
1547489
2144228
1131690
1894443
1610022
1300513
1464581
1917398
1129923
1775840
598863
2199006
1776020
967558
742890
496424
1480394
1556932
1946834
1951581
1608558
2057956
1883863
931964
2151200
838063
1922293
673484
2118543
1464582
2161977
2036340
1905281
1737326
1241655
1050849
1958595
1438953
2394790
1943551
1043092
2034284
1064930
2229143
2494720
1800924
2265269
1702850
1891490
795140
2207953
1074901
1879644
2467479
1071401
1325510
673821
1383146
1840374
2512217
1393084
1841176
1412016
2245993
2730823
1109569
1665829
1401984
588599
768556
1502698
1418133
2018247
1173653
2083717
2069207
1867710
2996940
2182173
2187833
2061815
902873
1742257
893696
1887453
2268022
2481741
987230
1632651
408129
2680273
2077401
2406539
1766841
2285188
193647
1225765
930498
1864216
1766232
830360
2415993
1388622
2361008
2357714
865514
1052987
1857605
1919641
1757005
889320
1375578
1522181
2277346
803739
1863218
2195664
2601508
2315633
821238
1184359
735564
1982451
1568701
1667532
1123159
1940885
1765442
1824385
1679283
1659933
2104522
2294575
1870441
1802834
1843591
2680873
2183893
1181268
1968986
2537325
1633532
2229756
2079481
1881449
31572
1655728
2369474
1632332
820480
1920989
1128896
1712372
2329696
859694
1706995
1705607
274033
1136506
865002
2632448
2223705
2433360
1536777
1773237
2034979
1781640
2253016
1983455
1939638
2132775
2194422
2114224
2352233
879002
945280
2345637
1891182
1995228
2010172
1919744
2405126
1849904
1734232
2489407
1660763
1147649
878993
2486019
2672319
2501712
1256329
2018113
1800871
1365382
2294207
1247358
1346000
1892052
2258999
1826120
1820974
1074902
2399543
827835
673532
835047
1138644
2048161
699167
331352
378126
1637582
739845
1559852
3690195
1769306
2905226
2246285
1208919
1830711
1917397
2121524
2200809
679826
905047
445177
756035
2066838
1090930
792377
1181521
1282915
687089
504486
1015986
2442755
1724940
2633777
2506877
774786
397864
1512891
2427895
1029596
1950290
996408
2003640
1205897
1696136
1908514
1138074
1612453
1089879
2518265
3062395
2327132
2148398
1861011
1809439
1752416
1379343
1754511
1348658
2669769
918393
2084150
1891907
1823389
1659165
2494668
2219479
1530270
2021081
1960973
1557219
814266
1764412
837014
205022
2802054
2265858
961757
2036061
685230
2163019
1700102
2590944
148083
1665528
1914722
2479249
1842700
1603550
2007268
2340796
972592
2776173
796675
1923061
1742484
1634887
1896650
1860804
1714760
2302063
1818785
2263159
1898521
1969376
2482107
621281
2476527
1817358
1821815
1455515
2356203
668723
1753408
1670009
1697646
2365714
2274932
631963
1207212
2311599
2161101
1917157
1777490
2290048
1744709
1538162
966243
1911799
434989
2516454
1974177
2634568
2007934
2514752
2343490
1547825
2071936
1110112
2231704
2478754
2476319
1101356
2708946
1737213
1568923
2244785
3086572
1593828
1670366
1078442
2060955
2204926
2211017
2293429
1786960
2158968
2035291
660240
2088201
1554326
2298473
2332178
1694014
2226084
273506
1850162
1876287
1300906
800599
2233313
728875
1628056
1652117
1004018
2109801
2194547
1901537
1908334
1720983
711305
1173115
1839534
1669918
1508977
2288379
2133847
1799101
1519064
1800499
2096832
2177707
1204335
2458359
2243446
1647010
2225448
2475898
1468817
1266405
2590940
3705535
1844152
2439142
1482039
1971160
2512181
2382800
2052962
2646637
2476811
1589404
2161023
1363402
2404195
1696087
2185894
2039680
1319612
1455781
1112202
1747321
1827518
523532
1762937
2935187
1966086
2458130
3158086
970554
1905993
2364523
2276065
1256136
1911576
2283574
2446379
2164095
1801873
1890246
1825814
954880
2445198
1849735
1382561
772987
1773499
2156120
1894591
1863291
2371397
1277250
1366918
1650327
1897316
1837082
1850883
1518770
1078110
2058636
1951094
2283280
1848337
648591
1520627
1156498
2009295
1704129
666884
2405970
2240666
2512481
1416272
1889454
1593545
988276
1959169
1731468
2099761
1772923
885136
800942
728877
2254815
1053842
1925478
819944
2178107
552280
1973315
1159672
1549067
2580608
1822157
1843663
1826587
702868
1487640
1577423
1181741
2026790
1694151
954582
918819
1376854
2652420
2228782
1749532
752633
841101
947540
1828382
2543044
2442545
1271397
1652159
2242256
2796777
1206164
1782392
2649160
2015158
1258188
2401409
1879802
928624
1870200
1929566
952787
1058918
2323999
2358653
1210038
1035899
841707
569636
465022
2048191
1958419
2146095
2039676
1100269
895077
2392543
2227960
2034488
2753521
679184
1538507
1848754
2461206
2160276
1613232
1020549
2152166
2644202
1291374
1649597
1605059
2886437
1056202
1253622
1635437
1721698
1710692
2514776
2921883
1753642
2052273
1575160
3071477
902037
554956
1177311
2098737
1292113
2138178
59831
1639264
2210863
2703288
2004308
2478225
1403948
988429
1923824
1983146
1819160
2693503
1922035
2681633
2458708
2049457
192516
1707074
2124036
828154
1934088
2545234
2340387
505109
1843244
2306903
1269801
691687
1452531
1513230
1570183
2047640
1517055
963936
2736841
1843199
1589579
1151879
1033430
775076
1811473
1703605
2277316
1173114
1187864
1826146
2223393
1897206
3008141
1848094
1184487
1228840
1925323
408632
1808485
1694016
2381240
1513223
846012
2635143
1705884
2145650
170570
1396122
2362655
1781015
1788377
754751
2785316
2343975
1453659
1588070
2228781
1512291
1004823
1676094
1835696
2514799
2047489
1464585
2017664
2457698
2520164
2006494
1627673
2202181
1545305
1537313
1678001
1166969
2418532
1527960
2082725
792686
1697645
2650303
1606977
1863918
1361581
2924927
1830523
2912265
1290382
2768155
1770197
1391413
1873154
1264401
2059890
1702312
1726039
1220408
2513756
1593674
1954597
1011226
42716
2281409
958424
1868237
799236
1907737
1974176
2219880
1740944
1246712
2288383
1844019
2507690
1921232
2096058
2684062
1852618
1231617
1964162
859607
1616928
1345670
1481003
1588079
969668
1270874
1915062
2225703
94625
2182100
2104959
2646961
786345
2508685
187503
1268483
1622205
778553
466500
1398480
1652846
1935844
858703
817290
2512118
1770619
3081481
2410949
964534
1910541
1522240
986190
610127
2104958
465543
1751351
2309545
1701404
3331635
2659781
2014985
862499
174609
1232752
2019478
1826441
1056524
910145
2119027
2724213
554287
1836945
1840736
2276025
1587059
2365948
1348414
2096056
2324393
1181039
2304303
2144017
1528804
2153775
2677188
537482
1974048
2471384
2085794
2046445
1004238
1677982
728870
1897317
1457148
2004680
2722432
2156121
1888031
1464588
2280910
1978594
1352576
1969375
1602969
2024093
862900
2293450
1832212
1646483
2940596
910147
1885268
1396342
2124668
883670
1805884
1858751
1807541
1474888
1439335
1572100
1659830
2563946
2514775
2203212
1694015
1345676
1826476
2022237
1764340
1415526
2913269
345948
1398110
1267198
2105008
663725
1836682
2514778
2496179
1910511
2239963
1769894
1681634
785999
2204391
997651
1302583
2300175
1563135
1937456
2124420
2316008
1833970
2156122
591347
862088
1906615
1399651
1665638
252836
1694855
2521259
2044338
2781369
2436912
2208912
2187005
2188854
2198536
2210757
Total scores: 2474
Average score: 246214.28
SSH: 465, SH: 523, SS: 78, S: 528, A: 834, B: 39, C: 7, D: 0
