3946158
774965
1860169
3310074
3773248
3881559
3257742
4614397
2659368
1241370
3268033
814293
1214691
1262832
1046830
1181761
1306871
3198777
1219148
1889232
252238
1218337
654108
4036738
1879899
1380717
230523
2381613
498989
1562551
3101133
1065224
2237467
2619459
1227264
921911
1328177
3790403
753081
4086687
199049
1123155
2069999
3601680
847315
1861487
1510498
2336731
2223303
1355245
847314
514516
1401254
4561482
1105826
1227263
129891
2729414
744305
374841
817174
932223
780914
2874944
3018109
221509
261725
1036133
2127653
1599854
147327
574187
1067681
907302
956103
1415403
803704
3754398
169505
4022967
523575
3254177
1474956
2039845
920985
787430
4140868
2064453
3468147
1217419
2719427
602973
3845870
1474946
3909823
1228840
1682373
791390
1594116
1350353
1109463
2237465
1705819
1114721
503262
983680
1315468
2185106
1018238
970207
779440
4140869
4152823
412288
713935
3229056
1583228
786345
2325387
3644121
1454845
4228367
1362824
1219210
3779038
655794
1646845
1059894
1296370
1356688
325180
2804276
1670874
1843575
2333525
3619274
1450182
985141
1227359
4523167
131891
2139417
3306465
2226722
1321823
1112356
2560589
1395956
1245003
2715945
4146007
4275701
3505229
4216196
1714637
929999
1482959
3459056
1480798
3534950
1201636
1535180
1370029
3752975
1331610
3910307
4402935
4383164
2778368
2679663
715044
2254470
4605491
1990545
3802734
4442826
3258973
2135493
4278109
3071477
3384447
2267564
1977950
3829478
3411122
1640908
3505535
3352759
1274017
1279490
3273002
205282
2753127
3841974
Total scores: 194
Average score: 285736.39
SSH: 0, SH: 1, SS: 4, S: 6, A: 99, B: 49, C: 29, D: 6
