1162425
1127341
1400686
1253771
1262335
1046830
80914
1184359
1287736
953700
992364
1019424
1406426
1180037
1004511
866938
1272842
1257235
1410860
1180151
1271851
1253622
994518
1382310
458280
1373905
1355012
1257060
128718
983897
1267468
1055758
1181933
71140
458638
1269354
1180926
1278814
1295814
928624
1180209
1322507
519263
1031467
1269801
1399770
1375578
1264343
1201506
1346121
1403948
528710
1064336
677872
1181187
1004510
994495
1269573
1376907
860107
1187922
1262603
1408170
1017602
1295253
458674
1402613
1257217
1379327
813331
1153255
1173074
1241396
1257001
894090
680920
1095271
1264070
475805
736213
958098
1318244
1385211
1263188
1093245
933105
1252544
1128411
915210
1130379
1387177
1022252
983680
591347
794670
1373950
Total scores: 96
Average score: 125762.08
SSH: 4, SH: 1, SS: 7, S: 13, A: 45, B: 18, C: 4, D: 4
