1808605
1860169
1990718
1282960
1655981
1353828
1537566
658127
1714882
1582287
764082
1754777
1895604
1816243
1826438
1649528
1181761
769590
1125665
1911572
1289927
869222
1412805
1159687
915210
1621319
657917
1129193
1605598
1007522
1351956
1663107
281632
975588
1073279
820737
908042
1385398
917129
1498630
970331
1619555
1829927
905800
1895605
1736329
1073277
1354657
1332240
1028733
1062394
1895602
816600
1722406
1029562
1301498
1219148
920879
803828
1193449
1509512
949029
1474795
1557181
1319547
1626537
969681
795627
884664
1627148
972364
1450423
675734
827803
1215958
1763938
776951
929660
806017
1232440
1343292
1385397
1102552
718679
1071424
676172
1276141
1484776
1474956
1313431
1228616
1082245
1271985
1093703
1245365
1413257
1091973
1311613
1092364
1245345
735272
1281115
1030374
930249
467689
24517
509510
170608
1349998
506357
668662
1395942
860022
1046830
1571309
98452
1352342
807074
1401254
980431
890467
129891
111680
1003944
1495848
1354778
870839
1637380
383536
808848
714001
1199955
742975
1271007
297115
909032
1610746
41044
722596
1029307
46827
1183620
985141
663992
764292
1405981
82920
976409
658561
83975
1053415
1468912
526757
845391
207721
116128
235470
161787
98486
1362711
552068
74684
97783
1610745
1500645
75831
257793
1141084
861164
1032126
1512177
847314
1623285
888383
898577
2109842
1468735
376703
931856
1343792
1541907
1704984
1400414
683825
965549
1690353
958093
278451
1695382
386760
146957
1679686
1236582
994495
1121834
1291657
910147
1300413
1242790
1358299
738980
1099383
752980
462700
1569904
1875707
129555
28422
776594
261524
1728493
1754266
1501472
1871283
1899581
950170
824359
1217241
1981708
869286
1256483
525769
1382893
520475
1055147
665509
1267491
1044694
571291
532841
528269
1707994
1245760
107875
1251844
1166448
1454845
97826
1008503
1649064
161902
828242
209276
131891
1572100
574165
1118614
503262
1764213
133938
572525
894744
1592916
1476582
958176
1351114
Total scores: 256
Average score: 239427.60
SSH: 11, SH: 112, SS: 2, S: 3, A: 116, B: 11, C: 0, D: 1
