111680
779179
930249
954692
598867
713932
837694
457448
1029562
657917
1128411
550235
828806
471257
765873
767203
893739
766938
869222
1030374
552068
1262434
1232440
527704
888383
845118
1051587
1071242
439135
1262832
696783
790415
727998
845391
116708
848345
909032
351189
743896
786867
1039164
968504
780200
1071416
910147
1210089
774564
1164988
1065224
539909
271848
949011
699471
898575
1087664
248501
1341959
815071
947145
901096
539394
684760
439956
386728
1026729
358556
893696
151229
117580
1080886
633519
380646
128872
509165
48689
1102147
958308
92426
652927
496762
196839
641071
535278
91139
100683
161787
931698
1342593
1011398
895377
902488
432839
828183
120918
83674
345602
792712
222591
951171
307289
872110
Total scores: 101
Average score: 208228.32
SSH: 12, SH: 27, SS: 16, S: 25, A: 20, B: 1, C: 0, D: 0
