4876550
4415585
4791387
3623520
1642274
2069841
1826438
1843653
1857519
4883762
1860433
4628575
2565674
4415495
1655981
4415583
4134856
1053520
1572198
380646
4425879
795988
958093
1313431
1255789
1405981
1351956
795810
4415584
1162425
1046830
690778
2009788
1595191
146372
1720423
1754266
2041050
638493
1627148
788113
1301498
969681
2201460
4925156
1828346
1849273
1579923
1287292
1281115
1083470
435273
1070639
979155
869197
1349998
1509512
539394
614323
471971
741467
1626537
1399651
3745820
1596706
1345676
1476582
462736
801303
1809151
1681634
669496
1816243
978382
1095855
1643106
1258642
2021287
1252022
1588369
611931
1115737
894744
386728
1632362
726381
927487
1082245
994495
1843589
1353828
Total scores: 91
Average score: 148779.96
SSH: 0, SH: 5, SS: 0, S: 5, A: 20, B: 25, C: 25, D: 11
