1649842
1605598
1256809
1193449
1474795
1621319
1129193
1649989
1537566
816600
898597
1509512
1627148
1109552
1484776
917129
1534523
1651290
951053
1610746
1571309
994495
1332240
980431
1632362
1612454
1082245
735272
1071424
1312156
1619555
1595191
1121834
1621068
1610745
1627157
1438917
1611276
1385397
1178526
1087664
1147263
1501472
1573320
909032
1607736
1474956
1056140
1474431
969681
1400414
1419400
918415
696225
1341959
1055147
1419403
1086050
1517511
1301498
1352342
898577
1215958
1046339
889319
1071242
1183255
1612453
1313431
827488
1102144
741572
1003944
1500990
1271007
1556336
1092090
1018776
1650477
889322
1454622
1311613
1623285
1091249
858271
1099369
771496
965243
729986
815071
1262434
1581806
929905
815219
1262433
1046830
1531547
910147
723891
812590
386760
742975
1085207
828806
1107674
1052353
1453152
1039163
1358299
1032126
638493
1609741
1512177
1102147
690778
979155
1608414
1252078
1468751
877625
1623883
983680
1039801
785897
1026729
699471
764441
1401283
111680
1632673
780914
772476
806019
1321542
1263789
817174
815846
1413768
1067478
1051486
784105
1256485
181253
1403240
1521024
847314
1341957
385544
1414507
891762
161787
529358
41044
118068
1028144
1218337
1114721
Total scores: 157
Average score: 178611.11
SSH: 19, SH: 26, SS: 8, S: 49, A: 54, B: 1, C: 0, D: 0
