138008
161787
75831
83975
1401254
775806
110347
47152
66820
1575142
111680
1530410
107702
313129
1366273
703997
880587
1153219
806856
128780
1573762
210164
155404
1483372
86522
1149638
828302
1599012
158107
1486738
1607406
1552978
581931
1280898
918393
1106611
1121834
844014
550578
140937
957792
158621
1060568
553293
1180037
1503470
1677118
124321
1278814
1425096
114635
150621
825777
146372
1119026
933143
954692
596161
1607407
75359
1609565
1631647
1601534
515360
1256875
667857
519080
78491
975588
843155
553362
2036902
1373950
661349
172501
335041
1621319
909244
1425095
1180926
1293720
1181061
569363
1633221
1245365
949064
722238
934411
1553157
1602803
1149303
183541
1537566
1382591
59679
762864
1419542
804801
1104841
1762729
418725
1405980
1573638
1620757
424554
798932
939209
1378061
790155
1632673
1396152
798083
278451
1250198
872657
516748
1284141
1038400
1625011
1100700
201134
1149713
128533
69186
1492913
52781
1180151
1466950
1425092
1530409
199047
89856
1256532
1486576
1383388
246732
1636725
1153238
1596083
1631290
1265934
180901
1088962
87730
696548
80991
1651309
1608832
1231615
387409
1437762
1496486
1581190
139221
106890
606563
69932
80914
150955
1530374
783613
128644
1269345
659439
1139717
1020458
433441
1762724
1419681
1297716
1201369
1314871
1343245
103403
935997
851811
1384073
308593
788191
532666
1257217
1440304
796012
656337
131891
2472
1542024
1546205
1694879
1019973
667065
1451973
232249
1295814
786980
1076385
1528063
45725
450079
1130699
1564294
282166
1034482
1056140
36003
263807
969681
1935721
1128452
107875
102999
181041
78049
26726
1762730
443806
210696
522968
1181268
125838
297737
1599674
356968
1194953
719517
1608872
121000
1451992
651552
1264070
1588277
744041
931795
1562113
432841
252606
1188584
105265
118751
824390
145601
1102963
1762728
1587569
1004556
647685
148881
1377271
526757
155929
840777
1127620
1447962
716695
1058710
146784
1633220
1680650
138099
1484776
83449
264090
1686506
1461469
721922
1026548
1658081
1621175
1382042
172645
510687
1371454
1492042
770646
123708
876177
1352221
776752
1525209
248474
1529021
1557181
260355
63146
1618565
1206116
1675834
60276
95015
214166
995839
1468745
757792
228493
1707404
1595191
1425091
169505
130879
1502770
1282123
1372384
1419309
155931
692031
970508
297668
1608129
292305
1620017
1651310
696629
657917
1641637
334512
1642274
1484261
1481418
1677982
297188
789815
1762727
1573320
559611
1218407
133651
1255789
486152
1523637
1348014
1418018
502497
1597015
1129650
1362784
803739
1412095
490154
1621283
2070432
1370805
1675841
1067860
1495848
1505211
1318031
994480
1620772
1507940
452882
1347535
514518
1602802
1428231
1672217
1696042
1068460
269990
1041874
999724
871844
1694738
1607405
1484777
138167
1534844
1642644
962979
1253664
1494043
160712
1075170
104635
1283528
1215957
1439489
2187428
1458199
1573860
1087569
114922
1593723
83919
1474795
777327
935885
1493332
1587909
317249
843833
415217
525866
374403
81098
1552454
778295
627879
1616895
1330828
1069070
1262895
1559387
1215958
156473
794860
380646
553093
117236
1472286
1657924
1619555
1846892
1256483
908059
1572198
622769
1036655
334576
43451
1056709
1449753
252238
57394
905800
1475091
328396
401208
1587910
46827
135880
1289657
148718
1439240
1619453
983680
734524
1568920
80001
406738
1474947
918391
499708
892469
1623093
1596933
1655981
1699597
1029562
128606
1189150
1643270
207955
775807
1619973
21010
730831
1421366
1633624
487387
523376
1415661
453358
328472
1264763
1075781
221948
1395662
1215956
775966
652979
1116838
526637
1018845
338682
1058919
186521
727447
1072732
1645699
1228311
357801
1535348
2187429
325654
2041198
143189
731838
932223
1551135
1524133
201522
1509512
1474956
1764213
1557461
1675842
1047464
1402392
1219148
442861
708367
540021
917129
980638
1675844
532459
1449913
972658
1153240
78383
1022252
1675837
494818
151229
88160
973229
1419243
72585
1297215
1259653
125702
1571309
1266192
107698
1329774
1076862
915210
1696166
Total scores: 528
Average score: 144047.94
SSH: 57, SH: 90, SS: 0, S: 0, A: 370, B: 7, C: 3, D: 1
