808848
790048
657917
658127
1483372
1090928
574471
821070
129891
929627
1115737
735272
1092364
1264972
1001682
968742
817929
954692
1545686
801158
851255
946082
853412
972691
1021976
1030374
958176
1082145
328472
1649842
1071242
714001
572051
562561
744673
951053
1176117
1263997
1020320
744040
1514898
1193449
757003
1055748
770727
1281115
1018995
1566017
1307291
1351114
1628223
837694
1056562
1086050
1071125
829336
684913
828243
1053519
417897
131891
1400687
1400414
969651
44746
369401
1232440
892780
1077370
1116528
552068
836556
1136506
673086
1413257
1018661
820944
847313
1262832
901854
807219
1385397
1109552
417898
1569904
1128411
454120
725718
1131984
672564
647685
1114754
1321492
1075170
614323
1075011
1401254
884199
402496
965546
1175532
902888
487384
1278814
812590
1083722
406970
486513
918087
1141858
1008998
927688
1486969
975036
1476582
1187302
532664
827803
995932
172473
1160292
751180
816600
345099
1655981
824389
1415441
1362629
890190
1066942
784791
556313
941197
1085554
537377
936160
1236582
1063101
1024212
999944
1020931
604817
786867
1193128
241695
1317992
1100327
1066054
771204
1108701
720176
1032374
1158434
796675
1062394
1040644
711758
719051
179445
1095854
1289927
869222
462355
957931
979231
1059894
1241370
1402392
972457
555797
733630
1047758
1385398
724015
1177789
207846
974939
104229
1230854
602973
1102552
1391815
889729
1101356
894744
1319335
774965
1179007
878479
1026729
1031991
704360
784369
828242
1173138
1053520
665787
807074
661902
1373950
956502
1408519
476544
915210
1021579
221950
816327
1401861
1226524
1201636
655679
999720
509510
839569
777074
860472
611931
660593
1451282
794670
964269
386728
929905
989244
1125642
1097543
1296370
916631
888305
1134237
1554502
680689
917129
1768802
1474956
Total scores: 235
Average score: 225565.57
SSH: 0, SH: 24, SS: 0, S: 4, A: 149, B: 42, C: 14, D: 2
