1062394
1351956
1129193
675734
1018776
724015
908042
820619
808848
969681
814293
506357
794670
1474795
920879
828806
111680
1276141
1113057
980431
138008
1030374
1353243
1016596
1595191
1400252
1495848
1319547
422328
1257732
658561
75831
1556943
1419403
638493
983680
509510
929905
1099936
1401254
894090
786018
1165780
291285
646713
1517511
770354
891867
804164
1484776
47152
1163081
1071424
888010
1556336
974662
278451
994495
1313431
1307291
1312156
386760
712071
807074
953586
205282
839711
161787
1068383
909032
146372
98566
1034343
1262433
1117869
1087664
1028733
40017
1531547
1185249
910147
498989
1314404
368524
256840
41044
252002
574187
1623092
256027
1368107
1414762
1125665
198428
1501472
1053520
1055147
95954
926644
1619555
48098
1474946
50712
1183974
658127
1232440
1623285
1571309
1474956
363633
1092090
1158227
665509
1621068
1304791
64267
820080
758468
941820
1655981
107875
1271007
1264831
1528368
795810
1354114
1431582
1468735
816600
1563445
734927
252238
231917
83975
1029562
701033
954254
45923
1642274
1097543
31146
1095854
433005
668662
494818
704360
133938
131891
1086431
1007896
35015
1084742
970331
1126228
1118614
1142884
1612465
792989
1508522
1515526
714001
1253592
Total scores: 162
Average score: 215181.30
SSH: 2, SH: 21, SS: 0, S: 10, A: 90, B: 25, C: 13, D: 1
