1969946
1752315
2596018
2150733
2587891
2118443
1844417
2461085
1752311
2245783
1573321
2098783
1556336
1808605
1970829
1514898
2237467
2150737
1935596
1932924
1970565
1621319
1917158
555797
1321542
1783813
1373950
2060305
983680
1848803
1483372
1897567
1783814
2603107
958093
1762724
790048
1952177
814293
1029562
1649989
905800
1889232
1756897
1401254
1575142
2165271
1764213
1555610
1396152
1893461
757823
1181761
328472
1736329
1503470
2779000
1643386
2217440
1758874
252238
2102292
1736333
1651290
1084804
1639738
2099714
1649528
1632673
297115
1655728
1758872
1562151
1860169
1762728
1253987
1264070
1483485
1675834
574187
1660602
1468473
2023927
552068
2245775
1056891
1675840
657917
1149303
1573762
1561394
1383388
1849735
658127
1915794
932223
1762730
1675833
1675830
933666
1762729
1618998
1267491
759638
1127622
1639736
799913
1382895
1382054
746737
1354636
1067123
18801
1312156
148988
159029
1614054
1782836
1762727
1071242
1677118
1173114
1008503
1180209
808849
875557
1215956
1043348
1385212
744672
723891
755483
869222
1484251
1468467
450182
351189
123585
1033154
736214
1065224
1092090
2245766
1149713
1004511
1262433
1153238
1032126
724015
705329
1474946
1071416
1257217
1036393
1295814
757815
1303587
1153237
539909
1442773
1385399
2025942
2237466
1180037
1180151
2017799
1627148
1475945
1155987
1039163
1129583
2147636
1149925
837569
1654075
1495848
1366280
1408519
221950
1461270
2245774
1860433
1403948
627687
1285526
2201460
418041
961907
1253771
1519160
1829038
1347486
3081319
172619
1149864
2164997
1262435
1720903
821070
1158424
1059390
1706407
1968445
2097898
787430
945107
553131
1637380
1527960
550235
2222070
1911308
385544
1533390
1671171
1628131
1783812
1280237
942001
1838426
675330
129891
1351972
1161457
1969122
1234400
1268353
1609741
951401
1095854
1331610
1827558
1296370
1947687
1450182
2809623
1271007
1053520
Total scores: 238
Average score: 142745.95
SSH: 52, SH: 40, SS: 10, S: 16, A: 103, B: 15, C: 1, D: 1
