675734
2069841
795627
668662
3928577
974352
1588369
1849580
696225
1032126
257793
807074
164020
711678
1291657
808848
974854
1401254
41044
1155085
1619555
2014469
747082
2847847
1352342
885153
784240
848345
111680
847314
845391
553293
827803
385544
718679
443195
1400414
690778
861164
161787
744040
1973410
553131
817174
787430
1911308
705310
245284
680394
107875
2447121
1843589
148083
718156
1262832
1300413
385548
4143099
367175
874101
1860433
865344
767774
1892257
1114721
1695382
1101611
126645
1949083
816600
1241370
187639
1725588
Total scores: 73
Average score: 250934.93
SSH: 5, SH: 7, SS: 0, S: 1, A: 52, B: 7, C: 1, D: 0
