1554502
1187302
1031991
1537566
675734
861180
1256809
1201636
1246395
658127
807074
1115737
764082
890190
861381
972691
915210
775624
803828
757003
1400414
1270000
574471
1141858
1321542
509510
815071
790048
502418
1118319
550235
1069949
1402392
1294935
1373950
1181218
973278
1401254
1621068
954692
816734
1123161
774965
988397
1408519
814293
959406
832691
1610745
1059388
1289927
858389
1474956
769590
1544643
877899
690982
1483372
602973
1607736
1281115
1129145
1009456
1603621
1092090
1046830
1032126
820737
1024480
853412
877625
1474946
909494
828243
104229
1619555
848345
1385398
1100700
1078677
1627148
815846
1210660
1056207
519080
676172
1343792
1019570
787430
696225
811675
1610022
544993
1579673
1351114
1262832
994495
1053520
1291657
328472
1183291
1610994
803704
1291658
861164
899732
959233
1024742
1474947
1162425
1095854
952515
983680
457257
1596706
1118311
803402
999944
727145
558277
422328
614323
1071754
1083052
345099
1046951
867747
633375
195151
1396072
537377
816600
171126
569636
929999
1279814
1383825
996109
1173074
887621
1473299
486513
1199955
823257
1033154
741572
413446
794670
1385399
1180209
622407
973744
1609741
792377
780914
786979
1611276
828242
1231408
1401283
818597
670011
348605
1631290
131891
939983
489533
1114721
1130130
969681
1083470
1134165
1253771
1296370
1501472
591347
764099
544419
1134237
663725
898109
905745
Total scores: 182
Average score: 246179.37
SSH: 10, SH: 45, SS: 4, S: 14, A: 101, B: 6, C: 2, D: 0
