1808605
949029
2274013
1373950
1029562
1281115
983680
519080
1150597
2195530
2022718
1836593
894090
1245365
2112908
1575142
1396152
803402
1276141
1030374
384718
1033739
1019417
161787
795627
1125665
1253987
1149303
1655981
2112898
1120086
2266720
1121834
1149638
1341959
1555610
362949
1902624
1419954
146372
527712
1032126
115891
1253664
1321542
155404
585929
696783
1256875
1783968
1018411
1180209
2399033
1612454
1556336
2287401
871844
1180151
2288377
271638
1343515
2265685
398812
275991
721922
1468467
2399034
444356
362845
1401254
428931
104229
416403
324614
2376663
127315
1181933
1033154
1401283
1354657
277848
903397
1342593
2341586
328472
2399035
2399036
398967
355973
2313097
1181761
2150733
2372057
2399037
2293486
1205470
366267
2150130
2112901
1215257
368370
973744
Total scores: 102
Average score: 119989.30
SSH: 7, SH: 10, SS: 22, S: 30, A: 29, B: 1, C: 3, D: 0
