2025942
1989203
2102287
1917082
1512177
1215958
1843589
1602802
1401254
814293
1810150
1509512
1725624
1860169
1053520
1808605
2014469
1556336
1074806
1700275
1321542
2099567
2025938
1003944
1262832
737100
2102292
1215956
2058788
1609180
2048477
1637380
1969005
2336704
1816243
2189310
2156323
1028733
1669719
1495848
1582287
929905
1373950
111680
816600
1712933
1602803
807074
953586
1988753
2102289
1514898
1383154
1503470
1655728
970331
1059894
1972480
1849120
1701404
892853
1177545
1631954
2061232
1621319
1245365
1574314
1429798
821691
1403240
787430
889632
1764213
1586945
983680
1682475
1862062
1031991
1915794
1555610
949029
1848919
338682
969681
1626537
1655981
1676342
1194953
1898518
855724
1854022
1315102
910147
1675837
2022718
1619555
161787
1054525
1909555
1810372
1938324
422328
1537566
855762
1482116
679131
1106611
1499066
1311613
1752311
714001
1566017
1578009
1401283
1382325
1937552
1264972
1586572
769590
80991
712376
753012
816734
1881884
1633221
367175
765018
949011
1541293
829779
796012
995563
1043089
905800
1314871
1181761
1795805
677938
2038750
120121
1046424
1033154
661349
1806803
735272
1626718
778641
1400414
1769144
1627148
1303844
753010
658127
1414507
1995061
1007312
1596706
1511724
940378
1570203
1346404
1602921
1126915
665200
559673
1004556
2077121
1788628
1289927
861415
881313
1419243
1241370
1541288
1007310
1480779
1600415
1125665
1496486
104229
1614477
1120682
843155
1621263
1287292
760779
1672250
988726
816327
893736
1557461
337500
1034482
1675830
164020
131891
1289926
804164
1219148
2025205
1897802
790048
1243782
1242790
1509460
1185036
1474946
1594009
1605598
1093703
950234
1263997
2023927
1005548
722844
1318245
996109
1895602
1270000
55535
1675844
1632673
1341563
869222
1629800
774965
252238
1796418
1008851
1412578
434189
628755
2077126
724015
1188172
1301498
714175
1201636
701018
1041551
136553
135880
1114721
2128030
1034889
999944
129891
1328177
1302372
1053130
839569
1571309
1541907
1400686
1527884
1944926
1242789
1654579
890190
848345
87923
1609620
1816113
1621068
1242788
609843
1892257
872110
1613687
753671
917176
1099936
324516
1199955
1822108
1091249
1354657
342075
683409
1702903
1294881
960875
994495
1895607
784791
1572367
1351114
1690353
1706210
1860433
1473301
894011
1541853
1219310
988197
555797
494818
1474956
1296798
1162425
1489207
827952
1341646
759192
1595191
589969
1848803
903049
221777
1242784
943399
1524103
657519
908183
656337
1231420
1849273
1242785
915210
1515089
1658474
771496
21010
880321
1242786
828242
1095854
1177094
1179007
1955170
1380717
1849718
151229
805029
133938
1554502
2022204
1115737
1300513
142954
1329774
408378
591347
1040647
1068383
1332018
1754266
680394
380029
789765
967546
1231616
633993
784369
1649064
1415441
1602636
1742483
655679
1518394
966243
433005
1294402
929999
999720
1125642
1071424
1076862
172662
237848
1398809
760488
1032126
611931
761641
1632690
794750
1007311
1248817
1476903
1118614
1702971
129847
680689
1636879
1493345
944864
1110281
1294709
404440
1587059
131564
663725
561335
1243783
2523668
1186901
1469136
655794
1643106
129407
318340
827317
1086057
2267564
862088
1354842
1149423
765525
1049018
544419
Total scores: 411
Average score: 223888.03
SSH: 1, SH: 31, SS: 0, S: 0, A: 278, B: 81, C: 19, D: 1
