1861487
1860169
623699
724015
1289927
4892236
104229
1600415
869222
1181761
1816243
2360394
1245365
1215956
4641389
977875
847314
1215958
663992
111680
1241370
1289675
1373950
1141084
1150597
41044
1006822
1401254
1400414
1200757
1509512
161787
828242
1289926
796161
1474431
66820
65417
1261879
385544
4812528
24695
1217241
1500645
828243
1413257
1860433
1805627
1263997
65810
31819
1503470
63893
983680
1509693
870707
1262832
131891
1354657
1353828
163054
975588
797329
1400687
433005
681304
822869
638493
146372
1210660
1029562
1849273
2915644
119431
662064
164020
844103
1981872
1569904
1125665
28578
40753
127762
880587
432839
1119026
1241418
794779
898969
1764213
252238
1474946
497762
1007546
823197
804164
21010
4786514
1125406
654108
1161457
1975855
4127115
1405981
107875
817174
517432
342074
203986
933875
999566
821548
1917082
1187250
443616
180104
2078961
318340
2067117
932223
2168419
4476311
241578
385548
45433
1068383
117580
1288675
28783
48098
378126
943399
795988
526757
27637
1623285
801303
40017
1571309
29844
3306465
910147
1046830
827015
1474956
422328
1075653
900957
862088
4791386
861164
1124313
924759
1256809
1001682
1134237
888621
577517
4669413
4652841
4853701
1770623
Total scores: 162
Average score: 226896.23
SSH: 1, SH: 0, SS: 3, S: 29, A: 77, B: 22, C: 26, D: 4
