1808605
1860169
2365752
2360394
1695382
1644535
658127
1537566
1289927
869222
1028733
1706834
1816243
1860433
2097898
1489207
1857519
1412805
1648055
807074
1256809
1736329
657917
1373950
1385398
2077121
1218337
2034983
1029562
1474795
1129193
1655981
1869933
1619555
1762728
1770623
1621319
2615748
1762724
1872396
552068
1554502
1982762
1849273
1294882
1849580
1030374
1701404
1127341
1649528
1219148
1484776
774965
1649842
1486738
1084804
1571309
1579673
1046339
1988753
2077119
1627148
1725588
1955170
902259
801557
1843653
894090
970331
790218
1015113
668662
1343292
1258642
1053520
1822108
1229705
1476582
1102144
1805627
1353480
827803
949011
736214
954692
1660602
1032126
853625
1783812
1623285
1071242
1055147
1997307
1644648
1473301
2022718
2593620
2112908
816600
1608832
1612454
1649108
1289926
1366185
1944926
1826438
1054525
1843589
614323
1556336
1401254
1623092
875557
1593361
1655728
815071
1969946
65417
1690355
1509693
1642274
1498079
1128411
2222070
1097543
2131813
1752311
1313431
1252022
1351114
1405981
1917158
814293
2069841
1046830
1183255
1358299
1690353
1217097
1530057
1385396
1483372
983680
635865
1366188
1385397
1501684
994495
676172
869197
126645
674349
979155
1059388
1027195
794670
1401283
808848
978382
929905
1153237
1828346
1255789
1562551
1700275
1024742
1071369
1626537
1155987
1454845
1300413
1609741
1531044
1281864
1764213
888305
1149925
1162425
1610994
847314
1643270
553131
1474946
1115737
1354779
2404778
221950
1181761
917129
1632673
659333
820619
1262832
960875
140558
1086057
2540399
1318245
1451992
1584604
854824
1573762
1059894
1889232
1465099
1911308
1033154
1366191
1027702
637549
1515526
1752313
1262433
1762729
1241370
1419243
1558497
2249059
95583
1570203
1509549
502574
369349
1509460
1474949
1034889
1549121
838063
131891
1495498
1635388
1569904
1071424
133938
675330
752615
983896
2271070
291429
1451019
355154
1571863
1983358
1270000
1047631
1610746
1129683
1611276
281522
1608897
239265
1762730
2484994
1149864
845391
2514777
655684
983692
217253
1385399
422328
1158424
178645
828243
1124616
1527747
1749322
915210
978408
1007403
943403
1752315
894471
252238
555797
847313
623699
1659929
537377
1318244
1218649
1141084
1153219
514516
949888
1892257
382275
1187302
736215
1095854
1155253
803704
890190
1706210
1280237
987947
514518
1848919
1675841
1714634
961907
908059
1266447
1642169
1403948
828242
1366190
129891
1818428
1645698
1354657
1354778
96763
21010
902888
784791
1549739
1474956
1607736
847387
942001
1573320
1080851
1656000
359411
164020
1031991
1083052
2044362
1474944
722235
674308
724015
1768802
1095855
1017602
1286241
1724319
1579923
1153238
104229
839569
1353828
837567
816327
929999
771496
1296370
1681634
861164
951401
1312156
1809151
525278
1643106
Total scores: 355
Average score: 216722.07
SSH: 5, SH: 5, SS: 28, S: 57, A: 225, B: 32, C: 3, D: 0
