4729584
3306465
4746232
2596015
4921971
4857997
2226722
4783689
4934522
1955170
1969946
1003631
4663825
4804325
3834251
1274573
4783688
4905645
4702225
3121730
4751007
2431373
2897724
4754115
4761697
4751016
2524196
4751014
4874355
4794129
4807213
3559442
2397136
2518847
2205311
1474956
2043178
1500990
3992816
4634775
1194093
4655954
4045152
741870
4756866
2044362
4761695
2596018
4776778
4777689
4637979
845378
1746492
2026320
4761696
4614041
2102287
4774005
1474946
3093271
1949106
888015
4777999
2961551
4216107
3722572
4418066
4899325
2304622
4415847
4724034
4729371
2025393
3397860
2867068
2610193
4483726
4857995
1797542
4778486
1968445
1251181
1157868
2496646
4327641
1988753
4094389
4639141
4258903
1041036
4722420
753014
1828400
3547141
4934001
2327962
4455136
4731228
2620912
4535482
4377787
2431320
4832135
3563096
4950775
4633101
4829677
4421498
878379
2172086
1652253
2530810
790415
3970329
2944063
4913570
4599213
2274002
1110199
2927127
4859703
4863996
2222070
4708147
777074
2281075
3747831
1500991
4633100
4776779
4674314
2518845
803828
767203
149549
1576147
4803734
4075431
4929215
3885119
4864341
1510219
4783765
4628575
2521210
1970829
4563165
2094186
3961277
2118540
1644535
4288839
2495792
1816113
4758850
4905646
4372524
2467121
2335982
2674418
4915909
3919008
4155614
4914437
1764213
2528860
2781567
4466758
1815397
1893461
4647289
3489230
4376162
4696034
2069999
2495790
4359188
4301389
978026
4777711
4921970
3257737
4809269
3338592
3968196
3986984
3564271
4486979
4956752
1226524
4225030
2194234
4638742
2101567
5083496
4247538
4846148
2192267
4356539
4173470
3412490
4367114
4831782
4674311
4351573
4776780
2227344
3041616
2671055
4503490
4859801
4650170
3655971
2902017
4952136
4942836
4499580
4918328
4931085
2721306
4414692
4791385
4270382
4839948
1242162
4412717
855762
4749569
4220328
509346
2988169
3615659
4694276
1985735
1008121
3904973
4157663
4838452
4672163
2041598
4676909
4775095
3631228
320180
4775860
4751010
4658845
722844
4798246
4833931
4921665
4876749
929999
4309767
1717844
4788529
4696039
4950776
4412145
3598855
3770735
2547196
4454045
4664530
1385396
4960628
4862040
4722416
5000520
4775989
1925405
4066097
4808303
2226486
2992943
1659421
4200600
1862525
1002858
2718656
895822
1925407
4518564
4637589
1485849
304762
4864285
764082
2201553
4929709
1673615
4739532
4365511
4668783
4551189
2039845
1791963
3934547
4762683
4401845
4375320
2222861
4767169
4751008
2597330
4328453
888016
749156
4941465
4637582
1274637
3093276
2785254
2177100
2082715
4674313
4795977
1242427
4789197
4784077
4374077
2222862
1690355
4393858
1187302
3746239
4391967
1925409
4013640
4934525
4930818
4366807
2709349
828242
4387718
4410771
2044364
4742442
4235907
2045979
1398002
2638097
3996180
753013
986861
1631047
4392963
4706077
862506
4791387
931791
2708572
4791386
4425089
2201460
3623520
4502914
1797548
2845190
4614397
4276006
4794127
4347564
4490387
3178260
4298300
4270875
4452324
4374936
4853701
2679024
2266572
4793647
4999511
1054416
4576770
4170444
4796274
1974323
4322559
4703622
4316028
4915913
882182
2353869
1354319
1971795
4588808
4578043
4722415
2772367
1307320
3906608
3645570
4687010
1599393
4021903
4929271
2988174
2030431
1665716
4099329
4633133
1706834
1002874
1703420
4894931
2129145
4193498
4848181
4897819
4747733
4078660
2223057
4137070
4904114
3257740
2540771
4947080
4015666
4211133
4959866
4640464
4608304
3160676
4451342
1030374
4452239
1539911
4435596
4791383
3392208
1307401
1869935
4379587
3972806
753012
2620910
3705812
4681478
4145088
2803508
4225181
4785167
2281077
1983122
4467173
4390538
4337671
2681752
4521132
4748174
3757843
1204537
4203275
3294721
4492654
4072615
4295871
3267169
4419503
2054965
2511171
4415884
1962182
4403911
4933159
4595471
4763418
2421848
3509524
4729780
4884492
1490581
1127798
2835408
1126558
4252747
3002401
3758374
1793625
2170386
799415
2102292
3852041
4376532
4051941
4356451
4383652
1289926
4295918
2516329
786547
4283999
3632631
1500994
663973
4650294
734339
4303087
2610188
4127309
4243035
2920787
4376042
4635403
4905829
4392855
2129143
1129193
2021778
4280483
4551694
4393862
2457519
4834849
4401827
966160
4359833
4285919
4529443
4205849
4511243
936768
4011911
4324657
4158577
4186715
4289053
1569904
3257630
4637591
1343792
3922590
4638128
3789345
660593
4498100
3192177
2540399
4342734
4647233
2674297
4544597
4112730
1702172
1029307
4868754
4630405
4777435
4135630
4473159
2988681
4774217
1229400
933666
3966594
2255707
4336505
3958991
4733327
4499556
4366321
4486330
3789556
4276776
4475921
4390052
4011018
4412051
2812676
3903975
4035479
2502889
4777878
2131813
3401725
1169250
4211545
4174464
4735747
3568572
3983866
3007920
3921750
3466635
2290934
3822683
4198575
2404778
3197543
3977280
4334173
4811028
4538361
4378138
4443928
4330314
753010
4145562
4449991
749140
4334487
4370424
4552003
3841241
4391966
1773168
2988405
2650738
1885461
4642177
2486881
4360906
4498101
4403910
447145
4298113
1046072
4952941
4668219
4252180
3006996
4215263
4178048
2231320
4780611
4680797
4680086
4518862
4705082
3708488
4214135
4341601
4216108
3257738
4472888
1810154
4506393
1260398
3320987
4675972
3643571
4128671
4186261
4123080
2659870
926644
4357758
2322266
4393042
4630553
4698634
4054802
4786400
4617244
4440882
3604416
3955322
864446
2699308
2484134
3841239
3890011
884664
4174218
4671255
3196526
4491672
3591061
4280145
2016104
1728216
4442129
4246549
4915906
4086865
4178623
4445197
4361976
2011121
4425088
4060240
4391054
4164079
4342216
4379484
709939
4211609
4335462
4816705
4289534
4524266
3976032
4820266
2067859
3923278
717632
4181765
4495373
2904852
1997307
4124688
3356872
4710931
4258937
4444860
1845874
4390258
3480947
4491271
4428535
693195
4060642
4267590
1575173
1225833
4912929
1602415
3118296
4213096
962880
4501762
4386402
676017
1645164
4662127
4205848
2193838
902888
3625849
4400543
3552839
4086676
3411122
2535584
4696040
2295882
1630565
2502643
4724809
2596008
4832133
2423981
2528118
3749934
4570451
4355254
4862039
4738885
4673320
1473776
3037670
1231179
4303773
4059150
4320441
3645144
4373459
4510284
4382898
146540
4026536
3238236
2098222
1671363
3635192
4934542
4368192
2240223
989244
1797544
4447349
4395381
4508946
3781018
4549701
3848867
4412719
2105741
1098329
3639206
3871651
3812821
4501896
2157973
4807409
4378628
4681476
752980
4538347
815857
4353693
1353936
4586651
2924352
4859859
3664344
1345343
4390725
3093277
2553777
4057246
3296992
4325844
4064320
1569153
4360856
4447086
3643457
5050419
4828490
4368472
4077313
141722
4555316
2460779
4393433
4334051
4280023
3999409
2246286
4790721
4069205
3933186
4370423
4905444
4164843
4651512
4317181
4164840
4471179
4236749
4255412
529515
4689249
3996306
3307806
2177434
894189
4188767
1134887
4386843
2040764
4009219
2830397
4511240
3121438
1400405
3784901
4921872
1418503
3548694
4761878
4023319
1582585
856743
4386481
4334502
2325387
1024697
4318703
3967119
2807851
4428538
3608737
1893220
4827099
4158947
4720294
4052635
2224313
966203
4063080
2844141
4924798
1694501
1843086
4558870
4939632
333074
2452646
428047
4349931
4569557
3873668
4483942
827952
3889744
4551707
4208143
4825675
3377474
4467639
4334722
1497403
3645147
4385176
4863998
4465017
2453247
3796120
1207540
4020245
4673491
4791393
3547468
2142716
4507079
1306992
4001484
4525941
4118560
4567074
4550417
3950796
4036979
4715373
3815259
4531293
4806708
1762037
3941197
4373930
4419876
4927516
3737382
4416448
2874408
4268890
1609794
4684394
4407990
2229349
188758
1093352
4418011
4993832
2387517
1482959
4432049
711923
3215934
4370623
2656369
4380977
4408108
3969583
4081196
2014391
784369
2779000
4368255
4559073
4500032
4149815
4915910
945157
4326658
1391928
4234626
3617161
4014722
2082447
4176679
4151497
3639880
3810040
2791432
3380022
3213081
4398896
1206499
4676908
4707525
228425
4704217
4633546
1118296
4603668
2715016
1093703
4331005
896474
4499926
4013856
4310133
4763026
1209189
1696087
4045640
4762076
3041562
2097562
4362638
1660682
4771443
635679
4685409
4839949
3992315
4861513
4074305
4635864
3617535
4812454
804314
3982810
4457096
4510950
986232
637477
4346570
4644086
1869933
3953905
4832134
4282643
4457076
4478095
4141288
4773218
3513159
4576678
4569556
4485821
4454372
4402860
914220
4588809
3828325
4187655
4603725
2954855
4570598
3766205
1295906
5009200
4373947
4543568
4527319
2994583
4368666
4511906
1100231
1290855
4325842
4407291
1690356
2044366
3969846
2246356
2995944
3580367
3847620
681726
2539403
3006997
4584281
2573909
4126081
3613816
2447121
1690359
1079133
2620914
4154314
4364466
4326659
4397254
4442312
744036
4248116
1963889
4156595
1148238
4956406
3766146
1522867
1696846
2004425
4162638
4699258
1082260
2399462
1695382
4442245
4324699
3533716
1345676
917129
3908151
4778695
4757408
3470688
3440920
4218515
3769324
4788916
4254807
4167170
4894518
4507746
1825258
4650620
3905645
1169773
4303450
4652841
4702508
4509874
4353440
2199470
4215279
3954389
4139761
893627
4693103
1762730
3046419
4406985
4658906
2988161
4816701
4252953
4589294
3755042
3833905
3086013
3638479
4358928
4419051
4139131
3420798
1634114
2083029
4729372
4867167
4274997
4574992
3925775
4272169
3871800
1397263
4669227
4325300
2176046
4475967
3814292
4445617
1782215
931575
3257021
915210
4550419
4510406
2155084
4142115
4616989
4532648
2331367
4393494
4346777
432032
1941208
3623106
2906707
3440631
1808238
4918018
4847546
4507010
4063366
5092249
325060
4352514
3309882
4810225
3925181
4095893
4900461
4463726
3613813
2249320
4194071
4311223
4541646
4253394
2846751
4834702
4329369
3571620
4430406
4347160
896753
2269544
3265977
4189786
3415731
4635865
4143559
4355955
4320470
4637590
4377067
4091065
4360286
4684351
4106914
4565307
4419204
2457197
1225317
2193487
4393430
4210354
4103881
4509878
4032179
4394798
4568627
4336749
4637586
839947
2680280
3119830
4721781
3075278
1518125
1223770
4316828
4934557
3982732
2574880
3728378
2506713
4155487
2881890
4733826
4939631
4681118
4432198
2620911
3629621
4425507
4085303
4496411
1548125
4058526
4648039
1786515
1996782
3727508
5068198
753731
4008167
4072542
2838538
1582587
4438633
4334505
2014387
716955
870707
4929463
4816189
2197801
3359653
869704
4494142
3384589
411995
2966994
2456779
4215344
4172711
3251761
3369861
2233760
3213722
3309668
3814295
728870
2078661
3057801
3729845
4544732
3595089
4022575
4727811
4915922
3880732
4378111
4220167
4684339
2548710
4663553
2982835
180111
4391965
3691376
2495788
4235248
4296279
1218028
1008717
4725729
2662780
4942317
4238580
3588223
3644151
3808688
2443190
2528358
2157917
3752975
4179909
4073921
2125714
2271650
4173701
5032450
2889416
887058
4467095
4371827
4042300
2113851
4764561
3142373
3088791
1926750
2394576
4657709
1925633
3905931
1475328
3729850
3267957
4134662
2534930
4232894
4308666
3168496
4005291
4191804
3112494
2744091
1029562
1746854
3468260
1596819
3851979
4297757
2255705
831241
936769
2169346
2786980
4773214
1665769
4356114
4429732
4499334
2085975
4224075
2399767
4803733
3695537
4919461
4581396
735701
4412275
959272
4483078
1083817
4340377
2326754
4783687
4445719
3322616
4156421
4586623
4438815
4349705
3961285
933827
2331169
3452738
1182462
2252249
2892696
4591775
4519533
4610124
3045622
4246897
2628834
4180100
1914037
4667232
4412721
4542401
4359834
3676169
4697394
4062091
4502645
4760524
4278011
4914208
4509876
3592622
3557474
4126148
4354013
4544602
339795
4635976
4867264
3851525
4754448
4647432
2069551
2677189
4235140
4645862
2069969
1406011
4713855
4130247
3340068
1024742
4385037
4755906
1454085
1270000
4127102
4766905
3625900
4545248
2535967
4280199
2962115
4305341
4775231
4536385
1645523
4467075
4311191
3972552
4395015
2327234
4198574
4680969
3994597
1227359
4905088
1213579
3849882
3741141
1142884
3966197
2597311
4534858
1306448
4406382
4282951
4847505
4482652
3208196
4771567
3964141
2410264
4441607
2238956
2103984
4568099
4352411
3770219
4036871
2434883
3471247
4059152
4462417
4548216
4793476
4472564
413428
4881614
4574991
1761677
1914365
4450922
4340591
4489702
2925556
3371379
3598230
3978225
4404576
3320026
3760517
4448094
3082337
85767
3969588
3238282
1702903
4277498
4465093
4196501
4068548
4674774
3829636
4565772
4434033
2689030
4509193
4808105
4324023
2773548
4062351
4384389
4960361
4544596
3021295
4272592
4929040
4825636
2630863
4089267
4355403
4586040
3421429
3594058
1777067
4529671
3913691
4207799
3441410
3969896
676172
2767298
2497064
4681968
4361003
2822369
888021
2628955
2506721
3539717
1656911
2658147
4036738
4817853
3789243
3797044
3093269
4553170
2869650
4290978
4535288
4022330
949616
4257707
4425879
2677188
3751559
4353189
3366758
4626647
2613076
3606457
3923620
4438909
1694583
4252975
4612257
4794572
4334857
2069168
4643850
3953062
1717851
1235124
4606567
4850780
4629735
3020221
4179858
4510427
4637584
4436791
4939636
3984915
1205372
4977659
1681634
3434277
3408942
1321980
3962442
4407298
3729848
1230854
3045279
4042697
4869752
1626196
4189785
4418782
4076790
3950795
3509293
4607972
3842890
1021579
4390824
4382678
130800
4618179
3258645
3533482
4524271
2269684
978213
4633305
4023044
4009807
4241437
4553375
1150868
3396055
4258712
4984460
4869813
4643978
3211660
4123266
3093274
4160827
4751681
3104522
4610121
955737
2399766
4630407
4185803
3497649
2599514
4356181
4276022
4791561
3505066
4176340
1265966
4338756
4393816
966243
4944678
4415584
4610115
4161485
4728922
4764052
4827015
4477211
4188720
394069
4592238
1729283
4184839
4816704
4059155
4694048
1872564
3056765
2534559
3242265
2236622
3229024
4385421
2391596
5038680
3751526
1432041
3889361
3904012
4357507
4288226
4058572
4431232
3638672
3815421
4066096
4508259
4310045
2971241
4501767
2404837
1044728
5067994
3976029
1093661
4441792
4487849
3480138
4694654
4674858
4881932
3121436
3470687
1903676
3750319
3607499
4419869
2281078
4622106
4738889
2790697
4826294
2882501
4383687
3674037
3502500
4225083
2277236
4437212
1947687
4015706
4233769
3926567
4881796
4698086
717133
988082
1872563
4947078
4620290
2575008
3391637
1385964
2677191
4644171
4921938
1075888
3499914
4606700
3257742
664513
1569836
4111783
2854691
1083816
2869288
2159251
4020068
4288485
4662519
3100786
3226259
2495787
2751775
4503586
2403109
3940544
1783213
4437948
3997830
1899100
4528060
1422782
4486792
1743443
2912249
3886335
1669955
1125784
2504695
4521012
4859889
4705585
4489979
5009204
4484226
2875725
4812528
4341148
2512583
1091903
4587570
960876
3580003
2130435
4509192
4470232
4605491
2743579
2851425
3034593
4365404
4542404
4704234
452508
4892836
1412805
3667132
4229166
728872
1013839
1638680
3568573
3517482
4738887
3180258
3873669
4131039
4386727
4186804
4667043
2359099
4737797
2812672
2014390
3226349
4390203
4718580
3673268
3192005
4610116
3856468
4663523
4668221
3715625
3276724
3625241
2113754
4691422
2622332
2042533
4270876
4610118
4524264
4202292
4684717
1410548
1149423
2267564
4307953
1714634
1663107
3783036
2943050
3229091
4647381
888035
887059
4683194
4682959
2512991
4205425
4491407
4159539
4763025
4912905
4556153
2994380
5071869
4716281
4618995
1701404
4469021
1657066
4993844
4538348
4427681
5070035
2443726
4475172
5095812
4247470
1815498
4976301
4915914
3678730
1763410
3613647
4508158
4393670
4546360
4405963
4468621
2654506
4059154
4108343
4255312
5068001
3853782
828243
1410549
1489536
2861267
4828645
2958956
3828589
4284822
3942556
786108
4798513
2991730
3141191
4794928
4353714
3390227
2566471
1497404
2677343
4963539
1454089
4476752
3591213
2430049
4397592
3121079
4169289
3902487
4733078
3583639
4100042
4542403
3123843
3135149
1487213
2300083
2726346
4385666
4255750
4419490
1468735
2134989
5035509
2588430
3365585
4380440
2523668
4816175
2745135
2988167
4898993
3321959
4640368
4321803
3037642
2664463
3729847
4559851
1518377
4050411
4013509
4792228
663725
1115199
4538943
1093704
4615233
1399651
4379589
4915907
1468734
3582938
3963574
4282044
4644043
4610117
4403180
4437058
4832435
4837918
2021776
862088
4443377
2237579
3476632
2065514
4798675
4767477
2988150
888010
2659364
4366467
2811014
4440930
3965391
2099634
728878
3440632
1134237
2299701
3872107
2457669
4140212
1636879
3078717
4322610
4060514
1118297
1941004
2784162
4427393
4684332
2512990
1697230
2671440
4391363
1095418
1218337
4454868
1986416
4327325
4894244
917062
4214499
4656585
4063002
4158001
2368899
4359795
1612465
4613769
4183036
3873527
4117317
1322464
2851636
3712677
2870806
2473757
4669413
4368253
2458261
4669914
4374452
4643979
4915911
4876550
3034396
4299097
4218608
2794099
4822659
3224506
3273140
4317526
4445221
4190499
4654706
4219575
4106917
4717049
3714435
3739213
3142477
4479848
4971956
2318096
4418212
3118604
4415585
972502
4499482
4059149
4059153
4380364
4257903
4784179
4834142
3667466
4472714
2753891
3773772
4196256
4190538
987724
2812266
2330808
4915912
1563135
4027058
2184492
3833439
2210863
3876547
4390259
3837137
1964673
2157430
2194972
2098486
4850205
932430
4018769
5054932
2479479
4753272
2117909
2709056
3026871
1544408
1819763
4856302
4392429
4419660
4009988
3438148
3158090
1570269
3513529
2556233
2864137
4862036
4163207
1714637
2495789
4901381
4812163
4756059
4366245
225296
3226670
2886273
4317467
4375019
2729836
3873432
2250670
4610204
4090499
2486596
3484197
3420886
4107794
4610113
1514256
4440090
2610039
4795422
3578631
4521584
4442315
2643158
4426662
2044338
1757416
4284475
2487642
700644
2078712
4347529
4828545
3229026
3003325
1991642
4654501
4529641
1803726
1299008
4772678
4477213
3979647
4183042
4214347
3474728
3586557
4736984
4059156
2262204
3625243
3011287
4713808
990527
2014389
2838537
1702281
3024148
2590221
4847096
4521745
1972417
4715827
4530114
2671442
4483205
1563134
4327326
4956704
2099632
1052900
4637546
4059151
4522814
4231220
4415495
Total scores: 2204
Average score: 284899.64
SSH: 0, SH: 61, SS: 1, S: 48, A: 853, B: 737, C: 440, D: 64
