1537817
1400414
1556336
1401254
1537566
1181761
1309705
1573320
974662
111680
983680
1512177
1201636
645436
1373950
885257
1059894
658127
828806
1102760
764441
877625
1315102
446256
817174
1474956
1385396
673086
1514898
626245
1462836
791264
1281115
1039163
1495848
983410
1102963
1032126
777303
1262832
653335
1174467
1074378
821070
161787
795810
827660
1092364
1029562
657917
1405981
891867
116128
663992
753445
1056207
1454623
1382895
1262434
1099383
1267491
1030374
1264972
1068383
558765
1264367
547598
869222
552068
1414456
1138260
956502
815071
905800
1127620
807302
1039869
127762
167300
678031
1086431
1183255
1179007
994495
1218649
805256
335041
822553
1419403
672494
1573321
1176410
1099936
1511760
1033430
1317186
1053232
532842
1073974
1040044
743688
1186378
743034
958661
1290997
1321492
485125
714001
929905
1301498
1027702
1008998
784791
432346
847296
1351956
1039164
1215538
695636
987128
1083470
1155085
1289927
760779
1051587
1078552
1571309
327526
1015314
648315
437202
742717
834589
1408519
711678
996109
1554502
816327
1579673
792057
776752
106156
1161457
724474
1501472
678468
1675844
784369
385548
1301434
1675837
1473301
1385397
721613
1114721
40017
1177094
692389
929999
554935
1287292
85816
1076862
1124313
1134237
663725
69058
342075
1768802
Total scores: 169
Average score: 179774.55
SSH: 3, SH: 9, SS: 13, S: 18, A: 96, B: 25, C: 4, D: 1
