776951
651744
1401254
1770368
1909555
1695382
1860169
812590
142954
703177
1419243
1028733
930249
820737
1289926
968065
552068
1695991
1319547
821070
747855
839711
1718671
1483372
555797
1030374
1262832
1289927
657917
1056207
1909554
164020
1848985
335041
111680
1701404
985875
1002613
1656000
1466471
1596706
1039869
1494944
1868881
1032915
1218337
978326
1029562
386728
1578009
999944
1649528
770576
847314
1659421
151229
1046339
972364
1538458
869222
891867
1762724
1177094
498989
1836484
640211
1655981
828806
95583
632523
204536
771496
1396152
1712377
408378
1861656
1020713
917129
602547
981641
1351114
257793
1764213
885153
1619555
473210
459939
1762728
1032348
1654383
1837308
754084
2173528
519080
1510355
1721919
598867
635679
969681
1264972
235470
940706
1660602
950997
422328
969651
1657952
677938
75831
1077323
956456
1717851
713594
1062394
799401
1751119
892780
1745634
1004556
1032126
854824
457257
823257
1838165
1232440
1621068
478437
749520
787430
663992
103281
2123717
1003264
1849273
903667
487384
611157
526757
736396
1917158
1686044
959426
146299
786379
803418
910147
999724
1635388
547566
1099936
1621175
173567
1662436
861381
180079
821165
970204
1746840
1161457
1040647
950234
1131690
1019311
133938
717133
1972244
1021579
737100
116128
1271397
716020
828242
660593
1436235
820336
827926
888621
Total scores: 177
Average score: 246737.91
SSH: 8, SH: 47, SS: 0, S: 11, A: 105, B: 5, C: 1, D: 0
