1062394
142954
1969946
1619555
1031991
4803942
1003944
1172819
1911308
1311613
4803734
1556336
808848
1029307
1843593
1752315
1032054
3901232
1595191
1764213
1619564
1341959
550235
958038
1594727
839569
1675842
1514898
2082447
869222
2060305
1947968
814293
1046339
1059894
2624331
1621319
1405981
1029562
714001
1370802
422328
1509460
1181761
324516
1258642
845378
795988
1770368
1783010
2050696
1409923
1643106
1809151
1681634
1870068
1103865
1642274
1737489
1818428
Total scores: 60
Average score: 227967.58
SSH: 0, SH: 12, SS: 0, S: 5, A: 27, B: 8, C: 5, D: 3
