806325
1031991
658127
1172819
1252711
845378
924337
129891
901854
807074
1141858
1083052
831241
762207
1219148
1277254
555797
724015
902888
974662
1181761
1245365
111680
1289927
1185036
1294882
922172
1024480
1179747
677938
975588
792989
657917
1289926
898106
547566
1046424
1291657
891867
552068
1024215
335041
999720
821548
967546
2021259
1261879
1204536
380964
828242
1113332
741870
877625
49101
1236211
894090
929999
1118614
Total scores: 58
Average score: 392680.17
SSH: 4, SH: 12, SS: 0, S: 0, A: 40, B: 2, C: 0, D: 0
