806325
2496720
1911308
1091973
690982
129891
1860169
1981688
1816113
1172819
1031991
2173528
668662
2059822
869222
1808605
1029307
2615748
1028733
845378
718156
506357
974352
1951733
651744
1474795
1453152
958038
53554
2874408
776951
1401254
1313431
1926301
812590
592113
126645
1219148
281632
949011
889729
1013881
2069841
3008156
638493
2020385
2099567
804164
1174467
555797
827488
657917
164020
1121504
863038
772476
2760656
111680
1649528
2069999
2469345
104229
983680
634351
2173775
1309705
1083470
50354
988793
1869619
808848
827984
2022201
2779000
1373950
3299406
2606880
1026729
132043
223397
1675833
1296370
306018
2229834
1893606
942522
2444149
1572868
73561
968065
847314
2102287
1989988
722596
763213
1526562
828243
261705
1784600
690410
1524996
1281115
2102292
2156323
1579673
31334
116128
142954
1982345
60743
40001
40460
816600
648517
1736727
1876015
1463054
757823
1512891
852263
1556336
161787
422328
93893
28148
1630998
1913606
16266
1046830
1363365
168355
1645698
176280
1199955
1099437
1827432
1917082
803798
89362
1402392
2223544
95870
135142
39549
457257
1662337
1400414
2579321
828242
53736
1030374
1474946
31838
865344
338682
2108648
64394
96095
146372
1306932
1209701
221777
1690353
1582579
875739
3217551
70760
1905654
40017
1008079
2658147
221950
2402786
2249551
1067194
107763
144028
1425283
756065
784369
1517511
1670874
1993380
1093703
71080
60737
1594426
1955207
157321
1982341
1579923
800930
561335
2164274
1967172
2444148
1142884
2200806
133938
1403588
1075114
1919312
658127
2097898
801303
1606115
129407
1572100
1075653
1476582
614323
1606114
1126228
Total scores: 213
Average score: 297359.56
SSH: 7, SH: 51, SS: 0, S: 1, A: 133, B: 14, C: 6, D: 1
