808848
1028733
975588
614323
574471
803402
658127
1217241
1032126
1054507
847314
1097543
161787
1018869
1001682
657917
780914
1089041
1030374
1051587
519080
1004556
65810
252238
1065224
41044
801158
90466
61843
1147
983680
1095854
65417
555108
82962
83975
737100
932223
819696
1289927
1587909
949029
1026729
792989
675330
99997
787430
1067478
807074
1182213
328472
599863
92838
57503
91606
385544
762207
115352
1018661
1024480
1531044
1187302
1162425
823201
28578
555797
21010
905800
Total scores: 68
Average score: 208237.21
SSH: 2, SH: 10, SS: 3, S: 17, A: 32, B: 4, C: 0, D: 0
