2486881
1919312
1872396
2315558
2069841
2684033
1157868
2663986
1554502
1258642
774965
1843589
1221602
1537817
790415
2237466
949029
794670
1610745
953586
804164
1178526
2596015
890467
1649989
1476606
795627
1241370
1082245
1571309
808848
1826438
865344
1518394
1071424
889729
1630299
1474956
951053
1843653
1120682
1097543
1400414
1402367
969681
1053520
877625
1642274
978382
1207223
816600
1619555
696225
1401861
1649842
164020
1307291
1400687
1736332
1401254
814293
1034482
828242
1474946
1102144
949011
1250652
1262832
1255495
2097898
807074
983680
1623093
1026729
1059894
1636104
1612454
1595191
1626530
1313431
1948378
1046830
1021579
422328
1257732
1095854
869222
675734
1483372
1091249
1018238
1056207
1106276
1492991
827488
1473301
907850
1174467
741572
892853
954254
815071
338545
994495
2129143
1255391
385544
1514898
129847
1062394
714506
954692
2596018
784369
1053519
1385396
827803
1126310
1001682
676172
1725588
135142
2272898
1177269
129891
1066054
680689
658127
883670
1021384
40017
1126228
900544
Total scores: 133
Average score: 225645.94
SSH: 8, SH: 26, SS: 0, S: 1, A: 89, B: 7, C: 2, D: 0
