3466914
2237466
1919312
1725575
2486881
2360153
2461085
969681
790415
954692
1843589
2469345
1093352
1053520
848994
1872396
3316387
1725346
848345
2586235
1993380
2469346
1157868
1026729
2014469
2237467
1128531
827488
795988
1474956
2360152
1844417
1951733
1401254
744222
2587891
2118443
1970829
2690223
812590
1474946
677751
638493
1102147
660357
1619564
983680
341891
696225
3462092
2461086
3421649
1028733
806325
1181761
3322004
3723304
555797
2335100
869222
658127
1816243
Total scores: 62
Average score: 235115.16
SSH: 30, SH: 7, SS: 0, S: 0, A: 25, B: 0, C: 0, D: 0
