2128030
2209202
1872396
1003631
1514256
1429500
2282512
1701563
1492911
674324
2205651
839947
1890412
1648057
1881586
848159
2175267
1172819
2197801
1383825
2824441
1519160
845378
153935
1819763
1828400
1156747
91037
1849703
1969005
1268934
1838426
958098
733943
1045680
441740
782160
2382427
774965
1955867
1816571
1895602
2069933
1541853
2478408
1187302
883953
1882794
1808605
2466406
680689
1843621
1518125
1315102
2121230
1232752
1759915
1619564
660593
977982
555797
2677494
1609602
1746492
1701564
2004790
1862525
1217417
1141858
1023042
1975370
2235465
60089
966203
2294643
1777584
1569153
2413824
628753
2097562
1873941
1579854
2153557
2003361
723000
1839779
1219647
1016169
2061192
1860767
1243784
2246297
2413242
2224774
339795
2065883
860870
2357934
1862269
1989201
877498
297115
1600415
2276210
118226
2014389
1992818
1832259
624133
1427682
1157868
1757416
2229266
2139094
1827323
1906932
2582053
1679799
1176493
1608651
1387661
2060305
1859841
2040035
1973361
2042935
1914981
2545234
2193838
96358
1977950
1231538
2020385
1403922
1370802
2116544
2010173
1794843
1189078
625323
1436138
975418
1313635
1743930
2269122
1252711
2060302
789765
1851299
3348362
810827
2914288
1782802
1414928
1820755
1822903
1341646
2339070
1027692
674933
1385656
980988
296384
1593724
827803
2651796
978026
2045979
1955829
1448813
1193128
1482959
2269609
2683901
422328
1706996
289238
1827432
1563445
2028950
1222034
1697643
1160282
960875
596079
1351114
795627
930203
1693956
1869619
2561971
1728216
2714401
1273685
2301163
1643641
2354378
1409923
845391
1556336
2325387
1813052
1206670
1187353
2205649
2131079
1838383
2881619
1483815
2686032
1268688
1373482
1886839
416211
1613811
2365119
1785750
1879176
1427449
932141
1591554
1752311
824970
847314
211697
97783
1973474
1028733
1040980
724015
1783013
2132775
103051
1764213
1319547
1801652
1956730
1626300
764441
1672641
1181218
660244
1429457
965549
2164601
399756
381798
1647915
1201636
2512990
2260493
1021583
1133212
1879899
1480196
2014390
1629824
856743
1635388
1926978
2017799
1032126
403447
1010850
1454087
1310569
1775315
1100405
314496
1564607
784249
966160
2495788
1855887
2142744
1129784
1429746
1728259
589671
1599266
1805627
2416573
3198222
1853800
821785
1229631
50933
2069841
683825
1935389
1670393
1706210
1602967
1053520
1816113
157861
1065821
1172030
983680
1042089
691893
1873866
889177
1891907
931550
1778560
2343490
784369
744673
1665829
997648
1047758
1963137
525278
1804553
384199
1021421
337500
1029562
2264207
1400405
2154030
308917
2083425
924337
1840736
308991
2041972
2483555
2129145
1760666
2296608
1949562
1231616
1433024
1079089
1352602
1788379
1860435
2274874
1788628
2697861
1321495
887621
2141415
453042
1700220
1406011
1025644
71080
1245365
768781
1696136
1981062
2663648
1072897
660249
1686683
2354439
1588910
1085026
2156318
1090932
1631457
1343383
1126915
558451
131564
221950
1154744
1076706
169271
1127615
1929564
1008121
2056546
962880
1129148
2339719
1584614
2321257
1343292
1298530
1984141
113896
1973805
1932649
765018
2487271
679131
1401477
1988096
141669
1512891
1679686
918723
95382
2318901
2281410
1668357
1858652
1607332
526964
1567816
1557711
1829927
1250652
1731978
1561529
1939637
1608452
2191785
1940885
2274252
1204536
2270137
1984256
801303
1059305
3081735
1679794
1402392
986610
1229141
1850655
1935933
696783
617825
959426
1962198
1849505
1995061
922748
2331169
1221423
2058833
1253352
1522700
978325
2175863
1506561
842815
456042
1366191
1649528
914570
203986
2500910
2045107
2205657
1200272
1740048
1517511
1585787
2201824
678106
252238
1351117
758189
552068
2346624
2538865
3167107
2012923
1459357
1354196
732842
1881884
2022718
2494157
104945
2795613
1210660
133938
148083
789815
522936
2017742
2171679
742675
1242785
1686503
1447689
2014387
857477
990527
2185224
1670401
1556943
917369
1984539
1761422
114635
1761677
263900
1649916
1742625
262126
1438953
719594
864446
2390161
1857519
1428309
1656727
63875
1233411
221677
73473
2848846
2135495
902288
2566056
828243
1069949
1705675
2134194
772195
927198
1810372
1909555
2135519
1033154
1702172
1759483
1416966
978877
1158474
1859185
2276090
1658063
1087428
616659
556716
2333525
95431
2050696
176280
1010596
1627926
2915859
1434114
217493
800930
755124
1215688
1688157
2056945
3292074
1315103
1636275
689803
789819
2259810
135804
1797544
853694
1728493
2417917
1255789
1882468
1551961
1540283
1071416
306669
1595303
1455515
589965
637477
1610994
2250760
1577423
1839599
429800
776600
819981
1014580
1925194
1407152
1899581
1252022
823710
1142884
1431582
973744
1001682
1865075
1294632
1149471
1454089
627687
2680247
656916
870839
2667186
1785133
668124
490438
784791
1454085
1242794
437139
1332774
857624
1108593
2221441
2233760
1849433
2686320
1717413
2250114
152810
1740944
498989
1607736
1186227
1546350
1942473
1743105
1200149
1754777
1127204
386728
1046830
45738
2057756
2316133
241294
1495634
1647921
1513529
965543
1097552
1884388
1345670
3252187
2410256
297668
257793
1127620
3135399
1405980
1787941
1257580
878963
1730657
798801
1527508
2555405
2578464
1785659
1166087
1075653
878109
2445198
951171
1804515
1627148
1985741
496143
1269783
3223735
1820640
1850300
1872563
646390
2504927
1799497
1507681
438922
495543
1740360
995563
870152
713867
1477261
1231134
1530159
846012
1366185
1557471
1027065
2097124
917872
215238
1706571
131286
2330574
1546559
803418
692031
1451282
1524241
822553
760811
2595648
1978196
1936561
2516387
1075432
1056698
1968283
503082
321336
3208270
128780
2835796
832140
1351501
1897577
1452457
1993287
680394
1705647
1485283
2134823
2785254
1397263
2179629
1413258
2192825
993270
1447383
2505621
1385398
1473299
2133744
1809107
965546
2673582
1083053
293134
1763222
1387757
1691045
897024
1481640
1988320
1478509
1558636
1166969
2848842
739826
1949715
1890844
2679663
2090815
986943
2729836
2073848
1524581
633993
2120145
1528015
3017087
1868547
1366188
1021579
1939838
1911308
1712589
1762724
1345676
1018776
958819
1909493
320127
1692260
2655355
2036061
270394
2046351
2027911
1551753
2133514
1979409
367175
1158040
1863342
1784600
1358921
1066197
1167475
756424
1697101
1242789
240488
2061247
21010
699167
1699306
1280280
1714637
1654883
2124420
499373
270395
883670
709258
2271364
737579
2132967
1529761
1546560
825256
703657
2231702
1106518
999944
1040647
205282
2025205
1055833
2085794
735833
1916880
1863868
1762728
1917354
1242786
2159143
1440018
1860433
2149131
1863863
132466
231825
2154729
1257723
1136506
1345677
1524996
1966308
1481178
759638
1814503
1286459
1773386
1456931
2129147
1074985
1575160
1225154
1854034
1807831
2602326
2224018
874785
760488
508777
1054525
813588
132043
1172667
1312375
2388297
1809677
368524
1702281
2284947
1265017
1989203
405059
1014943
557218
973046
1696314
1973410
784893
526967
1397599
1500058
2454389
812161
933615
1520445
1909553
1078193
1740993
1373950
2527426
1363402
3205642
1735858
1483372
1983180
1263323
1619969
64267
1727980
964269
1078194
1959449
1809151
1557461
1033002
1405991
843155
2057489
1800218
815071
2132927
722968
1199955
2524393
2017555
2710628
1315100
683970
1615427
2096523
2225299
1033882
145669
1354990
863541
1948378
1457148
1901537
1030374
368933
1450182
1587275
2556724
2129143
496762
1849273
1236211
2098737
1975112
1213650
2219160
2358383
2104881
1968440
970048
1666338
1345674
2208453
1606977
1688226
347360
1474956
2254752
3136646
2788974
343333
1200197
647443
539697
1842523
1642169
713935
589569
2413749
1799568
2148623
1831801
1110827
1872564
1343703
1514204
1302554
1370029
635679
1385212
1643106
1380717
215906
827932
1843575
2102274
948198
1903676
2301107
1175755
2304622
714001
1120556
1300906
1893461
2144017
1405981
1762730
2657705
246584
223397
661124
1706309
628751
831241
795096
1982581
2134895
1476582
3057865
2320220
744672
1125642
1935932
3337289
1623025
1631290
1709022
1876142
1098527
1396342
1210405
181075
1983647
1597253
2276025
1752431
1868567
3081766
952515
714175
2016104
1891376
1813054
602259
1797542
1219690
1129532
1229038
820835
1498774
509510
2025345
1228840
1530270
1716916
1744528
1274584
1845585
1622205
1632339
2596789
2249387
2198640
2201971
1093845
1954597
918041
1558497
2769032
2236622
2293450
2016928
394808
3002734
2659858
1979344
1506912
1981063
1844204
1751723
1797549
2168419
1474946
889643
1183256
1855356
986633
1994599
1083055
1417513
2846226
1226524
707204
2064221
1694860
1121909
1966762
1528937
1701715
730865
663246
1769144
593321
1689294
2689921
736214
1985100
2708946
1082260
153857
1291225
1307142
1543234
2719334
879062
2174442
649387
1191832
1603103
793646
1736572
1493052
1110592
1030303
631031
680875
36077
1401231
841707
2610994
2647671
1740834
1762727
1640908
1909554
1103732
221948
569636
870295
2502101
262302
1075593
1828298
1341563
1023497
865199
2156913
1775286
814615
878369
281390
1969064
1894320
1834598
2319009
841101
123417
1859153
178487
1972544
3159497
1824802
970233
1694583
1677424
1170505
1554693
800901
1366190
1385397
1463237
2165744
1905396
94264
2201124
3019409
1983406
2200809
938174
2296022
2366247
1529763
376736
2106916
1781869
2333145
1056306
1988332
1841176
589969
1946834
1988911
1026834
2293731
2519700
150360
1530057
1708595
1029307
756448
1481747
761722
1907708
2163580
380029
2245304
792832
1364125
1489207
1183810
2298473
1056907
2651849
49590
465543
34005
3324021
1944926
1728140
1559387
1401173
1786515
1785185
1883952
1294709
1835589
144621
1095152
2495917
733550
119375
1902818
1500846
1565265
1619562
1262763
2854691
762047
1210089
1454082
2550203
228919
984019
59381
1899511
1918344
1083817
2173072
1965258
2952114
2906051
1365213
292319
789752
222428
771496
1665528
1188172
3105971
1416954
1382561
1194500
1907246
2961573
2026790
828242
1715917
1219310
1848094
297663
64589
1045304
154226
2304303
945157
1232440
2206542
2642164
1563134
2495251
1344602
2550792
966243
2133943
660248
1961233
1474944
64266
1571448
2395895
922916
1104798
1964641
1242793
1677737
1460113
1781876
30519
103199
1610746
1897317
139182
129407
637625
2155617
2133935
1606115
1441943
902037
2342187
1853007
1191831
961692
930297
909112
929999
1580093
367763
2753127
1345671
1626196
83975
1004823
315704
1052795
2106925
1772214
1627157
1864795
1655981
925540
1483732
1842675
1043346
1844239
364532
82734
40017
1729489
1453452
1013839
2280370
2503284
1361650
1245003
1114720
1347099
1995243
1296370
2514117
1853005
1377588
1431533
1694030
1332018
1292092
816327
655679
2637029
2057057
1133289
910913
3359700
795810
1453420
2379656
1881625
1124268
2176280
2019213
495899
2523668
2177340
2404675
1781193
297811
1674513
1714634
1083816
276915
1515487
1366189
1811527
2745510
1087337
858241
1877959
1208664
756423
2267564
1776723
707187
978408
2144183
1608726
2009880
888305
1813857
1274573
1078110
157321
1316477
1947084
925681
2026924
116876
983645
2225703
1681634
3160036
1483398
47152
1867874
1506794
2294207
1250656
2471384
345948
1872562
1155345
1168758
1507125
1613687
1709121
211154
821086
1611276
869222
2203212
2531260
172834
2514739
1917082
1478254
2356514
2444026
2387620
1090928
846105
1813044
1160278
3240784
479668
892543
2085958
2273031
1595191
1432041
1849426
1231787
683409
1643631
1382021
1306448
1204537
1128411
2101126
1972924
1023492
453624
1085206
3089375
1706834
1680504
89362
1088292
1506823
1602921
1150555
1607164
1295253
1231072
945660
1848332
1921936
2182100
1017624
652234
1406204
1554610
1164324
1214421
360345
1354114
2786980
2643120
744333
1658695
118068
2200805
660247
1175599
2743383
1670874
1838427
196977
362423
1586892
1243461
1481149
1682831
1060869
1034482
1612465
1627635
403449
1262582
893736
1869048
2360072
1291481
238766
1495498
97501
2563946
89721
1985742
2962915
178645
2102526
2184521
47359
1981142
1095854
840338
978213
1488094
1523637
735272
1426307
986837
1089798
2078680
2171680
1110532
1746902
2535650
924759
1679789
1754266
2677188
104842
2046445
979547
1361322
1763666
3034628
1524104
891756
783860
476149
507728
1950314
1734403
3007361
2237579
704360
1261879
424925
2226504
1486576
50712
1840498
1527747
1385964
2169301
1768837
1892257
2249401
1028839
279481
1535588
1636508
1320292
1256330
1270000
1302583
1601126
2095312
2909363
72585
1144257
1426330
1530620
2177057
1909230
698249
1067513
1013786
140665
1764412
889632
96684
252836
1728720
223726
900631
1402272
1104872
1524103
1827324
2129097
75689
2021776
1454083
1410075
1413077
1844294
839627
2082725
1080094
1026010
1332900
453358
827990
1353480
443419
862088
136553
1692395
1397838
1655332
2562794
1672204
1646483
2914646
1286241
2479479
1629264
1892253
1990062
386781
374776
1696207
1754868
1243791
1517653
1733441
2863658
1774124
2185983
954254
1609215
2195728
1820794
1173001
2842174
1997307
2139546
1219210
2083676
2775397
2154658
1915983
2202862
1606114
949233
1076862
393845
1097891
1705648
1754329
591347
1711307
970331
1764665
1118614
1543159
1797548
1917058
1605179
1665638
1056207
1036103
2093936
1636879
1051486
1582824
1076701
78045
1623092
1863869
1862521
1793422
2383590
229815
1074894
2848843
1656000
2300175
900957
1706995
1733445
1863871
2250214
1056202
3078717
801158
1345672
1485333
2624041
2044338
905745
58970
2521259
2303557
1949535
1807642
462736
2200803
663725
1911303
3093275
35015
863542
2643124
1183336
1134237
1502044
581401
962800
1410549
1126965
972691
1563135
1929563
1173113
60743
759192
403050
902048
2135493
2987243
123708
87570
1631588
1399651
3285233
2225300
503262
1142960
1773876
2535968
1073279
1126228
1657917
1063364
1670402
1284130
1402538
1945555
2844456
1156568
186061
1946909
1559974
1995244
1915340
1619555
550235
1686505
3145600
888621
2971241
768459
254656
1220396
902259
2201307
1401230
2961859
1771787
34209
890955
1408449
1047919
1571309
2634649
2338619
3006997
2200807
1348158
479812
465548
1354795
891757
1093406
1073277
1064998
1445680
2640443
1770624
1884654
92716
1186901
823757
36290
2084629
1768093
1425112
2936748
1231400
783861
459845
2171675
1050582
345189
2781369
834589
2034895
107763
2285713
544419
860921
1831435
3034396
1640348
1124269
917062
527001
622407
2322515
2261748
2622988
1219705
1843236
1744286
991043
1154076
1194447
3073484
24023
601405
1859282
2095041
1063410
229695
1909552
1893520
98415
1536579
490113
1218337
2127114
827802
1419801
1926301
745360
1242784
602917
2117268
1084742
1718248
1159425
96351
890901
3037642
2185651
2004892
1181761
925768
32570
2565590
2519704
4048907
3168788
1579624
2666060
29844
2117909
1900116
660594
1820817
386995
823257
1978280
1791339
2069999
1693575
736215
1926958
140937
2030431
475805
1229881
2115928
1786111
1546425
1157717
620303
1415582
2536179
2028600
679943
1582902
2231703
2303916
2489902
1451703
928868
1559384
97934
2444027
1603080
291285
794348
2338623
1026666
1829131
27737
1128219
480561
1966563
1794576
511051
2436912
1492654
1677967
2063980
1178526
500082
1769222
2560387
435994
713442
1514679
1306493
1047864
2576939
2063931
3589200
279140
2586025
994940
3210497
1501582
2282103
1008998
1761495
1898580
1642961
892414
1124616
1412805
2792080
2061188
2325984
235880
2083422
2601508
2702673
2366378
2020625
1271985
3074626
2079685
1046951
994495
1589931
2209289
2622787
3132824
1984258
658127
3172209
2405209
1569904
1888082
1036049
1699159
817623
776295
1114721
2917301
2004799
442669
2796831
1502221
1889232
2896394
2367232
1217004
3081816
3034391
2327962
3239350
882929
2295882
1007403
2086442
2538741
1403588
1125866
2048601
2335045
529080
867819
1630164
835314
2653596
2689633
2196278
2671312
126645
789130
2533711
2060897
1400367
2305315
300746
2168434
1791893
1564521
1315468
2305316
177973
131891
1358482
1038699
1148052
2590221
1225554
1034343
898106
1453416
1397854
2316225
3048727
2060277
668780
1234400
1329592
2011173
1025210
1995114
1046841
1462224
1429747
3836013
1480395
2068168
1473301
1287292
506520
1498892
2511587
2171672
1183809
2593282
2378096
1989332
2238881
2240223
2157093
1652163
1118551
1105536
231917
1564191
1829998
2097898
1253515
2574259
1027560
1353828
113897
869285
1935058
2041050
Total scores: 2046
Average score: 243809.73
SSH: 6, SH: 125, SS: 0, S: 1, A: 1190, B: 352, C: 290, D: 82
