1949106
1199955
3700073
2874408
4244680
2403677
1816113
4133381
3708195
828242
3854743
4193382
4201398
2382377
2276210
2079597
1569904
2974112
3710704
2354761
4113363
1064976
2539110
1213856
1746492
1603635
3654660
2365752
4425879
2725403
4189842
3349882
3885119
1933511
3221833
3810679
3847754
4065297
2201145
4531245
2179629
1861487
3407302
2914708
4543721
1808605
2689931
2384875
3579281
2769886
3010986
2460718
3397860
1860169
3254875
4187053
2209202
623699
2448542
2321562
1630164
2352279
1844622
2753891
2691242
2623533
806325
3382215
1286697
2677494
4411233
1313029
4672863
869222
1849580
4059970
1065821
4042223
2599450
4189841
915210
3041777
4177434
1524103
960875
2843965
3040104
4197563
3837505
1075797
3802844
2228387
2189162
3227954
1021579
764082
1855195
2671379
3932615
4287878
1816243
1583228
2240526
890190
2078195
3933636
3623807
3338714
4415495
1754777
1990718
2026764
2012300
2282512
4721743
3797166
2325387
1141858
4085207
745360
3690510
4273030
3135149
2236260
2141888
3640509
3648544
2744798
861415
4225030
1148905
1279361
1103903
2173926
2798374
3008709
3310074
3764431
1083470
1995114
2633231
3093271
1955867
2520220
2708949
2836353
2361328
3385971
724015
1644535
3647082
1432943
2735748
2069999
1890412
2295882
3081546
4000414
3130993
1860433
1995061
1129532
2239445
3811857
1162425
1711307
2176404
4112173
3393903
3438148
2496720
924667
2510998
1743616
2241258
4641395
2024506
3232558
1985735
3869560
2204720
1911588
1695379
3595734
3970329
845378
807074
4054471
2524196
4252608
2654458
1157868
2095803
2078916
1529189
2318117
1899011
1690353
1903809
1760666
3548649
1241370
2898419
3773248
1289675
3927904
3284709
1582287
2540399
2775397
3071981
3644156
978026
1865075
974352
2100822
2173528
2818772
633993
2573914
3712078
2914646
816327
3849847
1706210
3260996
1763222
2791432
4111778
2945273
4020054
4054015
1593724
3688094
1935845
1537566
2238881
1115737
3616997
2328679
2660294
658127
2737141
4109500
2743756
2064453
1866087
2323911
1842675
2332679
3517482
2257346
2545437
2659368
2235465
1218337
3938933
4176938
3355451
369349
3577374
3704366
4140323
1302583
1631588
3357805
1385398
1894658
1714882
2118540
4652324
4605491
1473296
2132119
1655981
2046445
2985051
1009097
4211571
1685500
1979409
1707113
1805627
2403812
1129951
942522
2284893
2004892
2495251
2279621
4345352
2602336
1943817
4370423
2319171
1277254
670881
1289927
1872396
3313127
1681360
1329774
1811722
2675756
1845585
2272898
980638
4657226
4157223
2843304
2343932
4393175
2819522
2684033
1546425
2301351
2099491
1377957
1298530
1828400
1956730
3109204
2678891
3415931
4305219
2629595
4351425
1432041
988726
3750172
3422306
3220698
1605598
896753
2470194
2726326
1496766
1594426
3227490
1270000
2581428
2602722
1282960
1636104
1895607
4116266
2639644
1074806
2989057
1042794
4480795
2781369
1565884
1850409
1836680
1701404
2615210
2659724
2833565
2457532
2165773
3524168
4224418
1809379
4272569
1649528
881313
1112521
1107102
3523496
2058087
2779029
2066867
3022072
2675575
3523645
2070594
1039869
4344783
3119501
3468687
2128030
2294912
2485543
2097898
2410948
3745820
1530057
1895604
3121730
104229
3023414
1677789
3294694
2090974
1210660
3697682
2485542
1895605
3145600
2486881
2594347
2082725
1822108
2227949
888010
2036391
2126752
2176046
1682412
2241579
2512396
4276799
1911572
462700
851255
2835281
1129193
999064
2689921
3012582
955737
3119369
3040107
1919312
2574259
1836593
3034770
1489207
2610193
1024480
3074108
1671813
1935748
894744
4566120
2805013
2523383
2732387
1944926
1265017
3703862
2469345
3093274
3586535
1895606
2164997
2593620
891867
1181761
974662
1728456
2935781
1002940
1412805
4428212
1035005
2364135
2035291
2512990
2330438
4075559
2505956
2628955
2278525
378126
3644967
2034654
887059
2729594
660593
3870286
2589997
3078415
2161155
1977528
2185824
2241580
4048208
2229689
2088427
4742940
1737899
2187211
2949363
1782795
725718
1425809
828214
1366917
2536179
1180701
4640775
1920872
3820908
2182100
1307320
1695382
2204626
1201636
2069841
769590
3462322
2603845
2628691
3954875
1281115
2677493
3446914
2102274
1936713
4186244
787307
927754
3707952
2294654
2688328
3037642
3741141
1236211
2303916
4487893
1159687
2543244
3695440
2082727
4645541
2444148
1984886
2008748
1215688
1013839
4294727
4350948
4214499
3036835
2327962
4111035
2392497
412288
1843621
1758255
3018077
2559938
2324863
2384141
2731892
4059149
2246654
2569254
1484776
2599504
1350927
1554602
1663107
1843481
1768802
1233778
2969484
3688634
1649842
2492632
2562794
2083422
2933746
2587226
2222880
898597
1419243
2058788
1530797
2410945
4070109
1828346
1617731
3976192
3255699
2330482
1008079
1657917
1955170
2082447
816453
2719282
1084742
4131039
2484994
2399462
1690355
2094402
784791
992106
3549213
1206528
1838426
1410548
2805014
2784168
2281078
2990396
2404778
2331169
2189687
4059156
1988100
3093269
1082783
1816073
933875
1003013
1468970
3012798
2574090
1742625
2017880
3283445
2004799
4307278
2864285
4064320
1296305
2026805
4419660
3003399
2460779
2034983
2581812
3082337
2327132
3287767
2620911
1697643
3772513
4275452
1266691
2332963
888015
900957
1820817
796161
1361322
3030240
2330357
2274013
3902488
4715391
1736571
1951188
3019409
2269544
683970
1204537
1902832
1031991
2237466
3107578
1165959
1092582
4134502
1941064
1172819
2411125
1258642
887058
1487213
4521745
2660646
131891
1591616
4009159
3814186
1353480
2898086
679131
791713
3691434
1716049
1736329
4276045
2485438
1134237
2657558
2480902
3551549
1918978
3493411
3543942
1656727
684163
1918015
2495792
2267564
3604997
4713808
2188031
1869933
1353828
3385967
2185148
1961300
1911308
2101986
1183255
3812908
795627
2041050
2055393
883670
1577789
2874944
4156714
1689229
2129143
4134503
2095008
1709022
2565674
2622787
1768904
2059892
4559396
1776723
2100940
1895602
4205425
1257564
1925409
1569153
1571309
1988753
1288341
1114721
1046841
1405991
753014
4203275
2233275
899732
2025393
1126915
2789938
2249387
1626537
2154507
2657557
3533482
1627148
1804279
837604
1696136
4383252
2076544
1862062
1911574
3360782
1922277
1986783
1097891
875739
1321823
1828903
3121079
2180369
4295240
1736332
3746239
1084855
1893432
2503284
4350927
612871
1642274
983609
2790135
1076862
3217677
1763013
2053719
2721291
1086267
2033294
1816571
2354378
3212045
3322635
3279538
3273140
1890062
3651961
3846505
4428211
2027927
1286726
2545604
2595770
677938
2303525
433005
2413749
2294643
3285233
1679283
2674297
2715815
1018019
1451282
987133
1611276
2274874
3127889
2565986
3353491
2333525
4021611
2541735
3976121
1019570
3054701
1778560
3903219
3932368
1557181
555797
1796309
3640199
714001
2040582
1519863
4023314
2598214
4695614
805855
1634984
2061192
1782046
2507884
2406120
2011555
1095418
2514739
4315024
1410549
3707948
4450601
1654579
1614477
3704352
1912276
1861434
1414928
1809151
4272985
1069949
1647044
2898085
3725129
1192902
2084545
4684394
3784901
1093703
1456499
1256809
1492911
1754659
3509524
1565265
2399766
2026320
1701775
2231706
2231831
861381
2495917
3764426
2452860
4059151
3650854
2022204
2785254
1367150
2122460
1926958
3361023
1315479
2932601
3707958
2802630
1056562
2245774
1941499
2152416
2328680
2971241
1053232
2546306
1843653
2610843
2791233
4302972
3637960
2330574
2961551
2518847
4404049
2693244
1820714
3930926
2315560
3584736
1669990
2103968
3871989
3363297
4236385
930249
2275674
1407152
1761412
1607736
1402392
1503657
2461085
2834752
1261879
836339
3880919
2964434
937709
1828562
2853913
884327
4027058
2991319
2506240
4054200
3891728
2576943
3018109
1892257
1909555
4460170
1484122
1989203
1365772
1292998
4020049
1544643
3590149
672100
1749322
3713071
820483
2941386
2234808
801557
1124268
1429457
2793738
3440631
1755524
4715012
1517511
2799357
3226413
2201460
1703420
1332240
1344602
1659421
3211514
1844239
994495
1782215
2446555
308917
827803
2131079
1319547
3816334
1969946
3710758
1876741
1495498
1717892
795810
1349312
3050529
762631
1854022
3034573
2200024
1571976
2631078
4184538
1451703
1848919
1952037
1345676
789765
2732587
2173072
1731253
1211828
4029403
3506144
2358493
1004823
1983406
2019428
3038997
2161122
2553242
4442826
3990534
622407
3967920
1490015
2469200
1737326
2306594
1325741
2040035
1274573
1657639
2439848
2131792
4028888
3620693
4218068
2556724
814430
1927720
1879899
2719302
4284415
2022718
1606115
1175599
1409923
924759
4039494
2981463
1350835
3795420
2298473
1108593
2669266
1725624
1264831
1817548
3097451
2380030
1566634
2076183
2844779
3607872
1329273
1968283
2457519
1609180
4142643
1073279
3901232
1626300
966920
1131896
1029307
3089375
2906051
1111047
1384610
2226722
4055066
1041481
1806803
1356795
1882794
1869619
2112908
2570594
1380717
3227871
1983665
2025942
1158227
2478408
1826438
2084629
879062
1062394
4275147
3247754
1769144
1351114
2759110
2392113
2036903
2200841
2799073
1679789
1155547
3246922
1493972
2193838
3765166
1554312
1752315
3290202
1094551
1173138
1977951
1231616
664787
2543190
4018769
3179921
1306992
2379656
3608097
1142884
2257445
2304303
1476604
2112902
2461847
3707946
1653519
2187164
3833439
3509293
1220272
3683363
4555316
4225823
2518845
3206007
2615748
1715165
547566
967546
3264115
2225299
1106034
3033529
1348658
1925194
2284947
2149453
2050696
1728493
3073983
2205152
1258579
3272740
4093245
4313984
1706278
2105251
1217371
2369202
4632520
1914037
1401254
793845
2168206
2085794
4001494
3954641
3737266
157861
1481747
801303
2824441
133938
1388622
3946759
1640115
1984889
2246659
2527150
546944
2335100
1868531
2138577
1888397
1370029
1824871
1578505
924337
2149819
2607691
2962915
1480932
2124420
2044148
2133576
4312255
2597616
2296022
2786980
774514
1670401
118068
4291608
820481
1612129
1233607
1127798
1186901
2336864
1961233
1123759
1219705
2779000
3385419
1294935
2021335
3108587
2137749
1343792
660247
1860991
2509341
3526068
2677019
269294
794899
1200149
1229400
1996531
1742483
3995168
2404675
4730242
870839
1091973
4313786
1682475
2432498
1312375
4325290
3340195
2024765
1843589
2958102
4166238
1895699
1704794
3369714
1759814
2570115
4047519
966177
3488458
112922
2658147
880496
2113578
898106
1640362
1427476
1053520
1987479
3593409
3349095
3967922
4199040
930307
2149131
929999
4583491
2918482
833605
1925029
2379756
1672204
1509639
1332018
1460331
1558876
2032535
2987108
4309247
2555112
4009220
926644
1484304
4001453
4284414
2191767
2156318
2223077
2693369
1972480
1186951
611753
1436329
1681634
1785659
1954858
969686
1179007
3759944
1610854
3704761
3688968
1121834
839947
3379344
1301167
1406907
1827558
2752359
3542856
2196289
1626968
803418
1221614
2084862
4300647
680689
1619555
1885374
1692260
2176530
1783812
1476582
2117268
3526953
3588981
1500645
2592760
2078961
1846321
1589931
1982645
2389303
2597020
2250833
2039544
817200
660248
2703055
2789238
2868674
3569579
3322065
2730334
129891
1630299
1271007
2118444
715345
4295242
2032559
2796473
872155
1660820
1849703
2270715
1993380
3229091
2072405
861180
1796420
1534523
1556724
3790613
1788628
4415584
1644670
427090
1232752
3061371
1898740
2273031
1988829
2317124
2825422
4019294
1719019
2740274
2249401
2769784
2521259
2625911
3533283
1545707
2309694
4076645
3513962
2449773
2836542
1931138
2794099
3630007
3573970
3884667
1600415
2047629
3873445
3876086
3078717
1706410
2140220
561335
4003754
1454085
1135259
767774
2117909
2554676
3195618
1588443
1763937
2134538
1710847
2037502
2660053
1891376
2144017
2012485
837567
2133726
1800993
1108149
1217417
4150121
3206043
1897802
1520964
1412813
766891
2229349
2178235
3020123
2465106
2179560
3333255
4075203
2274905
1732802
3877911
1822966
4003657
901854
4221414
1863083
4694870
2639105
1366190
2737173
1704984
3205089
3338395
1245003
1902818
722596
2517705
3232640
2173055
2817632
2844281
1075653
2123641
2963216
1566017
541990
1756964
223397
2321257
1124616
3530608
2222669
3137396
2280910
2774742
4678760
3534671
1066809
2596018
1961271
2321980
2006936
1398110
1257855
3665005
2855075
3802525
1852605
4020050
2351094
1169559
1789641
3093275
3718868
1378285
2376713
1363620
2834725
3206205
3397015
500183
727715
2987243
3500105
1622044
2958956
1125784
3197548
2447121
2610039
3170110
4215263
2990619
2591349
1388399
869286
1561529
465543
699471
2282368
989228
2185224
4303783
1804553
2396159
1632339
3616054
2223964
1480366
1141084
3551877
1977950
2017799
176280
933827
1963977
221777
1601284
3615458
1918979
1327000
1125665
2709014
1918539
2826252
1758872
2256387
1807642
4020053
3232901
2285188
3751460
3320181
2793864
2221441
525278
3473327
3768762
3781623
4417289
2615898
1527475
2127114
210718
3767017
1764213
2564014
725198
3907830
4179379
1321846
2244060
1884654
1020162
1993418
3547468
1889232
2642699
1551135
1109595
1803114
2786058
3582418
1618980
1879176
3471104
880587
1414282
2844963
1093704
2586420
2719437
2445269
3025113
711678
27737
2023736
3025631
2658939
2132924
2038750
3642791
1003565
3843161
1460972
1628131
1523119
1679667
1415376
2245783
2719326
1151654
910147
1009197
2655718
1888617
2522376
4302971
1952177
2113754
915606
1973410
1350200
1573242
885153
3275914
2624331
1289926
2009432
762207
2351364
1885816
735833
261464
2316225
2574880
2411157
2336764
1594009
2994583
1391631
3602784
846872
2104881
1753689
635679
2418757
2165744
3321406
839711
1401231
1930104
3350946
3755316
3003419
1686499
1621068
2194541
1865418
2164274
240689
2870649
4557895
1192232
4228703
3242265
3331731
1681810
1351585
706796
2519700
2733146
3609961
1351501
3526551
2420700
2642164
2798019
3520087
1682831
2155617
2281410
1456417
2516387
927842
2168419
865344
1521031
2158670
986837
3964630
3692895
1740092
1646483
2211017
3151979
1396342
3617433
1985100
3002063
2141415
1651290
1770454
1710848
1003631
2941387
3617556
3572698
1594712
2644765
3020246
902709
1882336
1971171
4191804
410250
1128411
2798826
1864795
4595471
3598876
3708780
845374
2202603
2020385
2813660
1428309
902888
2070079
1400367
3019857
2962588
3385676
339795
2805961
2156323
3481595
1046830
3970838
1343383
1046424
2564546
3934310
3392971
978213
3395093
1506794
3566847
752980
2449729
2162263
2132928
1675837
3526113
206567
1914365
1573320
2247825
2326935
527704
3338304
2199470
1186227
1511760
1773876
1028144
1088339
1474956
3020221
1182535
1927665
1988434
4104249
3471168
3642620
4285230
2413619
2454006
140937
4048501
1010596
1868016
3996216
1861781
428047
1893461
4284814
1491475
1169250
3717906
2171680
1768264
1468467
1100071
2341738
919772
3989709
3229021
934110
3864489
1734494
3377514
3891621
2067859
4329889
2345637
3590222
2307015
1042088
2387886
2069845
3148234
3967023
2514909
2640834
3187928
1095854
655931
1991882
3653690
690982
2049467
1808400
2198640
2839767
1170505
2505623
2074486
1467142
2770225
111680
3098371
4243845
2979891
3645482
1595667
2534559
4440132
2219880
2008690
1426769
1500058
1975370
1785750
2726328
1575929
2270137
2242173
1256330
1831051
3305281
2986935
4253102
1901789
3377513
1911333
1208664
917061
1783725
2630685
4017088
774965
1754868
2217638
591347
437139
4463325
2911993
2042429
3270303
889632
663725
2331037
3534950
4426100
2266572
2832649
1454845
537377
4082763
1059197
3860803
1412281
1610745
3666734
1597502
2793735
4520313
2193487
1770893
2443190
1184359
2514910
3992865
4074058
2833636
1556336
2591255
1215958
614323
1786111
774527
1079133
50712
3396352
4440172
1837093
2960557
1299008
3459056
2067983
935455
2096813
1694855
674324
1679782
4491213
1988911
2545234
1623883
3547780
2353509
1493052
4013881
3108533
3577337
988276
3578050
1028733
2314614
1158040
1949083
2102287
3240924
1726617
3233265
674933
4360220
1897317
1668840
2906054
1118876
185784
3755021
2989093
201523
4476059
2803688
2710628
3901160
3438591
2983686
2706308
1457148
1914981
4283977
781796
1722487
804164
1734750
2955802
3120531
737100
4032016
1345670
1915426
2412976
1512691
1255789
1039163
1115844
1894157
1474795
4029682
2259381
4629735
1884388
4104866
1569200
1080393
2182383
2705665
1137173
2164095
2044362
3365585
2250398
1342804
47359
2089680
4642202
1710846
3158738
1592916
1708928
2869875
1426038
3215934
4716427
1881813
1279343
1921147
1110532
1561396
1992818
1927666
1066197
2999238
4684398
3862357
2881619
2006067
2341682
839569
1839222
2005307
1620144
1636304
1594266
2471418
1840736
3239382
1014580
4001454
800536
1612465
1517820
3236300
657519
2952114
3191492
3283681
1658399
1741740
2448956
3057790
2341586
1994599
2117380
2980379
4569104
2505463
2229266
1477241
3595879
1576337
2061097
4295540
1725621
1185260
4052458
2077126
2705258
1258135
1618424
4454416
704360
862338
3329199
1348191
2169525
3060600
1808741
1429168
3567527
4606740
3532228
196977
1574230
2523668
97934
1685774
3042270
2479479
4051892
1512368
3370546
1890237
3564211
897024
2398423
2902384
4677744
2699135
3851147
2219645
1636565
1803653
1692395
3876716
2245772
4010086
4243838
2225703
1989536
1977469
4387380
2268730
2485418
2368575
3756270
1774124
1757109
1331610
648081
3505229
2211018
2563946
3807318
4302884
2641365
1754266
1565144
1033882
3977191
1187352
1637003
1518125
1971822
2654506
986191
4019121
2316005
1932597
3591499
1838427
2135405
4257707
1454622
4091838
1397854
2878235
2250247
2283640
1498892
4655728
1221541
4813225
1443020
897085
2637029
3495322
959194
2510640
2238053
1968674
3753922
776632
1073422
691893
2103267
841565
1123616
3780298
2722432
3864487
1383338
2418108
2909625
4267647
1857147
2830281
880321
3734996
3026248
2482032
2510638
1657535
3614514
1736333
2431627
1187302
3925362
4330189
1534949
738980
1520526
2768788
2433641
3499015
1137172
1775314
970331
2998945
4089506
2255738
3963274
1515526
3521386
1917090
3462039
352757
2089279
2867108
3218863
2312539
2879756
3059216
1823707
1521033
1226524
1701996
2046351
4131187
2218609
3535523
2007268
1527747
888621
4272845
1625191
1587059
3591993
1517653
1860524
4048545
122855
2676854
1670874
1787848
3871780
2281075
2295085
2229508
3578634
821785
2264160
2996940
2025205
1595588
1479927
2454707
730865
3666371
2011203
2471384
3395094
1881615
2280029
1610746
2255524
4295249
4163794
2332178
2480417
2796126
2255709
1529763
3905201
1862525
3419039
1474888
1859107
1417797
1668949
3152325
1252711
736215
3977703
2468315
1125406
2793741
3022540
2795613
2471823
1917082
823366
2262937
252238
1451342
3625849
3627294
3216888
2321255
1469136
544419
1044728
3352759
3370358
1189905
1489061
2400783
2921737
3591908
2520633
974939
1557461
4047799
2579665
3273002
2021776
2419371
1826136
2012009
1726326
2158783
2889229
3313094
3872778
1730657
4517806
4303991
1007522
4376852
1602802
3316181
1154100
3041566
1079089
2326754
141722
2628161
1943871
3950672
1981164
2058288
2966215
282168
1535180
1262025
1205876
2708997
1946834
3087084
1911334
3238785
1941208
3829478
1177094
4702632
3874351
817623
3081700
3595395
2721515
4274637
3064687
1926750
959426
2125723
154988
1208919
658561
2277236
3334816
70998
1967216
831443
2179472
2647275
1803397
2095312
3305970
1400414
2719334
2161305
140665
2753990
3450779
1714634
3967773
3614063
1056202
4483822
1563135
3398012
3664933
4225962
2881593
2831647
1521299
1687641
1654883
2397583
1587275
3791668
1973466
2643204
2622659
2757086
1627723
2291692
491393
4225181
1231072
940378
3768437
1450182
2550792
1735214
833638
2836809
3891233
2279004
2254752
2705371
2692144
2352892
2395150
412057
1268973
3026203
3243075
3628152
1791443
1654075
1715114
1462224
2719372
3516568
1926301
2643109
124512
2294521
970163
1983647
28578
3290808
3153084
799916
1057141
1636879
4030294
1780725
2479006
2262966
1623285
1820550
4655647
58485
3871738
1113332
2870806
2640882
1362824
926143
1603081
3727508
2722429
2768155
4204889
3957347
1863775
999720
3903214
3613647
1946909
1892253
1485333
2662784
3397669
4313921
1943046
404663
1829927
1885048
2932798
1429746
1473301
1542373
3117364
2459903
4205863
1773631
4469976
4185779
1013267
2601508
2639521
2045115
1773386
4074809
2988681
1604318
654108
2809623
4238983
2151273
3725672
1883681
3431701
1905293
3969635
337500
4029716
4023133
578163
2096523
617825
1266235
3569906
3688644
1160810
3580096
1227359
1124313
1944778
2455380
2374190
1561394
1377588
2961859
4724850
4564532
1385397
2148623
1614261
20305
3262144
4342225
3985496
4020068
3774958
908093
4284486
1358299
1758437
131564
2264767
4313789
4084959
1701539
2582733
1515089
4029683
2830411
553189
757067
2234162
4453889
1949551
3359700
1809913
3645144
1301354
3411617
1440018
1398848
64266
4322403
2844973
1563057
3333703
2442178
2711521
3604692
3892142
2901666
1742397
141669
848159
2211019
2547197
3894416
2999234
1312156
4064324
3034396
3046747
464294
3579873
3394172
1137448
4599668
1762037
1854558
1853800
4244210
3415914
4227410
1435459
3864111
3443974
58970
922172
2360072
767280
1121860
4252607
1718152
4161377
2217489
1564521
3337690
154226
1223770
2227470
1363026
3654246
611931
1827864
1157344
4021332
4635796
3646288
2412942
1399651
1219310
4265661
4041185
1621319
1201899
2321854
2048026
3977190
2319009
755124
1762727
4313787
3592328
3831812
3880732
2218881
4737409
3169255
1025677
2999237
3765522
2942890
1848803
4572845
2565270
4186705
4570949
2679663
3637802
3765595
4528224
1488259
3352801
3646292
2264295
1320292
1709121
1501472
1981733
2781571
1067513
2416573
2227398
2868857
1585754
889177
3474387
66246
2726346
3446204
2373558
1057509
1915340
2350525
2267262
462736
4090664
896430
924414
1225765
1586754
1761677
2582053
3578631
1907838
2332429
2300525
3553569
3306465
1146304
1859841
4059155
1842700
2710014
665787
2122773
2137969
1935844
1854283
3292074
1071416
1252022
1041727
3323156
1985415
4321955
3397001
2262965
1955210
2048191
2690632
927487
4236525
3793488
4607972
3025365
1544689
4302998
2793740
97525
19043
3630150
4468592
1243791
4129168
1665638
3560543
2183215
572727
2715016
761589
1219691
1453152
4625827
684970
4302973
129847
4059162
3899931
2135493
4398723
4415097
1994597
1193512
2291305
1552342
3579652
2483555
1243461
1231400
2371246
1279490
3261704
3624869
711758
3195227
4751287
945157
4502858
3961756
1901537
1874165
3638672
741870
1646845
1453452
1375449
1949196
966203
3655971
3455282
4013493
1675832
3229008
1786515
2059822
3096363
954692
2139546
2643380
975517
1369375
734434
1981708
2621336
2256378
2939809
4216196
4068769
1548125
2516136
1627926
243946
3141635
2269514
1317713
1742937
1092646
917062
2388297
1643106
4078685
2436912
4131132
2556347
2044338
1905396
2637228
4029686
1958930
4321781
1082510
35004
1861656
1870068
2108217
4323073
3345193
1257580
3905645
1850657
1715166
2060302
3431450
2714989
1131424
966243
1606114
1989857
3889346
1655991
1837350
3311346
1862523
555418
3647066
2509953
4124528
3051162
4717049
1885375
452508
3034391
4129169
2677343
1125866
2387620
777074
3829812
3223735
1157717
3194354
4684351
1940924
3668477
3981892
2745510
2778999
914220
3128537
895997
3444967
569113
2595686
4648374
572525
1601386
2966682
2651056
511046
2102290
1777067
3643658
1415582
1055147
1047758
4584932
1556971
1113049
4093243
1294709
1717644
3101174
4638391
3092216
3403124
1886839
233692
3506297
3895683
1864179
1309336
4154963
235880
4610839
3122902
2022724
1378892
2042352
1231229
3187060
1124269
3160882
3730520
3030766
4113492
4321780
3823798
3980676
1546209
3518450
2107519
1827843
1408449
4029709
4303564
4186804
1741989
4278469
1200272
2668755
2844649
1779838
3333745
1111413
1541289
876708
1373950
3897459
3545864
1978242
3653442
1768240
664387
1764412
4020291
3238236
2597311
3533612
2696829
2363298
4001404
2677191
4529671
2200510
2013012
3274710
3992868
1449244
1566379
4568959
1988028
2184521
3256660
3543581
4054201
3217551
2116146
2332088
1382021
3357309
3322526
824242
4457409
1773874
1717648
1740944
3966639
950964
2162647
3102206
1983648
3266252
4018669
4322080
1302554
4682959
3132824
4679519
2246465
1321542
1629635
1226973
3945419
4095499
106965
22538
2254470
1598473
3577926
3801064
4327708
1985719
2826914
1593361
2164332
917176
809469
990396
1497899
3912664
3926567
1187506
4276792
1544629
3301849
4659247
2661537
144028
1468647
2458536
172662
1843575
2620910
2747080
1227265
2245782
574165
517213
1711983
3299402
220330
3542365
3220659
Total scores: 3004
Average score: 332522.00
SSH: 46, SH: 398, SS: 4, S: 51, A: 2169, B: 243, C: 70, D: 23
