3854743
4273030
4111035
3700073
2209202
4214779
4218068
4653513
1064976
4019149
2945273
4742940
3867964
4443814
3254875
2459764
1808605
4446015
4318971
4019853
4127115
3946158
3058489
1949106
4565459
3881559
4153251
4134446
4529872
2079597
2042556
4190966
3524168
4294623
2708949
4298765
2016359
4101954
2354761
4187053
4177434
1940633
3932615
4356464
1830123
4061167
3623807
1990718
4070109
3334587
3548649
2448542
4383664
3847754
3811857
3642423
3832947
3130993
4119955
4000414
2111505
4161097
4641389
4503583
4112173
2141888
3353695
1860169
1754777
1282960
4236382
3708780
1582287
3017461
4097298
2769886
1997892
4347221
3393903
3361951
4057285
2100822
4190588
2520220
4181770
2955445
4237906
4393175
3227954
4466844
1989203
3596908
4323280
1681360
1881615
3710704
807074
2228387
2659368
2256318
1537566
4193382
4641395
2069999
2627079
4092600
3008709
4149812
1714882
4451458
4226271
4651531
3385971
2777102
4530938
2294912
4452777
3810679
3647082
4053290
3866017
4065297
3020230
2556200
3886336
3449740
2012300
3192005
4270838
1685500
4122187
4886597
2026764
4074165
2477047
3773248
3648544
4152645
4579565
4459415
2204720
1529189
4332089
4501293
3727753
4337666
1286697
2981463
4000886
3568590
1119135
3196322
4144608
2239445
3481302
4013921
2677494
3605468
1997307
2911355
3622590
1912276
1083470
3959036
4395884
1682412
3624005
2418745
4344783
2506707
3909857
1943817
3144118
2699196
3891728
1599882
3322513
1976327
3465034
4112691
3779342
2157291
2719283
1625858
1951721
4257662
3877661
3056834
1959516
1737899
4477255
2612584
3310074
2126752
3591502
3545215
3660758
4277943
3415931
4748878
3804374
4191511
3133842
4225477
1181761
1912402
4531245
2765068
4234279
1903809
4001991
3558964
1255288
3914810
2664065
782021
3654660
3545720
2437233
4497568
3939324
3885119
657917
3933318
3385967
3616426
4075203
4270952
2097882
4894158
2285281
1981802
4435589
2721291
2535353
3892050
3468687
1259798
1889232
5001515
2793738
3061371
1229493
3837137
3684530
4177106
1665868
2964430
3666536
3471880
670881
4109500
3855998
4407456
3131107
658127
3886055
3883450
132043
4337668
3523630
2569254
3889361
3404667
3018109
3777926
3873357
2477510
1621319
3704352
1466557
3328576
4748879
1866087
1362711
337595
2026805
1475620
2020385
3333669
3215636
3787349
4155614
2235465
4201398
2815315
3891218
3214586
3932822
3641902
1029562
4198619
3782723
2095803
718156
3279538
3595421
1770552
1154744
2763447
1813803
3082675
2207855
4246905
1729489
3644487
1919312
4272845
4033854
3896805
156352
2633689
1289927
3014590
1935748
2538500
4735162
3551549
3249380
3589082
2335982
4000950
2025393
1648055
2841428
4380068
4025463
2360394
2409570
975588
3744646
1911572
4267647
2732588
806325
3192017
3462120
2959921
2970030
2132119
3416615
1377957
4064320
1557181
3523496
2507141
2615748
1580160
3497077
4297212
1241370
1257564
2779000
3555295
1751277
2365928
2245529
4015849
2330482
2593365
1861094
2831036
1644535
3755042
1256809
3927817
1911574
3592779
3355394
3612033
2456239
3956015
3957153
1023355
3179441
4372161
3667466
4488578
3504528
2269342
4455529
3689548
3632631
4392936
3764429
2496720
3986984
4265218
2826730
3838098
1354319
2173528
3999084
1977528
2648218
2758279
3987084
1277254
3415531
2015643
3597764
3328794
3771820
3055878
429989
803828
2570037
3890663
1974981
2791432
1897262
3184241
2450035
1642274
2205152
2509953
1736332
3970526
2772466
3295903
2413242
2282512
905800
3831190
4001990
4133381
4005541
4119513
978774
2677019
1351585
3227634
4114334
4277471
4497639
1805022
1251181
1028733
2833172
1770368
1890062
889529
2024765
2948446
2128271
3884234
3873669
1509693
1895607
3963934
2221389
2744798
1491660
2118540
2119933
2118444
2032535
4626371
305227
1380717
3671976
3380958
3000845
2629595
1286726
1771619
1984886
3056724
3765501
2964434
1141084
1780118
2058788
4193921
1816113
3141960
1676639
1570203
675734
2955643
745360
2853674
869222
1148769
4082234
1804279
3141681
1677789
2818772
1443674
3596820
3082637
1430944
1746492
3276724
2249059
1932489
1091973
2781622
4313254
2928224
2519704
2191785
2764088
2668399
4440090
2485595
4575997
2978571
1488203
2485438
2596789
2836988
4273585
2843416
1872396
1990449
4011399
1329273
1726994
1397146
2398590
555797
1009197
3910830
4122892
3505029
3495617
1589931
1020440
4117777
2485565
905550
317223
793238
2608130
2486881
2943621
4227167
2800319
933666
4294678
1706625
2659369
999064
3111877
1937075
2689713
1057477
2646883
4013493
2792119
3407287
433005
3055877
3808128
3158090
1911308
1944778
1860433
3970329
2023736
1205876
4112706
2077119
3431510
3797883
1309256
1555792
1910434
4089734
3390098
4105449
1556336
2770392
3208196
3108159
765740
1571309
2278525
1811527
4552052
1695379
1745960
710881
4641390
1007522
380625
3129222
4128717
1066243
1158227
4280483
4026470
3358506
3582303
2138577
2941387
111680
2674676
1682749
3537514
4472671
2146365
2659911
4239975
2205151
2763312
774965
3864111
4088356
4020068
1619555
3526561
3076939
3709557
2524196
1756024
4179859
820835
2817560
2793731
680394
2226722
1200520
3579517
2751287
1893461
3250456
2234484
1551673
3154777
1595777
1947968
2548533
787307
1199955
2551887
1816243
1648053
2257746
663888
924337
1229705
2740482
3167957
1636104
1213856
3980686
3756074
1343292
1268858
2881220
704213
3642565
2803332
2062625
1914981
3539132
3015347
2801428
3780801
3557924
3932336
4121936
4129167
2603758
2078661
3754398
1603635
2737086
779179
2548684
3849893
1292241
3275891
4286443
3550485
1706210
2244060
3690510
1103903
2120145
2201460
3191142
2848118
987133
1985735
2188031
664787
2837737
4378571
1157868
2610039
1843589
4241682
1843653
1361574
2326091
246397
3168048
3005828
2092811
1743616
985141
3533716
2654458
2269544
4549701
1573320
129891
1983024
2280910
2384141
2485793
2679477
3076508
828242
658561
3977067
2008521
2196289
1987479
1616369
4385909
252238
1362265
4098146
2455484
4053559
3608737
3901039
2267264
1770970
1219148
1761581
2524160
3927309
2315263
1963137
894744
4225952
2964221
4643192
2257346
3950005
541392
3232952
2596894
2324958
2662784
2127344
2962588
4496879
1749822
1120682
2469345
2461732
2115829
3966493
1063867
1432943
1192232
3860779
1473296
3817010
3299312
1895602
3933636
243946
1823875
2024745
1313971
4462417
1948911
3170563
966160
3297498
3346504
4009988
704360
2249401
2404778
4014572
3008156
2750537
2702294
2976962
966920
4303291
2223303
1350562
4211571
4091177
2276210
2223047
1476582
1695382
4051071
3954874
3764494
2513942
705111
948370
2335757
2654775
1678041
2444544
4278093
2835132
4212344
3447585
2622787
1181871
3903620
2848842
1696290
3669571
1828400
3360013
3692895
2637980
2436143
3189105
3201572
1745634
2836380
722844
2351588
2076663
3686467
1484304
2238053
4051851
1718183
3151979
4035909
2387523
3557351
3148929
3617254
2784275
2287935
3385965
1265017
828214
2143996
3884667
2045979
2496721
1042794
4541276
2776930
3081743
1989886
2869288
131891
3777338
2372903
1383825
1988863
2345714
2530810
4508127
1175425
2674297
3041777
1325510
2781929
4420689
2271070
2338610
4866452
3279624
3232953
1769418
1331110
839627
3590961
878379
3765166
2609731
2373569
1227415
1641323
1171193
2825079
3844651
1194093
3473589
2594030
4088354
2008748
935455
974352
3665005
1119328
2988681
2553033
1836593
3708488
1716795
2037204
2618935
3747453
732951
1175902
3494362
2904927
757067
2189895
3328862
1101611
2391222
3340425
3014841
4543713
1110602
2104896
3644428
4528299
1397263
2416573
2267263
2222880
2457532
1306448
4803756
3203785
2626715
3757508
370440
3888195
3088665
2097898
3012921
3782640
1783947
2870900
2594347
3789556
1778984
1648505
526757
2349497
3760416
2097426
4163988
2205657
3767750
2536719
3788957
1989857
3293083
4234569
633993
4771900
3523645
767203
3675154
2872154
3687545
4019707
3475195
4060642
2816023
3399305
657054
1811722
1846321
2680634
1948627
2252829
2237466
878369
2990396
1129193
4245706
1464254
3150648
2764026
2823535
1849390
3322613
1292452
2757180
3580003
2218881
2164997
3161211
1989563
3267558
3622335
4147364
3385676
2688328
2554945
2173775
2321148
83975
1838426
2581092
3693726
822166
1964146
3768586
3584740
2391463
2861157
1612129
743896
128132
3615775
1766008
1533390
922172
4398657
2164332
1554632
3593409
2315299
3216854
2514462
117580
221777
3999706
1620144
1201899
2719305
4652841
4210562
1025677
2624022
4068769
2312698
2765363
3153677
4439821
1164074
1106034
2803459
917872
3880919
2127114
1629264
1742483
661561
3419203
2409854
2455505
2340924
1574230
3548983
651937
3187060
2183215
4678760
2592032
2094965
2233803
4199567
2830966
2566925
2881890
2211018
2343583
2880329
1951034
1967179
2516616
845378
1701564
1857519
125702
3083836
3688347
1569584
1281115
1625343
1663167
1986783
2094402
3474851
3061372
4251735
2103968
3407953
3838541
4871419
2112908
1200619
3666979
1572058
3609961
3087082
2974112
1099554
2506983
4552672
3460338
2535452
1723101
2600930
2129555
1095534
3638479
2730873
3098550
894409
408378
870707
3967920
3524974
2045115
1737326
1917058
3965476
1019007
1935596
2670759
1489921
1662175
2159336
1831083
679242
949234
609843
3625423
2461278
484036
1617731
871193
2852981
3493583
4364805
1933511
3607083
2867108
867055
2076851
1363026
3029802
3916356
2583508
1845585
2730082
1494828
3640509
3216139
4347692
769995
1649528
789765
2056505
3893644
1309326
2365752
3506315
1289705
3792787
1301167
3034573
4131103
3168773
2004520
2947751
1909555
4106787
1661565
3619450
659422
2961551
2788180
4213728
3470799
2135495
1500621
4272985
2153892
665721
2726493
2992855
288660
1019006
1734750
1660602
2880178
2477069
1880006
2140929
2495788
3624206
4132662
4277944
1968674
66609
924667
3691926
2291446
2833632
3764427
2103969
3254369
3902967
2112992
2303909
3122865
4023133
2635238
3802267
3573701
2128030
2179629
2585550
2111915
877312
1847496
2660168
235470
1137449
4233834
1809853
2482117
1966004
4929040
3719813
2711426
2540771
2582615
1125406
2602722
2749920
3334274
1258579
3081816
4552004
4479848
1231538
2898085
3119054
2177108
2941504
1949196
3287109
690982
1503604
2776196
709313
655300
3705325
3917473
818304
1243079
2652897
1158040
2596015
4335406
3988444
3716454
2632763
1558869
1697572
2141415
3181311
1672204
2481649
1219647
4684394
1093605
1242427
3435401
3571631
1725588
3382987
2713278
4552002
1188172
1992214
3242494
1657723
1596845
1927722
1993418
1865097
2105741
2939167
3628183
2218609
2156318
3282546
1688424
1566967
2631589
3076247
2168206
2676854
2419749
3019637
2595686
2958102
3475435
3574694
2173055
1187922
1516603
2242434
2719326
2201876
2313561
3655971
813573
1292314
2270781
2132924
463136
2183302
3126403
3029279
2044367
757912
3042803
2655718
2502643
3298727
2199470
2162263
3155478
3695440
2527867
1493121
760488
4233833
1387661
1822516
4200325
2664463
1372951
1982341
3055880
2168220
1702194
4371627
3096723
4140868
2389764
2399623
1002940
2198640
2411760
1594988
3148073
3326244
1316910
2677498
2557379
1014418
3210177
129694
2042991
2523114
1975370
3040107
1315479
3036835
1029255
797658
3808098
1468282
1706410
3905925
2514910
3249379
3932009
3877082
1497966
2889020
3764428
4024924
3644971
2798022
4633330
975418
3853713
1754329
4261146
1939636
3649428
1984256
836269
1402392
2248790
1135459
155235
1113778
958668
1144257
4125069
2925978
2681336
855762
1021579
1518179
4176712
449484
3765595
2721301
1122874
3890764
1029307
441920
1819852
1087562
2167576
3742921
2924352
2134538
2501958
1680716
3983866
2442129
483164
1149471
1485947
4017986
3645144
3179921
2223893
3891621
1911705
2377917
3143627
3981434
2472701
956483
2103431
186036
2231748
952383
3010348
460585
3883182
2415479
2573914
4060415
3503704
2251005
3954641
4846148
2531164
2294415
2082447
2332679
2655355
1031991
1431005
1420669
2149131
3503278
1869933
46109
917061
1067859
2275674
3091924
2049467
1959346
2321277
727204
546944
2107519
844103
707574
1222063
2053116
4019798
2138170
3120629
4126440
1943281
2633856
1569153
1694865
3129534
3352435
2290441
3796494
2042429
2249015
3357309
2209694
3479345
3894432
3558111
2877085
1632050
1947687
1260398
1043242
1919344
4052454
1954900
1849132
2839919
3784802
3669562
2522866
1436138
1220396
3136589
538765
2455587
4128012
1324042
1073279
1046424
2576360
1973366
2142921
2346411
4438736
2672667
1477241
3967922
792989
2905591
666874
3662496
1755524
3238171
2716417
1851177
2432586
1155294
3173269
3836039
1959911
4001598
3548832
3894087
1927666
1905396
3359655
1318269
2352448
1741740
768942
2132775
2514909
3735916
1907310
297812
3971543
3781526
2414377
2079303
4233836
2902017
2482032
1991372
3938363
438316
2076573
2447670
999786
2216541
3622207
47214
2719437
3834998
3440631
1498774
3348800
2331417
765873
4397722
1076674
2291947
4036452
2543707
2025205
1828346
2518847
1599426
3208695
1655332
3938307
3073942
1288786
2265380
3958586
3039358
2719462
2099172
2161122
2539110
2332178
3078904
1874165
1666827
4419873
686250
4023289
2928429
2274874
2131333
2960557
3602591
3619564
3916155
1107761
1108363
1909993
1938210
1317186
4518724
1226904
1717413
3771436
1714161
2229349
3194020
2133576
3635192
2529598
2831645
4330718
2964361
1417967
2500162
2026835
1813918
4243838
1843481
2192485
977875
2324154
2125723
432155
1802266
1627148
1260538
2244684
2398422
2443349
928847
3215934
2049842
2470711
3792303
1935235
1369868
2405863
3727508
1533884
1204320
4018578
1514256
1635980
986491
2772959
324516
971834
1382696
1394187
1902818
2178010
1703502
1796164
3005880
2750276
3638185
2887385
3066712
4803222
4522639
1123180
3931938
3218544
3754399
48943
38123
675394
4089730
1461560
2829910
2471632
3626588
3439142
2915790
4024173
3156724
3158573
320098
3401639
3190767
2234883
4043393
1707863
2642349
2336535
3575904
929473
1204103
2270137
2880470
2675818
2404144
3456445
2530761
2413749
2967405
2577510
3523166
1710849
83674
1468581
2252196
2284947
3326367
404440
3782349
2710689
1296610
1856755
2327962
2102287
2797918
4668221
1351114
3613816
1787835
2580981
1112521
2960558
4096098
2496646
2791830
2631387
3856237
3955579
2143630
4233616
1128445
3230689
941044
3006574
2428752
764082
2625175
1969946
1910559
3077969
3510788
1360148
3206755
2825599
1736571
3010519
3896662
1099380
2706475
1701404
756448
1506561
1283691
2040788
2787354
2719327
3857867
3535960
1806531
305948
22098
966243
3712078
2972605
2153771
1127798
2331169
848994
3909572
3320703
2555112
3430156
4003754
2202513
1856696
3793449
1869619
3577683
2370911
1702903
3710723
2743101
2596018
2398423
820619
2813700
3623106
2596245
4029809
2094367
2603005
966463
3585092
1722878
2187428
3644656
1988899
2494157
400067
46785
3353601
217651
3419212
3622609
2506240
155462
4076855
2790060
1562551
2565986
1108149
2270814
36679
1153664
4193930
2604568
2941367
929660
1852786
1655981
4130722
1852809
3806985
3400944
1344212
1169773
2454944
921979
4021646
3534950
3613813
2593231
1056698
3087084
2449729
3662560
3817199
2130337
2331321
2699284
3885052
3834006
1382030
1898518
4141693
2402115
1843698
1121909
224132
4058573
2874408
2289116
2833708
872110
3073960
29816
869458
3750632
1578505
674933
2040209
813331
3335701
3616425
3946600
4107715
1548347
2527282
2673634
1856597
1500432
1514799
1312375
3932248
2905806
3871753
2134007
3261062
1850246
1632562
3769994
2769113
2899185
3660853
3522456
1408481
3168337
4315054
45628
3400000
2465106
1716916
4184700
2552395
4018467
4164438
3708195
864446
2069833
3209982
1560507
3037582
650610
1245365
1912049
2296588
222857
2834373
3945472
1384738
2898086
1690189
1454087
46413
857268
837837
1816073
2243338
1989201
2481638
3617556
2139854
3052611
3967032
2101384
3387458
2041931
947684
135370
2766527
3385230
2927130
1709022
2750388
1849580
889632
2201204
1365433
127292
2453128
3563444
2609485
1462224
953394
3266231
1722254
3935353
1594426
1592917
3629776
2658705
3322238
2072959
2904026
1353260
3454111
2945758
1984539
2823660
1940885
2346860
861415
3542514
2242435
2861267
4323806
1809151
2112220
4415584
2911747
4119845
3625291
870991
1342179
3404834
2415132
1498618
3861344
425392
2291305
3334273
467821
1528015
2754891
4036609
3540649
3204576
4199040
1784484
3729753
1730196
2864366
2702907
782882
2229689
61134
711923
4585473
1011935
3374669
3945366
3286148
3332334
3083935
2726490
1318439
2316106
2831915
3088767
3206043
3997774
3037722
2233807
1757109
2370655
3069278
3691464
1939637
2701388
3664894
1275989
3066331
1388929
3637802
4043390
2525654
3459056
2750570
1194354
1294935
1566024
4328268
778792
2891241
1414762
3188799
1747221
4009623
29519
2470549
3974456
2815307
2922962
3232558
3414730
2444011
2319981
2465709
2252249
2078429
4083586
2492023
4043394
816327
2923026
3909739
3181565
2259381
904853
1257669
2475396
3726048
2317802
1115820
3979916
3552967
1404975
3693785
2259415
1118005
2770393
3656069
2742959
1322892
3969332
3930069
1415026
2544665
2237588
2005910
846259
3168752
2876871
3366499
3419879
900487
2188209
3871504
1977950
2658147
2776173
1073789
3308482
2607691
2654073
2841096
1079133
4024596
964941
2494513
339330
1564607
3997353
1087497
3862068
1271791
315
3268033
1981063
3754089
2303722
2872474
3132074
97626
1976027
2512396
2600169
4795262
1895170
2634872
3308486
1229702
2766688
2200
3690237
2586716
3997645
3320810
2956920
878319
401482
3534872
2728166
1496389
2905226
2834663
3085180
2078232
2167501
808492
3136646
2933166
3688688
2833565
2240055
179425
2888161
2295882
2688800
3181564
3981374
3698097
966177
668301
3507926
2446437
2224119
492148
3643218
1980907
942522
4371762
3915306
2701810
2456947
1033154
1053843
1115927
3186116
2929650
4093580
2341755
4200330
4012490
3403124
1925164
1172819
3365270
2920787
3936946
3605633
1936713
490910
2662460
923329
3594765
4225579
113214
3571675
2047228
1925029
4157748
95150
2814588
2520633
2187344
2374267
2866952
2078961
1076374
1140187
1157991
2081397
3509309
2874511
3381137
3465695
47293
3181310
1987500
1822965
3170561
1763937
3991003
3213463
3695255
1484261
1004918
47459
853779
2637167
2251035
2321854
2770225
773153
4122431
2046626
725718
3141228
2382785
2902384
2201521
4751287
1963510
2061189
2841693
3789858
3986329
2467744
2267262
3754802
2750922
4538704
2681759
2177531
2803508
3863961
2234039
1988753
1844914
4075892
1454083
2826331
3555173
972292
1559778
80410
3852943
1632690
2507132
3260998
2823325
4184185
2933401
2198374
2097562
2087544
4458959
1219259
3451319
1307320
1989318
2321258
4421402
3206402
1787965
2911746
838103
3885640
353288
2478754
3102212
227373
1748071
4104249
3855779
1875198
4100472
2844963
3024475
2226072
3633025
1003013
2456348
2472303
2877317
3085497
2064451
3876086
3088030
3921845
2125710
1913204
211154
3873990
4194071
2025938
4049254
1378556
4306512
473200
3717666
2977915
3814127
2625140
1510074
1710845
1160996
2835408
2933224
1949860
3236370
2497171
4013979
2224109
899534
1877433
2132330
2843304
2096227
2955078
1940191
83646
558774
1564182
4140871
1688226
1184998
1685438
2556238
727148
899533
1837461
1444141
1474795
1984384
3465231
3652141
3733949
978026
1844622
2191588
2615938
2865357
2323773
2323911
2439210
3480123
1256802
2254470
3645433
1001682
3940523
1940193
2093557
2553198
3465898
2135261
1901568
1995114
4190243
1360357
2990769
2344219
2678653
3571154
134610
2093703
2100066
1928795
3346728
2796474
2791233
902888
1572458
4171632
3239382
428047
2391309
2528118
2628159
3008842
26066
2507883
2187012
1610215
2965359
3158473
2660167
1967530
4161377
2646750
1202150
2719425
1119384
1851537
4000954
1964153
1939272
241078
1831051
1731701
2783932
1601387
3396707
3276740
3400150
3020314
2856569
1652503
2165108
2452453
3979752
86585
3702017
2800959
3221833
2127653
3474707
2908653
2399861
390908
3009158
3256129
3620803
2185106
813555
93569
232663
2371246
734769
3131529
65455
1791963
3569579
3588713
3426993
4858264
3924513
2026924
3504206
3322065
3987398
4164591
3057335
1950482
244224
1428506
1342804
2753990
2123778
2301161
1050907
2639644
1602415
164107
1459559
1980044
2279897
1864795
2903214
1077675
2693369
995841
4958758
802201
4139266
937709
3440632
2674582
3734272
2826438
1156288
753014
2655526
3612214
1135259
364532
2357471
2986326
4072982
3635931
2288582
1046339
3485414
912442
2744035
2298221
590103
3563852
2197366
1700588
2132928
2069841
1742625
1839600
2682028
1728424
4410462
93836
1252078
3772513
3133580
4145247
2450395
1849134
1425926
1182462
2729999
3186728
2393550
3328721
2901508
1121435
341217
145266
2066838
1384610
2144316
3448856
2756955
2733839
3101971
3445165
2316795
1866138
2527554
2272342
2493793
855536
3035260
400772
1938413
3238282
2181996
888477
237649
2864354
3979914
941299
3919786
3126262
2332536
2195883
4222348
2861149
3467724
2507910
504112
1130128
1822108
3869663
2106420
1988748
3357805
1483288
898195
3614354
2204380
2874944
702981
3789345
4058576
1358299
3225843
3184138
1694584
3667849
4055410
919772
3184398
3307670
1506823
2144193
870152
2730977
2372627
3773934
3011530
3065051
3728033
2380030
1730270
3185724
3664501
1720480
1551718
1062398
2574880
915584
3466809
1530797
4244210
2322199
3590276
1080602
2532379
1538177
3868554
2158670
3135335
4114821
2221441
2191025
216321
2059822
1690355
1056413
4428642
4223176
2063785
368238
2735187
3440971
4412105
923820
1573997
4142498
4215263
1756270
1610746
1949392
2280029
2794219
4265739
3412816
910992
2115650
3607095
1021421
2166311
1420671
1769222
406298
921911
2787707
1725532
3100679
2682465
2268730
2004828
263900
2888273
2546040
966203
1890412
2656829
2279623
1405991
1955170
2383922
1815397
2035949
2269609
2577893
2692309
2480789
2839940
4037583
705200
2712411
1990546
50039
4364820
2758562
1454845
1764412
337500
1597253
2731921
2035756
324175
1432041
231287
2504668
2886244
2577777
2907457
2441889
3744485
3697747
4233835
847810
3286400
55066
3004854
4150121
1654984
1033882
949874
444356
2114900
2928428
1331610
1020084
2625193
2975962
3035755
1964777
759638
4138229
2181195
2263241
3493830
1040647
884122
3103577
2973544
3023460
2673453
2239387
1186085
1009330
2133744
3601293
991587
33523
2008410
3700881
1782802
1950481
2843109
86432
2467425
2015661
2756758
2644765
3457777
2075363
827109
399756
2496925
2504927
1483352
3461839
1679794
688568
1342993
3607872
4312018
2432922
2627179
3268563
2787341
3641589
2394790
2669841
1023369
163223
2748783
1847261
3533276
4097608
164409
1992818
176280
3790613
2965841
1972186
3644070
4042151
2349207
3565105
3122603
3821936
2390474
1770621
2545231
2787838
1503605
1128184
1128443
2719427
1993380
2996556
864246
4582618
1397879
2867706
154813
3015615
967546
3520227
3518450
935029
2732587
2958387
2551546
238429
1990541
1861434
2891179
917119
2233804
1869337
1892257
4343388
970207
2897659
3572698
2792785
2187013
3873015
2294139
2249103
3718849
2739954
1054667
2659370
1373637
3784901
2766306
3716950
2841055
2244014
4258365
2877084
3796888
508894
3261704
2195762
1690919
1644699
228189
456922
4013640
1608546
505457
3885167
1413068
2863524
26295
1405312
2263649
2245908
4093683
2620858
1878282
2309226
2895239
3700753
1926725
657519
4443860
2560356
789767
1342593
2153577
2077121
3783138
174720
3682749
1951580
3156682
1075797
2734570
2701095
1267198
1675173
3737266
752313
1694866
3743709
2052714
3675947
2625105
3874534
3281309
2971716
1098281
2659478
3711414
3933988
1008448
3818012
2627732
2502889
90172
3615458
2854117
4215423
1955867
2191703
1321439
2379756
1071489
4193498
950364
1403900
1932075
1756964
3076004
1412468
1719019
2770689
4233832
3980576
3587415
960875
2738355
3721406
3954860
3499071
2836353
2115302
2162628
1857967
3768514
1021835
2556204
2932019
2035100
311659
1741741
2049075
2782010
1343974
2681913
1117525
3627868
870565
4177202
4176723
1816172
2909140
2359099
2454733
2233986
3709956
3966543
2006660
2911775
839947
2027309
106053
3623693
2911715
534233
2598841
2027834
1716034
2859291
1545247
756065
1312436
1753505
3651015
4106804
1332774
2779406
2543190
2549401
1901789
4572837
2387782
2439848
3073959
1249325
2637145
3033142
2815870
2856621
1726496
2780452
1449825
2611169
1592913
2730960
2075777
4024104
2266572
2476318
1128660
284083
1723203
1106704
2008409
1620344
146929
1008121
2941661
3942646
1655605
3398294
1228200
1316758
4179877
2811422
901194
2909363
1758255
3387121
3308585
2676534
1943046
1937440
2438517
2091233
3134075
2385146
3932010
2420339
2331906
1877451
2596971
1003866
44076
1482959
996985
2334033
3205434
2860870
1063874
2721644
3286201
2469650
2841495
4023105
1085133
3807016
2494461
776951
2825965
2008408
1725346
4120002
2834752
2514908
2145832
2813701
2655827
963935
2062498
1493750
1897567
2086068
2147236
2081725
1746902
3547138
557360
2332240
2406600
1201636
2627178
2684033
2146972
1582594
2842174
3758839
1674139
1099715
718679
2775062
366398
2326935
2006358
3417438
927842
825776
2926345
3544873
2107221
3837955
2797490
3438956
3831280
3271307
2829058
2771669
2882501
2996505
1523994
2921554
652978
3478479
1775314
2108227
3992865
3442391
176504
2069933
2097291
2926264
926644
974117
1415008
2633220
4509228
4010226
3758559
2557979
230223
1209189
1957844
1008504
1130949
1080393
1725906
2174369
239957
2925241
2779405
3907830
1694814
994370
933629
2545234
2415782
2807873
2112160
1967527
773398
1125885
474826
1602635
3427228
1204683
2460307
823257
2805529
2906051
2623025
1347993
1804553
3798091
2958956
3278295
3507696
1801419
820483
1480798
317447
2315008
2058034
2063079
956777
3071981
1772611
2311464
1534949
1891471
688289
1179970
3860803
4201394
3345209
3109621
3046250
2814848
881997
1407152
1756397
2010413
4142115
2742958
2583506
2596982
1874853
2625676
2533711
883313
820481
3038997
1932842
1969210
2026796
2238013
2803688
1035958
2042828
952068
2901507
3694755
2974704
50014
1149294
3407302
2488047
3339228
2523875
1630299
1992003
2792552
3360782
3586535
2497409
788757
925214
2061370
2200083
857624
2267950
3444922
3040053
2629330
3388515
3311337
890190
3710568
1930070
2900943
967621
222551
3861432
2631590
3110027
3201604
2528346
2106237
3010882
3229078
3039112
1989536
1909546
2162600
2761831
3713071
3098371
3020125
1349697
2606688
1532172
3521079
808360
1351200
3817087
3535897
3792984
2560268
3348823
960303
1864175
1223602
1168528
2241589
1571646
2763130
3420768
3348667
1438946
7575
965243
1621384
3037585
2286562
2165773
3334174
4204757
1621159
1785425
3439307
3248168
2847847
2524887
2368489
3481303
796518
4236749
177457
3781753
281632
853777
2335100
1991690
2797998
1958096
2122875
225279
1804182
804031
2428468
3885386
4769662
2745957
3320181
2411157
3048810
3170110
1661013
1859841
1652613
2008022
2964438
3075536
1860767
834752
1939645
3662624
200125
2205153
3418609
2516136
2313419
1621637
920772
2681544
1585599
2777930
2115301
1492654
3404787
1406011
1215688
2433988
2617892
1839474
1684093
829779
2817600
858200
3685577
2324864
2814452
734339
4301621
1378906
2464761
3491741
2211019
2980378
743104
976076
2849787
2836793
3724826
2203212
2899197
2437539
3197008
3949281
3352021
4442826
4425879
473210
1021349
2019892
1829185
1464580
1247238
3995022
1589541
2151552
2514777
4186732
4383199
3929251
3924754
19521
3081825
2708983
2722430
3557474
904077
2392113
3647151
884638
3720093
2744018
1814498
920877
1554966
3589801
2486763
781983
2585811
3150892
2817542
80409
2596270
2040582
2941967
674476
973066
1257580
1860524
2615090
231099
1183232
977093
4208735
1231134
2665351
4129168
836565
3746190
3137396
1178481
3020554
3561662
3170565
1320857
2842731
1977860
4549233
1302567
2061247
1690475
3139330
3963090
1729283
189966
2729594
3026790
3257738
1386449
237293
4124529
1345313
1499253
1110353
1044989
142954
2303525
1522367
1519160
2826562
2764267
1087659
3392673
2952279
1410748
2547950
3187211
2249104
3063574
3860688
2500918
1866555
2730666
2291332
3626627
19530
1563000
2568438
1056890
2002977
250141
1036392
2594785
1194584
3293244
2108217
728870
2589997
2108061
4278199
2240223
684515
817626
2742517
1629316
1311531
3695745
2743486
1781533
1366770
1963682
902933
2610170
2498454
1915121
2662213
3559139
3229091
2721474
2150112
180092
859793
1980708
3504917
3438885
875739
2705371
2853012
900544
2941386
1449514
3704366
1051495
897870
3834883
2952192
1269500
4031654
2786980
2598214
2036903
3355432
2506721
1250808
1575098
2853190
1982343
2566056
1345670
2169142
2277997
3853480
238428
3911766
2925604
891079
668662
1952037
210678
1015966
1227359
1701940
2376713
3619544
1851468
3014360
2773224
1011226
2676959
3196748
1645523
1056202
2519868
1894157
3970905
2310700
2387406
2106476
248562
2787351
1679837
3678428
4415495
1484934
917024
2592033
1841172
1876060
3813328
1561529
1950717
2267334
2743200
2471823
2209289
4795498
4529671
3199701
4156030
3511675
2757086
1580835
3196323
427090
1914365
824713
2310736
2374190
3957347
857371
2354378
3897504
2837167
2041598
2233205
2802630
230305
1949488
2972622
2326007
1994629
2464480
2052227
2096054
1744803
2952641
2079451
2182776
3276565
3374691
895997
1725277
3972386
1977553
1864236
1741989
2726352
1848985
3894416
2268090
3267248
2731892
2628691
1991368
3175574
3550482
2039543
899732
3954875
1587059
2085797
2729871
2201145
3041193
3645482
140688
2630084
1715819
3127889
1907838
2932601
2574259
3802584
3606457
2870649
4393066
1427682
3500253
2786493
1472242
2031189
1671458
224830
4419660
1982146
928662
2868033
3799924
2901666
3767369
1283568
2651889
324708
2530351
3069228
2801090
1507125
2880022
993540
1938398
2613062
3405760
2823561
1828968
3513421
1883952
4157765
2709056
4689698
3710759
2444148
644971
462700
1864176
3715781
2790439
3322616
3601659
4208051
833605
3205646
1931142
2726709
1915416
4323292
2315558
1096436
1296370
2272898
2899923
3460598
452508
2505225
2462245
3920772
2690695
1642224
2158417
1016169
1695654
2195728
715044
4031306
1509602
2196830
2931007
3875735
551960
3262137
3205217
1560508
1958263
2671949
2546913
4235307
2824457
1576331
3170564
1750669
2068130
4074809
401483
2681792
1745036
2830130
2277236
4116304
3621507
3676865
1366987
1979033
2768788
2125715
2560354
2015783
3666452
1911303
2939369
1481624
962128
3468147
3329298
1837462
2211017
3131174
2223338
3359328
2924731
1682830
2356514
2596314
3722306
4011865
1013534
1958710
3985496
2549390
2781168
1790070
1142669
1412805
2829582
1427798
1231232
4642302
147511
2208945
3003419
1488898
2833858
4304805
1656727
4270907
4572845
2625297
2836733
4041185
1988248
2505182
87837
3666371
2886682
1492911
2717433
1918172
2729394
2795859
4294325
1457148
2908295
2581428
2444527
2512991
2839813
2869875
2706197
790218
3785896
2630188
1626300
2877083
2785676
896898
2835524
1978018
2375390
3497321
762983
3281757
1161447
4278436
2314264
974662
1050161
2586717
3025516
3317495
2778643
1911213
3260996
2327247
2078788
1274579
2264207
1509637
3062833
1405358
3802390
1257723
3059613
2421848
529432
2715016
2022718
3652123
2992705
1301932
4917483
3099024
481881
32933
3583414
4306945
2768155
2755722
2954322
2278930
1630100
1208673
2922759
2680248
3365768
3448700
1134237
2633327
1665829
4327290
2205649
163981
2309694
2663986
3179613
2759110
764472
2374083
3238551
2481303
2640882
2336310
912635
1595588
592113
3429000
2910518
241843
1992711
2054321
2281410
2336427
4033977
1370029
3755316
2553242
897279
1362824
4078148
2839767
2925589
2510640
3354660
1350227
1721284
4121113
4453862
2794887
1944412
962194
270789
2507884
2985153
2536179
4105435
2070598
2239073
1769144
4165657
3853082
2299523
1898555
1565265
2324949
2012009
2937933
2103963
1398110
2834014
4025297
2457197
1396342
3784569
1220272
2109961
2806598
1303424
3289429
1977951
2047566
1242790
2495792
3831812
1480366
3073604
1189218
1482948
2852577
2345637
3933767
3509524
1462155
2587226
3936022
3108587
3203942
1500645
1543159
2623533
2826912
3126710
2505928
2060211
4048208
4208504
2634330
1862525
2565674
2671948
2336764
4070881
2939525
2740912
2118937
1358336
1118296
2321255
2187303
2205311
2842165
2915789
1614261
1257663
1371397
1290985
26800
3654496
2448708
2863638
2533715
1083833
4382678
2743102
1907708
1013839
2470194
1827323
1369822
2132925
3900977
2953362
3460439
2946886
2477065
2020373
1460113
2884019
3563274
2136883
2341586
1290281
2382377
2158783
672100
3682177
2514739
2869297
3431450
2583501
1414282
4247598
2503780
2683120
660593
2886136
1961683
3762927
2827368
3684240
951704
366659
1041682
2678372
1934624
2036391
2271474
1179007
3462039
3300948
3479819
3619070
3702456
2223964
1418661
3204875
3476542
1845874
1889174
3240924
3089375
2986325
2535899
3691434
2795613
1763666
734434
2689633
2160216
1454085
3309138
1536092
3902488
1489207
1230741
1443020
4527122
2929651
3873379
1635388
2351364
4436738
2876872
3920671
2017435
3403437
2962696
3501212
1782047
3502500
2635971
2318901
3105129
1857880
2564222
2826913
2231443
3426710
1467142
4524940
3851147
1662436
2827019
2582524
2511210
4617965
4054471
1763938
3870266
2404675
2925638
2974098
3942893
1349700
2458202
2844649
3748396
2124108
3367489
1090928
2868674
1065821
2459145
945157
2102274
1738018
3784919
931795
1115737
1220276
985741
2691096
3961756
1539107
3754404
3995174
468714
2778437
3284709
2798990
2962915
733943
3539681
3119369
3092216
2927020
1636218
4123080
3101744
3217551
2487677
1044728
4020291
2523668
3793544
3089374
4018711
2527150
3561018
1575327
2620055
2778121
3638672
2983785
2675575
4061730
1180701
2980206
2483555
3089701
104229
3392208
3600851
2877698
2677493
1838625
4018934
1580084
1679799
1565720
1715917
3710758
955737
3929904
3764431
1622230
2597020
2643115
289704
4881932
1927158
3643571
1715162
2878518
3645578
2738842
1093703
3698095
1072467
1270000
2825892
1936719
3078415
2472811
2468750
2679663
4017088
4220690
2168205
3634733
1890216
4818953
2710948
3229058
2825253
2650657
4520313
1768904
709939
3334315
4226815
2794194
2992586
943007
3396312
1830413
3880893
2479479
2267564
2238764
2182100
3771810
3359370
888715
2752284
2357934
2455483
2662357
2388298
3932583
2628834
2740274
2413737
2913269
2445272
4131132
3005812
989228
2709349
1589425
3585903
2041509
1520964
3762850
1684967
2977917
3237678
1010596
3713817
1535180
2718279
2276025
3377883
4557064
2801783
2906211
3645570
1163521
2170386
4163505
1217417
1345677
3746239
3078877
1747986
3647040
2135405
3353486
3859558
2082725
2910519
1899011
3273002
3594058
2906054
3917116
733772
4179321
4132878
2842104
2856172
586759
1460331
2976163
591347
3041616
4140160
1829925
3818928
3071477
2973414
3685574
1826030
3083319
3448517
2963125
1995012
2906715
2954323
2023838
58064
2240526
2368235
3631936
2973688
2581610
3502722
2360072
660527
2443190
2836757
2039591
3689013
4060514
3721334
1905231
1113332
3170562
1689294
3270058
2947395
2842179
1330828
3903974
2066644
2794886
4552914
2774219
1451342
3648062
1715139
4354487
4422803
1567435
861180
2837169
3312088
2795858
1935949
1576337
3993429
1895399
2809895
2396252
1201439
2084862
4090663
3752961
2516229
2858770
3338304
2777737
992563
2916562
2682320
3355451
1840736
3911957
1083583
2154182
2955231
1240611
2464479
3617433
3767538
3922628
3248124
2947606
4225823
3204575
1323334
3395094
393953
1900535
1780800
3340195
3121079
2308666
4375019
2233275
1046830
2330808
2115738
3179665
1180080
2367231
1142884
2480902
3926086
2435107
3975781
1820714
2811014
856738
5020600
3764426
1861487
2624331
2556347
2555405
3201072
2437116
3818011
3789340
2149453
2140220
4493151
2671950
942561
4166754
942136
1188847
831241
3331635
2090970
1070687
2749925
2061192
3193043
234680
2873968
1443865
2743103
2446219
201523
2283480
1983406
2826024
4555316
3750140
1373004
2113578
2881593
4142121
2993229
1782046
3322526
2176280
287020
1994599
1410549
3242187
829903
623699
1259155
3178933
1921563
881313
3220659
3539188
3006446
1553352
611931
2721475
1918015
2675756
3108533
4018029
4767844
1627271
3549213
2410945
3722572
2943265
4228367
3869665
1484122
3311312
2696206
3503003
4321000
1938999
4403624
4127421
2073131
2187211
1625280
1878162
2300525
2870956
3818020
2809623
53502
4396672
3638184
1274017
841064
3826008
2097855
3598876
1592914
2958190
3143258
1563135
3493711
3472218
763289
4819546
1826438
3651288
4615460
1808053
3985592
1584722
1925409
2495790
3740675
3966639
2555113
3351879
978213
1695991
1399240
1368400
2144017
3501463
2986327
2843148
3147541
2532226
509510
1161457
4485345
4295242
3764425
4412721
4835404
2852578
3751096
1416954
986633
2319009
4093362
2413619
2130614
2743207
812161
3109204
2104522
2798374
4398723
4586651
2502692
288067
2162601
4113664
2630863
2550233
1127971
4134502
2464482
1928647
2815223
1714634
2064555
2651796
1216439
3062908
366691
2051305
3160922
3079804
1782215
1384781
4504367
2233386
4093567
3479800
3481587
2615018
1531196
831705
2304622
3337690
3081700
4298969
4100557
3144568
3030240
4233838
4018669
3181394
2399766
2173865
1676851
2994583
4004208
1734751
880761
2693897
2876873
2838093
2886873
2139556
3439223
3066431
3130037
2113754
965543
2596164
2152153
2598347
2504695
3218863
3286045
2625911
2933746
3216821
3520087
4313929
1084695
3635551
2941385
1655606
4090665
1231072
2641523
999720
1871842
1545707
2991319
2499389
3038020
2225701
1744843
3073983
4145797
2540399
3812596
1972913
1398259
269294
3607697
3128003
2834013
3221529
4305219
943248
1350200
3668610
3161292
4249830
1206528
2276652
4552085
991825
791264
2943967
1941004
1430351
1348658
1706407
1469136
1709121
1462917
1685341
2202181
525278
2020747
3305281
2855075
2696829
2101513
900957
2468751
1044694
4252985
2314794
2329321
973781
1500584
3301339
3081546
4185779
2022204
1859223
2064453
1385398
4284879
2509341
2021776
3807318
4271097
989244
1857003
3718868
38053
2251038
784369
1649489
1319335
3613647
2294643
831868
4460170
2779005
2190666
2225299
3990318
1789398
927754
3104522
3484856
2077126
3472479
2332088
1226524
369349
3438225
2662925
1619564
4210484
3881390
1733519
2238336
3210249
3730756
2141523
1965479
1240390
3103655
4471365
1274573
2464708
4442315
1391631
2597311
3551313
883670
3685062
2795861
2654506
1107102
1706834
4290079
1669721
3121101
2500164
1506910
2200809
3054701
3006996
4256277
2779332
3791647
1384809
3604997
1640805
3205692
3306465
2628166
2162895
3963274
2941968
2004799
3965898
2827735
2462350
2978156
3019857
1801936
2173926
50839
2829681
2298473
2231831
1854479
3048737
3658332
2011390
803798
3385419
4054015
378126
2952008
3267820
4330189
1899093
1238045
3309764
3515115
2854691
3262144
2226026
1889804
3397388
2943184
2667881
3263130
959427
55364
1945975
3573970
4509709
2637029
333417
1670401
308917
4002196
1998195
1846898
3216888
3104339
2587024
199135
2405487
2885022
614323
888010
3815421
1278370
2405862
760779
2915644
3619274
3358820
3741141
2165744
2495793
1700220
3869279
3642791
3933443
4174539
4521187
589671
240402
4009807
1786515
2078680
3841003
364484
2047227
3871800
4031700
2679369
2556233
2503284
2815425
1712155
2657705
3934310
3491545
2902513
3526113
1860991
1294884
3925597
1754659
2283477
3037642
3344169
1426319
2036061
3205626
2564428
3012582
4796487
1302554
3633292
2321980
4470219
2064450
4335978
3020246
3947004
902259
47959
4507381
1746034
2996741
3582418
2556199
2832711
914220
2189162
2468315
1704794
3747445
1221008
1183255
1958945
2123284
1102101
2795660
4270213
2692144
3195227
3674037
2660646
1182213
3022540
1297789
4426662
2494462
2492098
3538924
2119228
1897317
3616054
4285230
4017109
2512990
4730242
1897316
1062374
48735
124623
2169301
1406630
3050529
2771799
2660097
3870286
3591499
2844390
3526823
2245772
4352514
2681788
4846507
965549
574471
791274
1649967
2233600
3205642
3169532
3551777
3768521
3528324
2281409
3407277
4205843
3033529
1681634
1111047
4315038
4203275
1150868
2034057
3629575
2004420
2879756
3853616
924759
3097122
2163464
4278011
4208733
2046445
3873445
3760677
946082
3359700
3197548
2945904
915210
3323078
2564045
2124420
3279142
4087610
1272391
4607972
2399609
3256660
3614314
1234400
1881586
1535062
2546190
1473811
3131511
2644655
1516650
3551877
1768177
1419243
2077273
3290202
1819763
3922401
2210465
1783640
20378
918819
1939031
3322168
3100645
3698751
1949487
2781252
2748273
1866744
1855887
1219705
2358478
2517179
2691242
2809894
2558055
3841936
2560657
1811477
1862523
3745080
1277591
3629942
2468749
3877905
2396159
3440920
1849273
44087
4740923
2852070
4579475
1345676
674324
2963127
1360599
2547196
2843334
3161721
1605533
2326754
2708572
986917
2564220
3193038
1493052
3019859
3200112
407788
3169154
2867817
2352279
2055393
3082337
3724573
1527960
4108937
3829812
821785
3386365
3443974
2862803
3168656
734996
1345203
1612465
3509293
2039845
1960286
1463712
4502858
229351
4163794
2157917
2403907
2903032
2049991
3968104
2387549
3908671
462736
2579665
2985706
3650854
2660836
2484994
3889455
3626128
3816602
3227490
4393036
1137448
3152082
2450838
887621
2599450
2887762
4509624
3866940
1385397
2654685
2328433
3457382
652643
54375
1774124
3981435
2791838
2786490
2736556
2986935
4502914
2158483
237787
4219154
1436329
2116237
1422334
884418
3694268
4419720
4534858
2531260
3464117
2703055
209664
1370043
2202371
391578
4028682
3797166
2560355
1110827
3802734
1580093
3233265
2554676
2782024
3802259
2945512
3479103
3086275
3899964
254230
1302583
238427
3684246
2097124
2444276
1344602
1991882
3160882
4013881
801303
1754868
1517511
1321437
2104765
2489378
1946834
683970
1400449
690461
288066
1142190
4186572
1754266
2192825
2351094
1941208
2399207
2631078
4295147
3707948
4287016
3917025
276224
1785659
1183663
3135149
1741661
1208452
2453042
4214347
2562794
892266
2550944
2583505
1468647
4530268
2236260
3691317
1903676
3625849
4076645
3742304
3901578
2870806
1438231
2410948
3023917
3846505
2309545
3279860
138369
1301562
3505535
2894054
3764430
4501764
4597835
2902129
905215
3040755
2226763
4726119
4350948
1182214
3118383
4236525
1294709
2169346
4283978
2195938
3707958
2497064
1277087
2719943
3272740
3819286
3006997
2749921
4131123
1399651
3262508
3543942
2351589
2705258
1111515
3822820
3647431
4279620
1770626
1118297
3435257
735833
917062
1288341
3802844
2159143
2099491
2088045
2775397
2742338
2963216
1219310
3684244
3197813
2759787
2388297
2179420
3880732
3159026
2995944
3879086
3547780
984660
3290808
3844552
4225296
3913723
1926750
2840740
3722427
3170089
4186855
367759
3229225
1124268
1438232
4314996
3854204
2904324
3528700
2040035
3593095
275883
3938933
2330438
2296022
2414472
2961859
2430086
2206829
1644670
58970
3313127
3493411
3903219
3807065
3697682
3784910
2577747
4610839
3627294
1643106
1194981
1875674
3513437
1162919
3030766
1569904
3656047
3602497
1859247
4284475
39757
1909963
232179
3205089
479812
3827948
3637960
2061194
781351
3345795
3246922
2932798
2804276
3830509
2352180
3276769
2829777
1011471
3664899
3415914
1110532
3823798
1882183
3623518
3704458
3426244
3067638
1173862
3710098
2929780
1358921
3329199
2465619
3754435
4028888
4225083
3470688
1845592
1715163
1409923
1118614
4142035
3545864
4466096
1679789
3557553
3238236
3890347
1877419
3289389
3299160
2126673
3863485
3188920
1175599
1986326
817929
4074461
1636879
736215
1872564
2188807
3026248
2457696
2145629
2628955
3480138
3728856
2136959
1085207
726998
2741399
4412459
3145691
2048026
3255699
3871738
2576943
3046695
2908071
970048
3535523
2134458
3592622
861971
880321
3703862
1892253
4600794
3170162
1827864
3438148
4108340
3111554
986042
959426
3632723
1595874
2779001
1734749
3642233
1849311
891757
4566976
210999
2200807
1647659
3802314
4278469
796311
1631588
3213722
3066546
465543
3889346
2473757
986837
3470687
2813660
3164032
2459903
4238983
1925935
890911
2460779
3369714
2362951
3767017
2603619
3689081
3450779
3397860
4243834
4131039
2798273
3242265
862088
2452860
3048435
1468736
3279110
3022072
2973097
2987383
3773624
3591213
3692446
2281045
1760666
1950559
2048477
1180676
2670208
4090447
3352759
1591935
3322666
3014105
3082601
3826380
3802317
48150
2781571
3921649
1941064
1510744
2549543
3825430
2622747
1325741
1899100
3644156
3542856
769590
2488915
1799431
2741954
1551874
1126915
3972552
2586420
1100071
2602336
1109595
3534671
3411122
2839773
2758027
785999
3145415
1214421
1490015
2552930
3505987
2237579
768454
2880878
1245003
3004925
3168012
1544408
1503624
1665638
4149603
3167897
2273031
4284415
3081319
2985051
3273140
2570403
4022867
2633231
2116146
3602784
1045650
3057801
2731312
2327132
3802496
1839222
1942387
1415290
3810190
2210863
2903363
4379607
3238173
663725
1204537
2399767
2660053
2498427
3640197
3455282
4416883
1309290
1124313
1906615
3329253
1365213
1954858
2084319
3517482
3078717
3875861
2434433
1646193
3064687
934222
2250889
2809073
2990619
3688729
2641556
4798513
3583163
1993025
2410264
4636006
4541862
3307390
1634214
3980742
3275914
4056033
857603
4881614
3274710
2300083
2164733
3812908
3175993
2108648
1955785
3977190
3781843
1891376
4285238
3630150
2626203
1724319
4555458
4252607
4494048
3034396
4278109
1124488
2796126
1794985
2864137
4534810
1046841
4412268
3871780
1642162
2015472
4317681
4284814
3877101
3195642
1125642
1843236
2769784
983609
3034770
4018769
3497649
3802525
1787848
1491800
649034
4684351
2709152
1776723
4160827
1453683
3760479
2634649
4090664
3023401
4197240
3759041
1496794
4006785
4484226
2623831
1131896
4003641
2200806
3654792
2101630
2642164
3396352
2253347
2225697
4596742
2660294
758182
2737173
1701539
2867353
2378577
4215985
2677188
2805421
3758798
1160278
2610994
2987243
4487893
3486969
2534559
1701775
2615898
4402935
1408449
4831441
4768112
2274013
3337289
2599504
2205651
3967023
1926958
2786058
1715165
2321562
3793495
3816334
1456499
2963036
2870046
827317
4228703
1596752
3349095
3322635
3056342
1592916
2971241
2269684
4258870
2037761
2042612
2202862
4518058
3756314
2342572
4306975
3709823
1630164
2201307
3655780
1594712
2328680
1360822
1257855
4477213
1385964
3085953
2202603
2015527
4371079
3023414
1300906
3304843
1186901
4293331
3034593
2035753
4629735
2169525
2630685
1961046
3745820
2172199
2011188
3802028
1179678
2760786
816453
233692
4228692
2319171
2968671
4363531
1995061
2022378
2590221
2941772
3757491
4049302
3024153
2897463
1979409
1306992
1451703
2445954
2633754
3384447
2127199
1641008
3820910
4663523
1694855
4872765
3620693
2819481
3530608
2521259
1460627
2709014
3784222
1103732
3499015
4406631
4352925
3793488
653489
4248817
2887070
4415585
4113363
2974264
2545604
1108593
1076862
3930926
965794
3446204
3565718
3020221
3977191
1231229
3564083
2384875
2022061
4134503
3892142
3074108
4028364
3230981
4822475
2774742
3797136
3361023
3301849
2223077
3667132
2753891
3984404
2493463
2846620
2914646
2055119
572727
1208919
2044338
4303564
2668755
4663291
3488458
1605598
1559974
4322571
1366917
2622659
4136188
3283445
2952114
3003399
3577374
3897459
2708985
2735748
3069381
2328679
2142341
4216038
3684243
2300175
1359916
2477261
2180883
1100231
4059970
2844779
2629589
1844019
3285233
2161305
3191492
3578634
3508127
4050034
4295723
3833439
1966391
2564395
3862594
4143815
1820817
4176679
3901232
3980676
3433655
2967232
3759944
3912664
3097037
2737141
3688567
3333745
2436912
4608407
3515987
3579873
2989057
1701996
2682641
3700995
3784428
4129169
4242563
4095499
3890723
4027058
2238956
2750832
3170566
4156714
3294694
4397592
4480795
3976192
3669775
511046
2615210
4161237
1306932
3034391
3711676
3552227
4020054
3591908
4003657
4180832
1126228
3579652
3093269
4313984
3229008
4322403
1141858
924414
3656603
2331037
4029403
3784873
4599668
2962115
1185036
4872796
1768802
3657032
2103267
4154963
4186244
3130522
2249387
3099626
1252711
1779838
3438591
4367757
2325387
318340
1804685
3869560
3313094
1715166
847592
2004892
2337080
2796473
2055396
1231400
1535813
1915340
4090448
3474387
3967773
2622988
404663
3582938
352757
3730520
1226973
4131187
3829478
3614514
3093275
4316941
3765522
4059149
3158833
4284088
3946691
4182613
3990592
3241848
4276792
2241691
3950672
1479927
2844456
1911588
1646483
3148234
4243836
2951013
1256330
3577926
3656072
3704761
2075545
3040791
4672863
4225030
2050696
4029683
4294727
3477680
4272569
4059151
2117909
3207042
3020256
2748039
2586018
1884654
3145755
1399834
4020050
3653442
2547527
3513159
4323073
4716427
4044653
4519913
4625827
3402307
4697980
2084545
4047519
1110199
3530570
2383590
4146222
2802736
4243842
929999
2303916
4017905
4543348
4155175
3578631
3843161
2332462
1075888
3243075
3444967
4309889
2468520
3010986
4321955
1155547
2710014
1243461
1347794
3152325
4059156
4001494
4059162
3945419
3996216
2255524
4517806
2504422
511051
2125366
2200805
113897
295
4243835
3533612
4243833
3217677
4243844
4717049
2853913
4594762
3553569
2532014
1629635
1596946
4418212
1675834
2265694
Total scores: 6038
Average score: 359457.17
SSH: 505, SH: 856, SS: 9, S: 115, A: 3674, B: 710, C: 154, D: 15
