1554502
1808605
1911308
806325
142954
1537817
1246395
3385971
1580814
1981688
969681
804164
1892257
1081936
2467910
3018109
1046536
1120682
1097543
1754777
1746492
1925194
2824933
2596314
795627
1969946
1046339
1742483
2496720
1083470
1700344
338682
668662
785097
1127798
1241370
1989203
1400414
1734135
1172819
1141084
1997307
2149816
1082245
2455505
1101611
2058788
1749322
2540771
1157868
1860169
1267222
1841048
275250
1973410
2184680
1700275
2197401
1600415
923245
1575386
1804553
849199
924337
1091973
894189
1934624
1943817
1583228
1625858
949011
845378
1414519
1462180
1474956
1031991
875761
1990718
2018512
1218337
1968836
1502678
1637380
1977528
1812392
774965
3260996
680394
2216530
827488
953586
1181761
3121079
2623340
898597
129891
1528842
1714882
2240526
1809691
1020502
1271985
1633675
667021
765873
1843593
2245962
1029307
890467
555797
53554
963404
2368880
1725624
1601020
848345
2079130
1251181
949029
711209
952515
642687
839627
1032054
2078961
1668496
112922
2025393
1537566
1054525
1639177
881313
1282960
2462439
661243
974854
1649064
1296232
1969005
1304831
2022204
2974083
696225
2502643
2179560
1097476
869222
1494828
745360
688886
1619555
2744798
2178087
1402392
1176410
2792119
1003944
1528015
2823660
467689
2128030
2258242
1921785
1811527
2628833
1911572
1695379
771858
1985735
83975
1919312
2834369
638019
877625
1783812
1298530
471598
2448542
936406
1529189
1414762
2149823
962959
2017366
766560
1580160
1848803
936035
2771743
814293
69129
1236582
1156536
722844
1992818
1573320
1495848
1053520
796161
1617731
2028695
1007522
807074
1032915
1710712
1252078
898577
1752315
815071
1351956
2699196
2496646
2601893
1392757
2131806
1911574
2728092
1474946
3131107
3088775
2373716
651744
592113
3424120
2066867
1941890
1514412
3631644
1320835
812590
1199955
1547617
2486881
821525
1734403
3548649
858746
2648218
2953047
2616414
1570142
902721
3281757
2421848
2972512
947166
433005
1131424
2760473
879786
2069841
1714114
851255
2978571
794670
1082260
179070
761379
280034
1190510
1010596
3452881
2428358
3310074
2911355
2106818
816600
384926
1299548
1737899
3255948
1371599
657917
3244619
1623025
958098
790048
771496
727204
955737
1113332
837605
2655355
3613084
1941712
658561
1114754
1935748
785099
3034573
3595027
2413242
703794
1844417
2189895
1737885
1514898
2069999
2659368
3386462
2455119
2126752
2689510
660357
2342557
2973388
1398028
2914811
1596845
2116494
1353480
2993974
3671976
725198
2354761
808848
2593923
1577478
884664
2831036
2639521
1568261
2245774
1949106
3632720
3436190
2641652
2176783
499343
2509953
2044364
144026
1915794
2115829
19753
667857
2816023
1861434
1193512
1667534
3111877
3571675
1714634
598867
1630100
1729489
2128220
1882794
2835408
985004
1898913
2201688
2697174
978382
3462039
1432041
162405
843155
896474
863999
2118540
2165639
1162425
199593
1007169
1575101
646530
2962588
1572058
777303
1997892
1509693
351752
2646080
2025205
135783
974662
1682749
164183
1047758
2120917
848582
1764213
2503401
1756397
1169038
495776
1011658
3397388
2377917
2652057
907479
861180
638821
1860991
975036
3510639
431147
2373899
516322
2368758
1466557
2624022
1074246
2098486
853919
1682424
2477065
1836354
66609
1360931
2609903
1983456
2476857
2533281
2249059
1582674
1187122
676193
2317225
1512820
1716795
3203760
2452465
3280820
638493
1718152
1782778
2634217
2548684
1872396
1642274
2060305
262189
2450295
2506721
3523496
769590
3231140
2316176
2471173
360736
2039845
3427307
1670139
2298847
929699
973744
889729
1806803
971405
1102144
2721306
1073789
3184241
2672027
2292543
2493815
1766273
569735
2036340
2281901
1178526
1544643
1447252
1824271
1385398
766938
2099567
1041710
2077121
1206528
617429
1647044
2710969
1142960
1701940
2829681
2645524
1219094
1558876
1039511
1174467
3645144
2297302
412288
971528
2661683
900631
3214586
968065
966576
869704
1805022
1675844
718156
2113247
391228
2508711
2181064
962381
2594993
2864233
380646
973278
2731466
688907
2469170
1675837
790355
836339
1563445
2527908
297115
66246
974352
52862
2452076
1938324
3477913
2790135
386760
3275891
2586235
1026729
1620271
3065170
1327000
1608832
1077370
695620
1477476
1695382
946082
2467941
2709018
1218196
224514
1625870
1942387
1354196
3533093
2118443
813588
983680
1205981
111439
2760593
1686476
3046431
2884952
2082447
1778268
1129535
1556336
1599266
2916185
869197
3190056
821070
931856
2466406
1282215
3079151
1948378
1262434
719517
1256809
908042
2461075
2270502
2035779
901854
2982835
93842
3509214
585311
3069714
2073439
1474795
827803
715013
2547328
326864
3353695
1757984
2471454
2274992
419551
2006543
1990449
434870
1725588
2456481
2571348
2583475
690778
457061
1889232
1211507
711923
3468687
2516616
2692599
2124108
2278930
1898986
263070
1885374
894409
1084742
1714637
2701483
676636
1971822
2664884
734339
2950420
705111
907200
257793
3019026
3128518
1875421
3178933
3119805
3208568
985141
2546017
192508
1693862
2533642
948540
255700
2520049
876708
1719416
1121435
646713
239037
780914
1857434
2430973
2527026
2654775
2186281
2875725
196977
3216641
195477
3649428
2234883
433168
1115984
3535138
1632339
817929
2445438
3414730
1644535
278451
751984
2579405
2084862
1678956
135880
1025348
3473589
1016701
1762981
691893
994893
1353352
223397
1786106
2155550
1255495
1524183
2518730
1546425
2589997
2837137
495633
1974604
1717986
2285354
2633220
1029562
1822016
2959449
2328043
1258642
679226
2719334
288660
703584
2266659
1819898
943248
2660646
2233205
1956157
3007185
1571309
1695991
759316
747855
2374267
772476
953361
1609753
550235
1705647
995922
2992855
3451114
974378
1544460
1566024
3112823
777055
2719837
1734696
1632562
3148592
2590119
1413717
3648583
844718
1910547
2773398
641387
2560355
543221
3088767
3682718
3568573
1059776
1659421
1778101
163897
3316536
623793
1233051
3181298
1716825
2581647
3217026
896843
3331463
2829376
1114132
1083054
1069949
1219934
3136801
320098
473210
958661
1626300
2537808
138008
1919018
883912
2777125
2026805
1954900
2674634
2510638
1460113
908800
2444910
875945
2662949
2604568
888010
2657558
2069605
2339004
2513715
1741062
2585154
681304
386728
1391282
877312
358273
799916
877564
911540
1900556
1110483
1106276
2834295
2365786
1618753
2815315
1116124
770744
3153514
1306493
3618668
1787965
958093
3160882
1918734
2874408
1898518
3668045
2632230
1695482
2200001
2210812
2697301
2017880
1783310
1321495
256840
1141858
355136
969420
710881
2121051
889529
547598
3457777
3644656
1842043
1838940
2783766
1140087
745224
118380
677751
1443510
2596292
860472
537235
2048477
2198578
3716484
890826
1911333
3053742
1397951
703997
2171935
3250914
2747080
3648544
805798
2367231
2655079
848994
397299
3583379
2008712
2238226
3452905
2378549
820737
821548
2635967
1828249
230127
678031
675734
2168768
682956
828806
1963713
2596847
2615049
3001356
3622209
2223322
2391463
2686032
2968871
893739
2824039
3626786
2496130
41951
1643270
725166
926143
1679799
660698
1694013
1328177
1669719
734910
1826476
2593619
1655981
1723257
2749108
2017638
435350
1827323
2588365
1281015
1036735
2008402
1918015
1252022
1603596
3423332
3277371
1117251
2692721
2829777
1672204
1722406
3644967
175693
876685
2660097
1609620
2399033
3211635
2825695
764292
2790439
656916
1778560
902288
2584895
336295
957971
546944
803199
1121983
793846
583343
2532174
795988
3442223
645342
2731559
1363001
1465268
2258310
2998904
594965
2546969
2489835
902048
2863215
1795805
657947
1123155
2036903
2135515
3117259
41765
2836353
416491
902259
2662619
1183255
2722655
806019
1968674
883094
1401254
3360013
1801586
1459311
699391
1162628
1515526
335786
2813781
1221756
978325
2427952
1704984
2749261
1321542
3363297
3260205
2026764
1655167
2152484
931597
986939
2984502
443270
2486025
3681594
2140939
3676385
733432
3047001
3030161
2415712
940751
2680253
2272898
2394621
665721
974939
722224
1124857
2279885
2522651
1185311
834589
789765
260489
2225530
3053145
552068
1744110
2965359
2098783
2456930
978326
1816958
3656104
1855176
893209
594307
1910434
2766688
1791372
3589860
147377
1971100
1971660
2453671
718642
2574593
1603635
2700151
1519346
1822108
2661937
1707318
1264367
1955042
2105741
2133119
1789641
2196278
1520231
962880
460360
1682373
887556
2598804
970331
3565576
712015
1939883
1187506
2852748
2799073
1067358
1457104
3633947
701618
221950
2230771
2308904
1229493
3719177
870839
2473220
799166
834639
126446
2478919
979155
1283136
1939636
3081344
2169502
2479386
2295218
2930810
2510378
1093078
1245345
1046847
2943877
1737486
3558555
425779
2481638
2330357
709749
3533337
2365752
2445272
2882439
2197165
2164332
3605061
373781
848143
3536476
1027692
2722840
2791200
942522
1102712
1756927
3109226
451400
378781
559673
837877
492862
977770
2473856
3484856
2776196
2488198
930249
740692
723891
996109
2191767
1419149
874939
1860767
2690858
1322464
1676603
134856
759164
766969
1075039
44746
2459413
2992943
2921856
1166435
2632326
1217417
1289534
2958190
3372621
2369095
3389761
375467
1816113
2023927
1155619
1363620
382930
3415931
2735996
1701892
1454897
2671403
84398
2693308
2074136
211889
3408258
1579823
541673
1828903
2886273
2552935
1011471
2890370
665787
486613
1009022
2769029
1502044
3340227
1093609
3025039
1392442
2688677
3453813
941270
3148259
720314
3468586
3287710
2847847
1406448
665149
1619721
2275674
2594030
2579626
1612454
2725039
2643868
3555175
2662780
2606405
2933707
1065884
1483372
3589616
1682101
3565083
1590230
1639219
1278221
2220763
553854
2864629
2047406
1056138
1321823
3191483
3232558
2646355
3064047
1572457
2421769
3591999
3134084
3130993
2647187
2916562
154853
791029
769831
1636127
741467
2730921
970204
1737169
454158
527704
822384
1519160
1000684
1060951
2883760
1036841
1791152
442905
3007908
2389303
3311312
1183266
3272896
2633335
96391
2501851
3130082
2241715
2191964
1408519
1107761
1730889
2039544
922172
1979462
2342037
1220425
1329273
2298047
3526508
1115622
3524668
836907
1083643
1398206
903667
3416138
1762267
1836851
3010391
1610070
2839813
817174
2318887
335041
3301879
2616989
119489
3393978
836500
2889019
1071242
1717456
2254987
1218888
3150354
2730082
971834
1368107
2246465
464294
2978905
786636
3358506
862338
1776181
1324772
2359829
2108789
3005309
2812094
2608770
2619243
221777
2915644
1100327
2280371
161611
882182
3487236
1107102
376703
1476582
2579124
1965307
466789
2661270
804960
1313029
756508
985875
148716
2507141
855762
2403410
1645698
1946518
361263
2856775
1154744
2306234
2719427
1279490
2152441
2690060
1263789
1177137
2296178
2764432
2306689
1527884
1067194
1184224
316018
3062351
1168807
788979
1164084
549659
1486534
2957175
3259994
3262568
2762787
1728720
1692260
3557076
1642169
654108
3119298
1527747
1985100
2965574
1569368
1861094
2085476
1059894
2526538
3026473
1596706
2702693
2810443
2014389
2559209
304446
581141
1848985
622407
860022
1260092
2931366
2621468
3400042
1315116
549766
3496317
1594070
2222070
806017
117580
3069221
3436822
2586018
1727798
922661
3444830
3690248
3590222
2811014
486740
1451342
711758
2811662
3352435
902088
2462333
1971099
2509215
602547
1678753
988397
1286225
2556143
1826868
2084319
2553146
526757
2790397
1024480
3095034
1054400
3215934
1690244
3554363
2027309
2324562
2971892
2811443
2651830
1822957
3595096
2342579
2674582
36547
495899
1613198
2517071
2967480
2451203
2637815
1736323
1407931
1167848
129847
2042992
2183269
1640219
2115970
2510298
1166087
3545215
1669721
3539681
2689525
1788240
2042994
858641
625507
656385
2618287
146105
1156586
2924352
1700568
696783
1447689
632877
1090928
2140702
2554945
1238045
1415168
2446555
1072897
1778020
2270137
3338221
3267739
3359653
3513644
1374121
1621041
1400367
1778180
3648925
3315351
3203932
703657
2483452
2923623
715014
1271953
1944926
2680677
2444527
2595340
3445237
1019006
2682795
341217
1588391
2452403
1354319
3491545
778244
1231520
1786111
2719437
106033
1006617
2361119
1268406
1145026
2606088
694520
981872
231257
187639
1945754
2581265
345189
2687919
2627977
1229675
2218123
2948994
1211828
2552046
3279178
2134906
2670759
883126
2011121
1262049
2988681
1895798
749274
720590
1957224
62269
400564
2546607
2399963
2450128
3109881
3616119
3000630
1672674
3150351
2613131
892853
2882253
1790755
975025
2361635
2002663
2139974
898106
3528869
3763493
2054534
3164475
939072
956825
3085611
1657952
2881890
735272
187791
1614477
2847753
1927412
1452481
3189187
2496827
3482929
536476
1575968
2589321
2204924
1898745
798711
2833257
437671
3661706
3385003
2360394
2132775
2158783
1313431
1476701
988197
981204
1640330
1562308
2444148
3282546
2328492
1741498
3127075
790415
3026900
476544
2753990
1806531
3355394
1259798
3432234
2020385
2879537
1871842
3431510
3400000
2115037
1985237
2006097
2801804
795232
991014
3103911
2939407
628753
2486948
2603526
658120
1221602
2962071
1991177
1017991
2095008
1877363
1599658
1219310
1773235
2096053
1397316
1052871
777821
290581
1011398
2963036
140937
179758
792545
126645
2456239
1856461
256027
1476606
263368
2719893
3481361
733678
778929
2940723
1076701
1879176
2315558
2538786
840338
803418
762507
2228184
2555552
2318971
794624
2570165
731787
2389865
3571270
3254177
3121000
3580348
2285712
438187
823710
2556965
514824
3680704
3632257
1505170
1843097
1644943
1126445
2478754
905800
2433024
2895932
3125547
3025344
1307320
1657639
481450
2889139
3040107
3582585
3077593
2299955
3167801
327526
1368109
206567
803828
2573909
3451313
1738018
2605507
3144450
3329838
3399306
3240001
742975
1556943
279481
1201636
2200171
2299553
1498774
1155515
2407324
1489404
741572
1919045
2324863
721158
1033514
1639118
1962374
343060
3572366
3114646
2719875
1568262
2360264
436723
3381810
1737702
2184545
1966785
1720982
2280910
48985
151229
937709
1771721
1557181
312770
3045747
2481605
274276
890190
1294882
2570115
2872872
2950367
1498067
1916244
713594
93048
2838736
340652
3468930
2879026
2922555
1330828
274252
523527
2495430
559809
2844217
2793840
760743
2719326
194798
591445
1508977
2246145
152185
2794869
2322591
3550923
3087276
1721284
1582541
2455484
2015472
2997378
2361716
926644
2523994
1659549
1652253
2238398
2561733
775365
894011
2393405
3035471
1826084
684163
3444925
3399091
3142477
3575106
3361679
1776628
2541332
163973
3580944
2442439
211697
2464761
2323381
3461188
2781233
2192351
2635238
1268865
1671022
492285
2342273
877899
2947984
2623756
2488047
2885069
2557258
1843595
1688157
753423
3148850
2528204
2884262
905424
3008156
1733345
2449903
932034
1377957
1260538
731966
3041405
861164
3415531
3449920
3259779
1026046
2122301
714591
2637817
556716
385544
1456306
3290536
1746869
124664
2692423
1836593
1213586
1520859
735004
793845
2987479
1082614
2659911
2867112
812028
2700108
2556914
3030980
281918
3601629
1758255
1067681
740044
2412983
320127
1586945
1952051
454385
1041727
2769844
2327619
1558874
3536514
794779
3152118
645436
134563
238766
792057
162363
2650207
3588981
641441
2632448
1178758
468997
2735090
519401
553293
2715559
1187393
3010178
1046775
3284712
406247
785960
729829
412306
945279
3207058
1698155
2997757
589581
3120956
3340985
980313
2570594
1270538
1838383
1052795
2300606
847592
3468769
2804875
1307018
1840044
891293
894744
1893461
3523349
2868166
2083104
1387259
2199185
2465901
3623164
1676795
2463210
2587490
986803
619051
3222697
2295253
733943
1718994
1049246
2803104
2259739
2902005
3116701
1924025
1636104
3387202
2211018
733638
725622
529080
2541785
2706720
1165153
2505545
2736127
1602267
2733779
979208
2019880
3387968
1158221
3131969
1608897
1030261
894090
2270810
678106
1575381
1579673
1246253
3018924
1846898
2852116
744222
1935726
1313278
1517511
2474302
917176
3506560
374574
3364972
3021082
3704132
2525841
2280822
50148
2847746
3381471
3340629
2705665
904687
1907051
798853
1227137
72585
2985674
2404833
634479
1246968
1947706
1854205
1001682
1122874
3384040
2648929
1672165
2360532
2761831
2924443
2596586
1385629
2505956
1073964
2538500
677903
2005307
238128
2659377
1181174
229180
2468866
2348349
2267957
1868446
1837308
2324154
2787809
3666797
3707345
2729161
2643422
2479035
1384249
2156323
2352706
3530438
441320
168031
959406
3640199
2348775
2615748
3040670
2235779
1361650
2221292
663992
2836842
2299178
2067473
2593377
679779
841426
1827558
2441541
2841742
1619561
2676109
3696815
1888862
1965586
3634667
1857003
2989004
2372545
787430
1155547
760779
1690353
1746993
1555562
2637848
2610290
1619453
2714569
1052682
3561450
3665950
1571242
3356838
2517107
1875396
557987
3239170
3496916
2592438
117641
768555
1782836
944709
2057577
2772934
1878162
2531904
1841481
1687908
2837528
3516091
2530755
2443058
2780564
2283850
1763938
1745849
766080
1219126
1629195
2545340
1746520
2685401
1053232
1685444
2911635
131362
2061485
2926264
2192665
754143
2339364
1476604
1786452
1972186
2012740
2454429
2237465
2587024
3562994
927939
1830206
3074959
319694
2765641
1693956
1348158
2288017
2572093
1200112
524417
762631
1733018
1148052
2475433
2681849
2697112
2061024
113121
2278105
3712956
1962945
379411
2679351
1778453
790238
2466513
3081597
2655883
2463985
2084629
3151440
3228439
367175
1930793
2420321
1733305
1975292
1986367
3116350
2940824
955346
2165641
1594266
2463459
2048440
3364580
1283956
1526226
3172606
2419834
1288675
835941
2787182
3185817
3439211
2852070
487384
1110320
2985153
1918025
3431110
3378490
2564215
1039881
2234808
1155085
2659349
1469240
2465106
1964722
815846
2188031
1715176
2967165
944717
755900
439956
1345733
2361285
3129933
3621661
3374705
747082
1956123
1289927
2892985
2861458
2491234
612871
2176407
784164
63804
2800904
2694798
1520445
1493532
1945199
2545789
3300573
1952177
2116308
633375
2684682
3882484
1010809
1018938
1987536
3036162
3055117
632523
821691
1112356
2951375
3751675
3409202
1701404
2683470
2587630
911001
3663941
2686289
2676990
2514916
2514176
670881
1863246
1890216
3129678
2511242
2732166
519080
155235
1065821
2035617
2389261
1097612
897279
751136
3576473
3077757
122693
3739520
2920974
1640253
1130590
1286241
3391525
882397
2531164
2537859
1955867
48874
2639545
71002
2988964
2681334
1181126
291285
2964221
3237663
2447121
2618377
2651581
507098
3282509
1968436
2700999
3210249
2608130
2011555
1619884
3539959
2800368
3039376
1057522
1188549
1946507
2475402
2742986
2557665
3597185
860488
1238425
1220839
3568234
502418
3479941
3009051
2589488
3138574
279032
3103666
3289187
380625
114635
731975
3683292
2446892
1569153
136556
936026
1932892
2587041
2431763
1110281
547566
2205164
1162224
722878
2433567
1044827
1644177
978628
3159553
1183208
2769000
1475812
3658332
2398024
1775346
995533
2538074
1442221
716020
2875429
3741043
1827616
2718544
199044
1506561
3461983
2633856
2108566
531555
992171
1697722
3261179
3719433
2596164
721995
2508020
3392795
3257029
2534391
2402670
185443
3449926
3693984
2895487
940239
2581610
2619190
2934771
1319335
1230741
2143181
1761256
2154208
1640342
2871342
538573
2868674
3557698
3643875
1461701
2586572
3460338
1124153
2312864
773238
1577751
2460045
867391
1957780
2340924
85761
3385806
2239387
2470867
2220440
3588631
68825
2127254
2090723
2507465
928937
3403371
2643124
607787
815219
1891549
675854
3121101
3427312
2736957
1489207
2828520
2012802
1325315
2928250
38115
585605
1706571
635679
1167438
3156724
3350321
2196978
221026
1019311
2449773
2670869
2081001
1179268
3320026
2792179
1186951
819082
290188
3261481
1870556
96351
2682675
2559641
2766094
2556804
1219148
1149471
57682
3324021
3057318
2510388
2567431
1655730
2461732
2707922
1679686
1485947
1252544
1257298
1627148
880761
3329210
2419262
2697374
878721
2555605
2565156
1205138
2586211
2603705
3648542
522818
3064464
2428752
2710582
1950095
1526245
1453452
724015
1889804
672594
2067296
2593335
3160386
3346524
915675
2685040
3852994
1572870
998644
3164902
3357857
2666376
135370
178645
1256930
3625983
2260859
1052460
2266572
229493
705760
1778086
824970
3327825
2931339
2506213
2054906
2689460
2517705
902888
544993
2922759
2598992
3266014
3375519
2674872
1126317
3546088
649034
460513
2686709
95954
2574281
25580
949650
435273
1279815
121767
1890237
2593243
2336765
2477069
50845
1740092
2183659
306018
2600081
1183233
2202224
2808923
951600
1325333
1372142
2402851
3691977
60238
2443285
2492009
3087082
2659724
2651794
574050
3528323
2153914
888465
3460105
2533237
3430156
1716402
363061
1351114
2736744
3434238
3083774
2674928
3188581
3485484
3311891
2828123
2461085
2586574
3362351
1278874
1663107
988619
2548344
3267820
199304
2253413
3474234
2210045
1962676
295985
1093245
2947395
3193000
1683700
44602
1411985
779523
3472056
1786749
995837
1503731
161787
2958967
2492890
828242
1501410
2530762
2609957
2399477
1008079
890974
1617945
2357524
945304
1226973
2492023
245284
1012160
2247622
3667867
2590322
2405683
3541966
2386178
776522
3240833
1578798
2218609
3020777
459845
2537148
946711
1505569
1971884
2886461
2822322
2956319
1214269
2593620
2440133
3195143
1895699
701018
1462836
2631277
2404339
2923009
3512240
778603
2880786
2830966
3103363
1862062
2268063
1668035
2689176
2442158
3471686
816453
1474455
1848919
1701160
1121245
1142669
1952168
2338753
728770
690982
1665551
784411
2394573
3307758
2210918
1642251
2152733
2193364
2921884
50496
3036936
1179870
2564546
1861487
1355964
3641927
169639
727636
1760038
2579876
937647
2656835
2329514
1459108
2742359
1481140
993529
2966256
2914506
1864175
2884186
171767
2515762
1757052
1966084
315867
374114
1177094
3259473
1015314
2455742
2555506
1746840
78761
118068
2160189
2404778
3561488
3606351
2159153
1029189
3742859
3359283
2229834
2304350
3070951
256499
980431
3053109
1751873
1414400
2994534
128668
96684
1906932
1643641
2164997
3399989
255694
2199786
2622415
2983168
837604
1351585
2089486
2823539
1178810
763122
2603745
2769850
2785053
2563055
2604718
1715956
2674642
1269564
3210497
3060775
1102147
1156927
2009509
2556049
3442773
91462
3077002
3539535
3641293
669496
2464708
3431145
1775325
1947164
860311
2044366
3437479
2715187
1988753
2486826
1121504
2326801
1814264
2109961
996708
2335553
1949536
205282
3340677
54697
1687347
108021
3637200
229676
3387840
2013792
3041616
2357589
2336864
1406645
2650781
983102
136540
3129037
2523985
581623
1100091
1907880
2580222
1461877
2705921
2346184
1024742
2906125
2766527
1018238
1699366
776749
1299134
2564638
3313177
2654458
1175602
3441256
1814494
2270770
2219800
181589
2354602
2679146
3320203
3265614
563946
684760
2895675
2663986
2010006
2482032
3487327
2509495
1581349
2915788
2315959
41044
3098079
1019417
2885457
1863800
2454836
3438234
1718542
822651
765018
903049
2422768
1559582
3350946
2702487
1776801
2679998
440787
2915636
587547
999827
2157090
2357752
3276769
1000168
19558
3615077
248501
339184
2933760
3579036
2267364
1371397
1518701
2476161
1723594
281036
3534705
2958066
1520550
3099626
1784189
2238881
3722146
2655226
3118849
2624365
1899894
3049801
2430106
2646064
2389485
827528
1874119
3198118
3601681
822765
2077771
3636000
1111225
2844869
2620105
2732802
2456014
2861729
2311949
3686511
2976489
3551313
1206875
3627857
1813910
3461204
1793684
1570760
2492765
1654305
870855
70760
557821
430371
1066890
2180328
2673453
76419
1354260
665200
2356514
2333273
935402
65233
1253252
3331424
1144515
3387380
776951
3638182
1982341
2403946
785394
1083202
2616981
3081684
1749294
2985706
2646349
73561
1560533
3433708
1029677
3393879
609843
3027709
2409643
2098940
1932689
2260266
3032224
150837
2995730
2582733
1636565
3074575
2658705
3616546
772286
1821195
2584823
951778
104229
2997438
2659376
432155
586381
1360583
1062394
3440953
2427894
2610990
2153460
1163090
2973962
89428
3049369
3693345
167655
986491
2548533
2455779
2458707
2467744
1839915
2735238
2511171
170608
794743
68938
1954858
1577780
1694521
964618
2614668
129407
344715
673632
3149805
1406267
1743616
163836
522348
2792767
2702113
3019637
2472144
2648459
1704553
1975033
1287292
297350
1102054
1227359
3348789
2778561
2862491
2419195
3232640
855536
1439240
366140
3033922
2711056
2831362
163054
3251036
3218312
2872129
1368231
513847
3107506
2564395
1649528
235862
883754
3253101
2463868
2791506
1989886
966548
3133715
3049179
758468
3651245
966034
3102108
744673
1712933
66820
2584022
1391815
2457749
2594991
1650477
3197257
2289992
3532394
3534249
3205692
1725906
257154
3536813
3511198
2573589
2210170
2290564
3343490
436442
2965623
32977
2395518
367559
3207042
3400152
3436442
1009530
1908705
2446379
1350419
2786685
111680
1847043
2463399
2059942
1804970
2911393
944802
3195180
1785185
3036752
2796778
779452
37146
1155984
3432909
2367250
64267
2911065
1263316
2787051
3216084
1877694
2609556
3250375
2165905
1040424
2170157
586763
3404280
2404822
155855
1243784
794348
2532231
93021
2449792
2926285
3446861
2403536
2609731
1275979
1637011
135696
2382427
1843589
2477825
899942
178236
3031797
1832316
2073335
1981685
3433367
2669770
970946
2076387
3676759
841565
3036599
1419975
3332936
82033
2628259
683825
2951751
2535541
1148834
2655718
3334722
2393325
2391951
1886159
323907
3330980
2758329
209276
127363
1414928
2332135
1659553
2227164
403447
1744286
2559126
3121360
1118311
560539
638383
2633790
1716490
1217097
1674629
441920
2534206
2624275
69405
955218
2647589
444565
245780
350921
2536164
1687369
2512199
3370732
112035
2607032
3196410
910147
3554008
2894054
3483307
18170
3538894
2684033
3636677
3102195
1028017
2745035
916958
1092090
3221529
2668591
130500
1961271
1217241
1775315
2487630
3248149
306934
725139
2671796
1031604
40637
2584129
1053330
3333974
3554892
2459210
2583618
2629594
2518267
1483766
2606069
1943424
1612537
3026814
2414690
2628166
2584615
1923718
1688332
1316977
1618986
3568389
101115
2017799
2826252
3082637
3158285
2976779
1644000
1939786
2861267
2535608
2361038
1796418
757823
2404250
3313118
499839
2262537
2362011
1295253
2229349
3334384
2801940
1438557
2458212
2329937
794750
2955953
1685633
1255789
974684
1553352
2837355
988982
1370196
76856
3688760
3227919
2805421
1173612
2730325
3503278
2547475
1488073
2417248
727637
3357306
388541
2432570
1012279
1714083
3546478
783230
3211586
2200923
2854062
2729964
2885884
2409768
1459734
1714350
3299362
49101
3676680
3407969
2745510
3669354
2794531
2437484
2811130
3014744
2697005
3205628
2991142
2257799
1810154
2972901
3401538
2466476
174705
1348658
1227263
1078109
2577456
2509341
2670491
3659484
1589183
2225596
967016
3052320
2361407
2968602
2692023
1696136
2403266
198428
1775286
2346707
2397866
714001
105143
2899217
2469830
2282517
136640
1644729
2485543
96523
3647055
297668
1969253
2589725
832841
2848730
2008757
2449759
3050932
1849580
2296068
1453152
793620
681201
966177
2293246
3650152
2668635
2347052
1103732
2703869
1677967
3388577
2575572
3645796
3103578
2510353
154727
2598921
1939633
2831663
2658939
2966209
2474069
2081961
1700588
2623131
909032
921857
2948988
1633532
2097426
2788042
841630
1206077
2116883
2382335
789815
1497943
2702338
2194284
2834076
131009
1243079
2599174
634351
521687
2754455
2822668
3604083
1593573
758189
2033680
2972382
633519
2462759
3492399
1270000
306255
1927444
720614
2839870
2749473
1440018
1891095
1364063
2822288
2514123
2388562
2630704
2625297
3421504
2598029
2516743
2680280
809470
2981274
399756
2562319
4043514
2574379
1173074
1020008
47152
2880178
2785953
850854
2658997
932141
3416808
3260635
1195081
195165
2829186
3222123
96033
1401281
2442744
3095021
766891
2162059
1585524
177162
3699461
3045583
2700056
1566634
2407152
1008998
2770307
3607872
3459770
2609924
1481624
775806
2116373
2639444
2887188
2965939
2605092
1473301
196839
1843236
2419306
231917
3080402
193311
361687
1803114
950234
2823526
2681790
3664708
3487752
804727
2446833
2545971
2388549
3660027
2670926
1481747
3527392
2680273
2311216
3510509
222278
248474
2678820
503262
3011628
991229
43603
350513
2540648
2760746
2537323
1963403
588599
190584
1004237
1119328
2821140
3482582
3501914
2755722
41784
837694
1566379
1980287
892298
414881
2810965
1768837
1691606
847341
1759171
480599
2771203
2519669
1378892
2600668
2646589
3397992
2965854
352707
3323078
3149837
2294521
2494720
2387356
3127889
3112339
2828404
727447
2202052
3176082
1974367
2791894
647610
3166834
3467406
2784506
3282876
2940540
2963497
2820386
451406
135804
1173113
1770626
953945
1414553
2960101
111379
3154788
970048
3163222
3706039
2827368
2942664
2691691
2990689
3204807
677887
3523462
3105314
1706189
1299287
2460961
1282843
450079
1605598
2320301
1935864
865363
2819736
3002063
3351906
40017
177916
188961
775513
1028733
1395949
2986485
2730666
2473451
119021
1092970
31651
3052968
1018869
1933413
1313387
1206499
2628959
784977
2272647
2359179
1123759
2824260
2395625
3116775
2643244
1280898
772067
774514
3459056
2266550
849466
855113
968220
1769144
3088855
2973389
2904100
2757979
422328
2895528
792303
2640351
2056819
2645668
3157782
2067104
2938138
105531
1220272
2995622
1707404
2019487
63893
2625175
2908440
2026798
150116
2818775
3170162
1891389
1736329
2394596
3666022
183856
1454845
200989
975517
1762724
3182695
1415441
495541
1025276
3262137
1469645
2974590
2935945
1241924
833389
1678000
2699222
2713278
2372825
2403233
2044368
2889075
2649162
2554617
2125723
764014
746738
2894142
2738728
2693226
2114146
3597253
907299
742829
2415770
1260403
286615
2485108
1351972
244182
2470138
3082006
800940
456937
2749938
3145696
2968949
3053634
3142494
2522331
2480215
1023481
3354417
427455
3227818
1738992
3029050
801217
660593
902996
902873
2631156
2022061
1743999
1022432
2431332
3349497
1155253
2420700
1551135
2733839
30261
3153134
3093678
2571302
1037478
2186073
2995994
1091478
2504951
1399834
909494
2750570
1799197
75831
2474287
867157
21010
2659755
295915
3000673
742890
2224111
3615327
2724375
2534513
2868897
2324581
2447898
128935
2860521
918278
275225
41313
2788798
2581938
3705442
1294402
2444513
461620
774758
1242895
3460137
2824852
939618
2676854
3429000
3518682
2407203
3178352
154988
3011029
2687129
3440440
128780
1632734
453042
736215
3275191
102290
2430265
2382822
1562551
3632777
1037583
3237044
2572132
1551942
2707584
706798
1949029
627687
684970
63499
2643203
1623091
328472
2801031
2349497
3011287
3042458
3332745
2860496
2494853
3086275
2532601
2625851
3383612
2476527
2233533
2381082
2925833
402026
247999
3690639
2633084
3052251
88697
3475430
1210405
2751338
2625940
3482738
1991379
2817542
55927
2361939
816221
47047
109163
3435073
1728216
2444666
2651838
1925935
2451401
279757
2287666
2989852
356030
1078552
127138
2341682
1255349
2103466
2831393
3346061
1891907
1843653
1033882
37806
119431
2021335
1295194
2599601
3099992
1429001
3114295
114465
229695
1381991
1267571
1213783
2583151
2229381
3098727
1045244
1736727
2930631
1184962
360925
768986
1024483
2236734
2579270
1858652
1246270
2948486
117182
2540414
2415040
62963
2703601
781124
57382
220330
3490858
1647382
2945039
2857369
1101073
184308
58037
3066431
31162
2655697
1729283
3356720
3599311
3327679
3493597
3044298
244224
2770287
2141004
534946
1317261
1023667
2670640
153857
1911665
3338638
2447271
608923
3457205
1694787
3366726
61180
119803
2640648
62286
383536
1909273
3293083
2223856
1229987
2286338
988726
1949196
2631145
833432
2451748
2450610
2696974
3049358
2085794
2246654
3012921
3102511
3007796
3036790
737100
2398564
1146709
2510517
1021024
2856171
1462348
3424169
2256655
1863224
3449811
473697
293134
1670366
2689665
3068235
2796128
2268424
1546428
2069833
2926505
1864170
1071438
2421999
2559936
2230996
3077018
1458569
109852
67086
873389
1623285
3107392
522773
2899551
2527030
2292714
601405
47487
2694105
3232901
1208919
30613
454449
3711054
2664326
1956122
2392545
2619012
1569213
39825
3493583
3173795
3418189
2010902
43388
2118440
3400123
3026015
190045
795798
2142716
3418506
2274780
2323413
110628
3504120
2990987
2501766
3794382
1739633
927754
240488
587103
2190350
2549514
1215688
1174377
2262286
2577841
3574817
1643781
2279950
31279
37709
3331478
56107
950170
2228329
2411547
3418835
862124
2993045
1918233
2780323
3153029
3017076
2633906
3509218
153484
1070249
1129923
3157348
2620911
207846
2670817
2225299
959233
484269
56910
2918998
3338157
766400
283201
2483949
1266318
2675378
205405
137303
2601109
1475516
3641173
2639105
1804040
680689
1020458
917430
3029339
3015637
1858799
2137635
3178849
2610417
3549855
622287
3645642
2290452
1700408
1978996
3032168
1404869
160709
2587984
3407487
3264995
2779276
2617250
1109463
779958
31334
1587272
2406372
2589557
2328679
3373331
2325387
2175928
2639951
3350941
2688706
215181
2632773
1609384
1009097
936442
2503120
455468
2163092
2302956
2598720
2617331
961757
2709178
3242187
1665829
1636976
2549281
87066
205022
272291
880496
3333763
976190
1939637
2585550
2457802
3371292
208776
1087786
537411
2874833
408128
2264343
2413710
3278517
52197
2716750
1450423
3456453
2583792
2472324
2649270
24438
115352
2474982
2168649
781873
2373738
3638625
1291481
2607136
2650216
1301562
761792
1451733
1099759
904715
725412
1966951
3192292
53493
2552930
2523834
618699
3163264
729460
2732387
2730292
2960147
3339598
2994571
1497813
2217759
155879
1403907
626475
2899195
2152663
1649842
3079877
157771
978026
671747
42244
2449946
2829999
1621867
327230
2902129
74806
786980
3275277
1838662
2176825
2986340
2367515
3209463
2039533
2480796
3606348
3002935
2594543
69637
1264831
3682744
2995631
126859
3117364
2681336
2862420
1277275
2859822
2653596
2499393
1741989
71842
913231
3228488
3700140
124738
1971158
2641806
2694598
2273962
2673768
168254
3364977
165325
2568447
1057972
3500138
1805627
2368500
1186378
1006822
2933506
158495
202756
3245309
3644812
2089279
1009848
2643109
1451004
2995539
2504846
441616
718658
1568319
386393
2410057
2968671
96973
2744052
1271012
98109
3279860
99094
2666136
1983358
1514256
2510779
3339802
1055147
1636304
1603085
3247280
1092280
847296
2485668
899398
2842942
1844019
2615907
1587083
2733012
2481302
2149821
2791789
2905591
2451014
1045757
2797361
2488610
2770278
2334422
2624377
2096523
3224750
2259080
893696
2893781
3253646
2554232
3048410
2473627
363298
39157
2300641
419487
1845585
1294898
2348226
65417
748505
2690565
1121378
1759814
145442
848084
3705535
58361
2843112
3070176
2857513
3347941
2242173
1324387
2140762
2512181
270490
2399543
2580963
88633
1613623
3167029
3511041
178721
3024913
28819
2503993
16266
1082403
2161658
3156601
1294884
784751
271953
3104748
1915096
817200
172662
2417035
737570
3134513
2519704
2777735
3294604
2211074
2247800
825777
1860433
2302346
3398046
2409230
3393515
2357718
1018250
2524959
2324616
324176
224132
3473656
2531431
76306
1506690
254296
1586059
3098550
2276247
2980264
3634672
84801
2717039
1694030
3131384
2760507
2822845
3073370
2686592
2641658
3350672
2025275
2937261
970508
1831261
2633812
1167189
36670
1774821
3323667
2547378
2830487
2656918
2422388
46827
461048
3077971
1255922
1597524
2067983
2641751
48098
2645395
3083355
2860454
128054
628637
2505289
313025
2492038
403180
2267413
339795
125702
2040225
2581097
685380
3096069
2691260
2540400
92071
713932
2619375
58286
96095
2153557
45211
2640890
3267957
1191831
40807
3170814
952010
3452317
267052
82573
878124
1207908
3129345
2753521
1315307
3095207
2190855
2715016
2430730
127313
2397737
2457075
815857
2707569
1724365
1306398
855724
3309939
2886437
1114721
2530840
2606014
2881612
1346941
2638311
43666
3078875
1347486
1456900
2764843
77810
96219
2811763
85128
104635
128718
3798522
2932842
3515008
124993
2640144
474326
2792012
2197486
1182191
33535
2505928
2514777
1649597
1028755
2866145
2220106
145601
38912
823873
2533348
1865251
2378291
3062395
139827
518383
2941529
56830
1540385
2967837
1125109
707985
2283637
2149814
3348996
18682
3024187
2050026
709313
3426796
965369
531613
2278072
593647
2324906
1107104
3577163
529285
3116066
1696240
59778
3447768
2133726
50430
3597653
1319206
3685648
1599269
1087690
1826438
3047440
2324412
2558055
2476151
2047677
3000203
2294879
163789
3760295
3060395
3392208
2546306
570975
1275831
187455
1001573
3055878
2850936
2781252
2176046
2669883
1874165
3353486
555501
2449777
825984
2703288
10820
3074679
2807407
2249464
52178
1591904
2664322
2289268
2224972
136400
3365326
1080849
436825
283509
2400926
83215
22476
1004556
1106604
2664463
141525
747651
2387517
3656529
2426783
2846548
3121310
169089
2513120
1256718
1043348
3019857
1213607
3651636
3335073
1685118
2884476
3046442
123391
2747295
175397
131891
31238
2391096
3513146
395399
2843799
718620
3241746
3363928
2549327
3451986
707187
2501930
1607736
493373
1749822
2414390
58970
955697
2680834
3142389
57588
3644121
2933101
2841095
232661
2538808
646390
1897802
2792784
3257371
1552278
3704110
2952138
2690223
1249109
2986545
97903
2775172
2940656
3138880
1263775
2769648
49206
57384
143989
1922277
1829925
2502119
2696658
1130600
756752
2661537
60858
2658596
646609
486131
514516
2611482
683449
2586410
1650657
2637278
2733104
171024
2022718
2083439
3683493
249904
3474728
3300694
2979584
3185179
2333525
101337
2672240
344619
1571568
3517097
1261914
1148905
1910187
2730824
846105
2223017
1939651
76663
2710807
489533
1010375
1594713
3118763
3173792
2736518
3699355
1640313
2681633
1128219
1583277
2522353
1093703
3395094
2200811
2953703
3039951
97976
2748808
3729469
1755267
374834
60941
37433
2441441
2896286
105371
3375272
720909
2475900
2701764
2558126
2731307
2797990
2550067
3048138
3186427
399269
1551946
1098527
1035898
2137778
1633534
2268036
2686391
2103057
2824352
3414737
3161488
863037
3000774
2966574
3527093
2642464
2274737
38507
1255201
2451713
129109
739845
1154100
2463143
1161457
3141739
2122350
2635564
2665060
672564
2014201
2488199
1829927
2590758
48632
2721072
2514750
2784282
2684766
2220380
3514465
2315633
46921
386140
3301339
64780
1043092
1121944
43423
1816315
891542
2678913
2736002
2389725
77773
56063
3157178
32494
1684607
1761677
2619225
1827432
3108018
366919
3401962
2687876
2830303
972592
2387106
2159665
1876815
4101131
2867851
3362211
2332655
2448956
2290418
3217437
3542599
1774893
3054812
2688311
3114503
4095167
2983686
1056140
3143343
3110398
2400633
765880
2643263
254656
2250533
186721
2610625
2602090
3691443
291402
2696829
389698
1740182
3376932
239265
474190
1209277
3121931
3060386
3422340
2477276
2351162
2760971
1420671
1316758
2004420
2317620
2136227
2936635
2307744
2330438
1750801
2439848
2887788
97397
2077521
1807735
808983
45924
2651490
1344395
10385
2024002
3404946
2712688
544850
3235262
2664447
2733026
800435
2953423
1164179
61898
1894469
3022085
992106
2517295
725908
1200272
34211
3123451
2348196
2843418
222890
3089939
3743421
2282512
2778653
214735
753111
930307
1763013
221509
3582103
2267048
3623954
2991281
3142373
783229
2564751
93323
2742170
3623625
1362335
27637
3320106
1433156
1947687
1571245
1886617
1583071
121836
3436834
797108
2422724
3621771
2691656
1648966
557781
3322016
1106704
1521299
1131984
1773002
1740993
2120145
2439142
779416
2247478
3102460
1011648
3652832
526305
249438
456247
2923717
3570926
2080676
565471
941820
1400252
317917
2671118
843906
2897563
1596682
434536
953697
3283012
2897654
2769435
2523873
650610
103403
285086
363633
3544726
2761277
2138577
2393684
183357
746772
651244
1012331
896430
900866
3340914
116708
1276505
277080
1864241
1580539
1977960
35775
994568
341005
2471019
3499036
2623387
2625234
2455001
2424572
86996
3322739
3182073
2532278
1169701
677938
3551511
2293137
1642644
3140221
2633754
2473047
3077522
964586
1670009
1438917
2578077
2559136
761600
2451494
2533116
796091
2782107
855730
3078623
2058088
752615
2761068
108936
1762629
3641699
3152584
771495
3030240
2423129
2348878
2583506
3333446
3152012
3380580
3239998
3249543
3635870
2708351
2637360
2567564
2672252
88910
3434683
2590893
2858218
460456
2287845
2928429
266925
351189
786166
392927
852138
1160206
588523
53573
3327998
863249
105806
100627
2061081
1456417
3036160
2646637
1251955
128680
3531783
2351271
652226
1268530
2922331
3510655
102270
39609
3098608
2771171
1895321
1579560
1072130
2631931
3268696
188819
55158
2266013
912625
2855357
2836795
3109358
2316222
2867911
2719943
1052133
2576309
1979344
37249
1649546
173959
1586572
3183737
111647
2400170
1958830
849749
2540371
1982162
3399735
3619637
1697643
1908618
2739658
98566
3339937
1071369
48837
2428214
2631638
784369
353384
1710926
738062
1631290
2509244
1271007
2755127
2223096
1346976
3504675
1892764
2770840
67621
2508958
308917
1740159
2868033
1634515
1482745
1290536
2969983
3455880
2408244
2642879
676172
805855
1625011
3324215
90466
1657723
2445848
2699135
1031467
2646059
1127521
3542940
230976
2680865
185784
1688154
337500
2352233
205618
73958
2651853
1597247
2455429
869285
2743497
2486052
2075777
3272465
182007
1438536
152819
2769113
3467247
1257134
2789777
3053375
142588
1701563
1127275
2596971
3040317
3211577
776752
2406591
80991
2640369
845959
1688177
3404781
3257450
1266548
1015986
3489484
1707994
2849485
3250587
803402
3213722
2108460
3003741
3064811
3088127
105950
829779
1518125
41596
1221610
3747390
2417486
2691878
1868302
3551578
3157973
3355432
1587909
2570190
866192
434438
3160752
661349
2517565
718046
152180
125957
1119026
3175571
2036852
49822
2701095
1602151
2233275
456291
2625911
2156798
2714828
60276
3144343
2827712
1969212
3180981
3412882
1981517
753968
2044362
3149443
1115737
312282
1766841
3257982
2268176
1878931
1551874
2630863
3240136
1267491
3333745
1062577
3266996
174322
2324161
2385664
87369
2871088
2782887
1253622
2741533
878993
1668949
2901507
307831
2794378
822553
2394332
975276
2058789
2739744
3554367
1992446
3001510
2530448
674349
2731544
2509145
82249
1388622
792011
673275
1109947
1689162
2994883
2283725
2628777
68036
196696
2992705
1346900
2751465
3523788
1848022
2183215
3206043
780200
1760392
574107
1579914
2994859
2199070
3563861
106358
2375080
1321492
2556238
109939
2233313
2342533
3353007
2489207
2643272
2861782
1315479
2495113
3307405
3138313
60544
3647690
3471427
1563057
3563058
2703521
2402567
439612
1773005
2870245
1776939
1725369
1892320
3500174
85070
1683433
1782215
1378610
3362662
2075061
2956396
2842165
1350353
1158040
82755
1815397
1128725
2481742
1365253
923319
778552
2532641
1831435
3513053
1983406
676802
3621279
1146845
2651784
897024
1007699
130320
3181303
796577
2527867
3117410
790249
1853800
558049
2554595
44526
1115820
2626918
261524
150773
175666
3212946
1119398
2776344
2962883
1193449
1662480
947145
78045
2667195
2615622
2467479
2538910
1993172
315552
2664535
201522
3465069
503483
363982
3256946
210161
2666540
2381613
3022250
3092111
3199701
1649675
2277298
687224
1676342
392637
2509170
1886839
2547134
1595667
57442
1460396
2663018
1672657
1980398
888715
27335
146299
802200
505865
3373171
2917298
78406
3243457
948490
959426
45274
910913
1973315
91076
1210485
2912049
1367473
2169775
2924661
3361475
2296606
1289675
553034
2429296
306520
25478
3424641
60089
3742749
1400405
138830
2822239
3751620
167963
2436954
1483781
2562227
2420876
3256262
3413806
3109997
2726464
3055179
501049
2520164
2453659
3172604
179666
2336104
2347627
1765085
2777604
3551162
1656879
3629942
958038
2390023
2978156
65312
2146365
2023935
1285258
2897135
3545530
2837238
1353936
2161305
2590943
2541434
427090
100579
47328
2462808
1426987
2371670
968692
139170
791390
2022704
3216574
2617772
922916
2343975
957792
57229
2355149
3180890
3663708
2939821
1167309
3212753
581931
2173055
2015775
307804
1416108
642573
2582210
2250717
79538
2794850
3609715
133398
46500
3213166
2368978
3222663
1674644
2239445
67047
3415785
99407
2776173
1268518
3289033
352685
2444986
46257
2911827
114716
1922035
3191900
2856086
2719818
54072
460780
3133299
744036
486513
2941869
2701054
3146180
539436
1059017
1657917
2503009
824242
2461904
2885283
2153590
3185210
2757259
3256307
2524925
652234
279140
2577054
2590221
1366652
1375578
118719
2742648
1876060
2331330
3608801
3146245
734769
1582902
3445259
129613
1346121
75655
2015394
2724800
178614
2522697
2607087
264090
2548153
656134
431845
2457696
537377
3313945
3162126
2581092
92780
3345193
2042323
3241159
1816243
2533001
2678563
105718
555116
3392548
934411
2442923
2494505
2967257
1691360
1983024
2654645
2911496
3451214
1837457
2745048
2559296
3173043
72508
827952
2591255
1480798
1410103
1322221
383192
1612129
3238820
113469
921840
2160410
1049018
2110704
149131
1301662
2220287
3071477
2276210
1578946
2059842
2622411
2022876
3326097
1839789
98415
648443
2817192
715044
52275
323264
1955242
2796934
2952972
2507955
674514
2473466
2541356
1003264
350197
3532349
1381994
937170
856138
2628039
2414791
3399783
3504979
1077675
1538480
34045
2447243
79862
2711757
3053203
2565986
2264994
1168376
28149
2599592
2849003
3218709
3423518
3000578
743896
2681037
2671886
2628926
90201
164616
76638
2896396
1186518
929613
1677107
3428216
2912265
3466914
3208953
1492654
119626
2918249
1513544
47086
3420529
1040942
2835281
908550
1777057
2194297
3428141
2786178
591793
2652885
123373
28652
2673634
2389697
3237780
157516
2805961
1272209
2844281
2796865
2410315
2273016
674910
2647406
917369
2730461
1702827
2649160
739999
2252249
2848898
1364075
3372723
3638055
3542643
2296910
138775
2807077
188181
2713369
80384
2887794
3444922
573861
1055945
24843
712458
880321
40062
2788540
33185
2508547
3447006
133476
635559
296384
1772897
133900
23461
2707240
3230906
1269803
3227434
2628834
137501
378126
3083882
3007156
611753
3095680
2581860
3346178
2406461
2287350
2722324
3606082
2537861
3194254
1171420
1076706
29855
2477273
3358620
3275834
3400134
3042887
75320
1180209
1257855
1541385
3447485
1716386
1711694
841064
1647915
218276
2581846
2567738
2434435
2786730
271848
1121510
3378793
3682160
1331610
2592760
1961046
1508788
3000650
1403163
1426926
3069924
2659353
3205646
3209338
3387004
2302135
732318
869240
2400965
51503
19520
43881
2684062
878561
986233
2744045
1299008
2003509
921252
14468
1013881
2635559
2759787
139077
2007815
3066546
3612219
1819160
73107
88161
3266002
1313082
3290
84922
3389989
1690356
498711
121650
2264137
761541
2862287
1034190
92267
2024513
1155377
2386280
2752863
462657
2280507
144182
2532129
2480916
143189
3666446
922600
248490
2480902
1990447
2582524
2583616
2727565
527712
2384193
844072
404910
1083102
932223
3296020
2222593
3162658
1811687
1370179
2162115
2469345
3044284
1082510
2792373
3617239
1483485
285549
2679639
2691912
3322616
3151070
3557206
2584766
2163138
2270844
2658824
2088253
1988066
3454166
727998
179050
2120669
3593847
3267234
731535
219351
2608225
3400712
3384667
657519
3071714
635865
2336659
2908666
283992
2655469
2231831
2234734
2229334
223753
3267319
451227
2943627
1706017
1784484
2716745
1884388
2326036
181041
63875
1091032
2458359
160320
2609064
2431965
3324750
1814906
2769859
3051853
187830
52333
2526517
3631936
1544483
2622125
62591
2729553
3744787
3730261
2834725
3411137
2344472
1389310
3092565
1560218
3035152
2512375
1909963
1627870
1885883
2943109
176280
3200649
2697646
1107381
54373
3270303
1135332
1180037
2981393
951171
77089
1433311
1379821
2097562
2581271
215060
1373874
3671921
3200539
2434035
67538
3066331
2650620
2508627
1208035
2754891
175328
2442977
2478300
37967
2845557
3513962
829944
3535185
2586272
58454
2287891
95583
2006067
3130927
791432
3262207
3483540
572928
1864662
1037695
2326935
2598068
1058300
2946166
3055157
544039
40782
2946497
3144373
50013
2811377
2163137
3350987
657916
2746343
2101855
1639734
722558
1380717
2484169
99997
2485993
1219647
549630
2651889
2540955
4072459
1277926
1067908
31210
3132574
2350225
997648
1571448
2505389
2322394
364532
3192443
3204385
2624908
133938
3596125
2399903
1911962
1708785
2729450
1570798
3277335
189559
3152714
2675818
2717891
2561149
2110791
3256284
144621
3116391
3440631
984660
1150427
4075892
2431474
82766
3168656
2351364
121197
300963
2038750
1475668
70968
157886
104945
2318641
870066
131708
128882
2143996
1106518
3330085
1113342
2500831
2545348
2599091
1731880
3243714
78597
2869874
3474143
133737
2688100
2603702
1754659
1973805
2417422
1992737
1234535
2588797
1645687
1065898
3731761
821298
2910723
2826914
2983701
3604421
2283672
3177604
2898419
1116645
193698
3481587
1700432
1162433
119056
2677229
2731070
79331
2680792
437139
3255699
2024637
2084661
3275649
1018411
2815388
707772
2484994
1127991
231475
1576975
3434154
2744579
2359099
3217116
2549105
110175
1951675
1772923
3388246
941044
1373482
2450028
667511
1410938
1909993
3169364
2537875
861415
2306846
58333
1977950
89901
2513495
784791
2548907
77580
1629800
2659351
775348
614323
1065224
2507296
617825
3671629
29326
569636
3618854
2449729
319661
2358834
1369527
3606350
2476968
10386
2659781
1094998
1674863
523532
2224379
3230683
2489781
3255213
3606982
2364267
2419547
1820968
966136
2885483
3500383
1909555
2687022
638551
2580634
2086927
1858669
775897
38892
2263835
324279
2998515
61041
1772632
178506
2025942
1017530
1185260
2787950
460487
1130281
2862298
2693896
2577893
2382798
265104
1863931
3335242
2161036
3258136
241143
2400672
351796
2541887
164020
1392667
915210
3361075
2498577
3488505
2635143
1896581
3091763
2900406
3216130
767493
3646879
728393
2423227
2961339
2447499
1749331
808448
1765587
99254
3067601
26547
91005
28783
2721644
3128082
2916573
3448285
2636826
2219880
3659392
2072405
3119078
737406
3074715
183460
2805064
3087418
994495
2391657
2281346
2121001
2943272
2615792
3602592
3229767
124701
700546
2643849
3703875
901219
3120316
2097898
3279668
1655728
3099518
134769
1926301
2162033
209203
1713939
2941969
1118258
3471734
1305675
61953
3667409
1601534
3356980
36658
3342665
3316387
1722791
3170255
2847667
3311088
2532730
4088465
1650442
3598876
2485438
679131
683970
875324
2415345
1865037
2160548
351346
1513428
3246915
1447962
1320292
3192803
3234418
2674297
1940924
2764415
278262
3011793
1396122
2414778
3502915
2428468
2807516
2927290
2718124
2346171
3320809
2803688
1945175
1029596
631413
3031432
3272642
3455788
2804276
850845
2252829
52644
3680277
2582808
1506672
2787781
3060360
3690388
2479249
1906336
2300212
2504668
3366131
2887070
3264072
920453
3085629
3047975
3237842
2836441
1347841
2269122
2874944
2021000
964066
2227300
87207
3100794
2843250
2361926
1634887
3301121
1871283
1181042
1515487
2721301
3514299
2134823
1226524
2381623
3479345
1044728
2516990
2022202
3033142
53675
2580286
3108227
2603690
2567932
3228972
2173926
3495349
281157
2851636
2153989
947334
42710
3286938
348605
741599
3581719
3256905
1109793
1926338
2414165
111285
2864040
3211723
1837666
3229021
3722894
3187413
2204927
1257142
3140597
3515379
2198287
2679078
3470474
1955829
203906
2603860
2943287
3271237
2631924
853412
20737
2281378
2437708
261703
2270763
3339743
3553117
3239477
1602801
1730270
3161319
3491875
2696100
648081
2896717
2735647
63784
839947
3407917
1382561
2995939
3148192
2463770
509204
1036230
3109541
2658469
2543595
919196
2574639
2097124
2659858
2483305
1455779
2101014
3295345
3159457
2411157
800237
1236211
1698343
1465195
2887762
2362655
1437384
49679
444356
803783
2742338
1691829
1469136
3119606
495500
2637721
382755
2582250
2873301
3088405
965243
2323862
2217904
2779927
1346543
2154178
1106611
380937
1028454
3050361
129058
400898
2478408
107875
2478227
3133951
139634
2038619
2009432
3086051
122131
1451282
1482116
2411125
44800
2133576
3718615
3346789
3107406
1053729
3393775
1746902
1251852
2479395
1919344
229875
140523
1099081
2508896
1174596
2518170
1591892
2849490
8708
2019271
1787848
3047284
2307246
41074
33110
2113754
1295814
2241147
2696952
2906118
3022597
1967557
3044230
150238
1496794
3351781
1535588
938174
1392244
1445667
3667483
2939867
2591381
2012850
2665225
2404721
2454643
1841170
1110602
2530869
2477122
2799209
3383362
2194211
40490
2098874
1062671
634965
895331
1708088
2906626
3502986
1233778
1885531
2332178
3208076
2739798
2648778
256627
3452728
2665350
1596506
2735187
2584278
3128358
416971
2439851
2258374
2518847
678350
79982
3205010
3526424
3476523
2232319
1846674
2628436
622571
2777517
3365786
2513164
93709
95888
1366190
2970748
1967216
1247976
1785659
141722
2727064
55262
2557466
3218708
2981456
3743137
1907199
2542628
3369545
1746514
167535
865344
1713392
3497731
2450053
2579159
3201165
2484279
916972
3197978
2118444
2635006
764841
1935932
3683429
3725129
2633674
211903
2611467
2455847
1170453
2551698
3423727
2472467
801303
888305
1442773
1657931
2855075
2404205
1450182
1939646
820619
77398
3143607
2802408
2662925
2418496
2668953
3626661
2682644
3187928
1826561
2350464
963664
2823085
116128
2742959
1942181
2304344
3716156
2278232
2996605
1187352
2636324
3261934
3593837
3197402
2559639
265027
382042
1850085
3453461
759638
721025
3408671
30301
3048516
3160412
3373417
992589
3496973
3242963
376592
3213310
3169863
3176732
2388647
2070999
3661943
3220664
9892
98496
1766943
2978930
95382
3158437
1063867
1181061
3273027
2232812
2934876
1875444
3261824
129170
2418213
2357612
3508876
2407667
2515411
312973
2680455
679242
1886274
3439865
3756074
3034595
1939345
2624340
42357
3455431
138144
1059388
2240404
2485487
2522895
3787263
3550482
2676742
2592918
51682
1384139
1034343
2502505
3287767
2565415
3557474
3129871
2608105
2921283
3243016
2435130
180423
2971802
3404789
1016263
3216902
2709097
3632109
471257
1074901
2986336
2969884
3123994
2569622
2801629
3635433
1862525
2997929
1490377
3153708
3112505
2453613
2738139
2993225
1349621
752633
3274936
683409
3975298
1972924
3296265
1640995
2180144
3434979
1646568
1205029
3274680
2401143
201523
324516
2716610
3094706
2814117
2692144
2522580
3195652
2442178
142145
206529
3171835
2837168
1700933
380029
3433462
115951
3218504
157805
2829910
2621030
2062996
102242
1882215
2475310
3429114
3119245
1099383
3195068
3518
2500691
1911123
2667141
3524865
2507690
830322
73699
2926947
3095404
788488
2882501
3365567
3103887
3550000
281502
96566
1342612
1323428
2962436
2416428
3649088
3506747
2565270
59381
1373950
3728565
2487454
3334672
1863412
3238838
2792317
2953459
43266
3141124
25530
2596611
2324126
2959550
3489532
3186462
44104
3343914
2494226
1111493
1121909
2612892
2832913
2729395
2738758
70365
2132927
3150892
3426497
3261175
3220292
2969095
1817450
3068602
3455839
3201604
3057654
927487
2996940
2211017
2525582
34736
1177274
3140033
1603621
3085224
2512118
2290441
129641
1640115
3021835
1415526
412057
2266726
3030863
3131277
820944
3648062
3173887
2844963
2993066
963877
2791233
1677854
2788498
3121051
85494
3207052
2336375
2666335
2880284
2745957
1071416
1773876
2121017
2474574
1154153
3418233
3159015
2065548
4107668
732316
1782738
3087146
2329714
2485418
352564
2315135
2725788
3275740
3241887
1122284
2341586
3008842
2815870
3169568
3694974
3110914
2504697
1349819
3119737
3367638
1296370
2256759
123982
3481617
2786980
3206250
3252012
2830692
3279198
3187837
1763997
2595382
2728065
3283619
3568000
2724213
3121276
2231816
3494662
3407802
3452540
3279045
2963126
3283460
144058
2532497
3393801
2510677
3482972
2941257
2820225
1290916
3473988
3192134
141030
1848094
1758872
1007896
3495796
222457
1949083
218802
1127507
2333529
2734059
2591828
3044342
2254470
11517
1873630
137325
730865
2295254
3007980
1484910
3239119
3634185
2650657
483806
3310535
3167427
3400106
2248333
846613
1415946
3473962
739246
2632059
519645
3285971
1629194
3670818
2354779
3026790
3333703
87764
3719266
146610
3340134
3248168
3353006
3344249
43827
136399
611931
2308666
3253832
10848
3370177
3499850
1652992
3260429
1958930
2884332
42499
2962115
1840736
1025871
3136646
1360970
1468670
2459920
2982593
2045979
2696084
3145640
235470
2250774
815522
19467
3163286
1861781
2132924
3188000
3229223
2419181
3206726
1652205
1870148
88696
3414615
763128
1993418
3357262
51243
1715917
2487840
2270749
1706410
1923145
3075278
2779404
2244060
3243939
3008141
448142
1865874
2660217
3169488
1777067
2942721
855867
3664712
3438885
2223963
1776148
2610039
3730283
2898393
2560589
3120531
962240
1431202
1589931
3529794
942356
2983192
1754266
2868388
2100940
1010238
1828562
1674283
2942250
112624
3038366
274043
3467079
2050696
2162140
2423683
2304460
2811326
2009880
219313
3666023
3375585
2044687
1549272
3516852
3407111
2807947
2148514
2956597
2228296
3370751
83261
3355124
2594054
3056313
2907680
1598723
777074
1165234
3459095
136564
3261860
815964
2503194
167194
3117101
94566
3620609
2480417
1279343
2505367
885270
517213
2790278
89640
3271291
2495051
3247999
2625324
1074894
1539079
2968616
19581
813399
3416454
3211500
2989003
1595588
1285526
1860434
2564428
2206954
2830281
3133585
864446
1271397
2431627
2953213
2890962
1083583
1037313
670892
2563333
3429718
266968
524277
1938392
2191144
2740342
3229024
1856597
3307864
3431701
220422
2505463
1709121
2532271
2254763
3090764
3338907
2968792
3316276
3134737
3249334
1768802
2880023
1965348
2622787
2914495
3131255
3583839
3300188
1293720
3149845
899732
3397676
3614352
3100560
3156883
3430996
3165945
3435194
2959010
2488407
1580093
3318031
2939606
2745944
2875310
813908
3103301
3168834
3126955
3378159
3403124
3516565
2784409
2472187
728870
1566012
3434094
2285713
1315878
2443190
3324662
1130604
3043988
1189150
3037628
2525042
2504503
2226722
1343517
2497897
1243461
3212224
2544530
837567
19990
3580379
591347
3116233
2675678
1834598
3122407
2533037
1989563
3221246
1468910
2788620
111269
2633327
3191492
152474
113176
1805075
3360935
1445924
1021579
3162219
967546
3606794
3309925
1169773
3045250
2708997
2830674
2388297
94850
87570
2742325
3130529
3423826
3081403
2094402
3249753
3431867
1774124
2753523
1017975
1142884
1345676
2623831
3172728
1709022
3370158
2346860
1859841
1623436
2906114
3515770
3371379
1302567
2965511
3398420
960875
1783010
3481439
3457022
3050278
1926750
2365714
3264168
176323
2972848
2753127
3397989
3148626
3271094
1993341
3081825
1605533
3616631
816327
3599044
3422858
152127
1675384
796606
2992149
3004748
1251844
3096214
3410824
1062374
2631415
3448012
1409923
2899188
3107885
2958956
215238
3180723
2868387
3471923
721613
2070594
3213577
3187664
313206
2817632
1571516
2508518
625323
3138579
2899404
2546190
58064
686565
3047709
3158086
1950559
2553777
140079
2754275
3534950
2391843
3341279
2778368
3609323
1490015
2367179
3624698
435472
100806
2290342
2293914
2862787
2682467
3402137
2271499
3211287
1977951
1535180
3410771
117424
2643158
3088726
2348869
2741910
2385798
2968055
1484776
3168616
1874091
2648427
1640362
833605
648339
2986208
23708
881123
3591554
3322444
2352372
2453247
2797932
3104522
2533119
1856805
43978
3648348
3099250
3274638
1529763
929999
62589
1157344
1902818
3426725
2778643
2269544
3305684
3508672
1728493
2898086
1988434
2491669
2361362
2299332
2719462
3320181
2624930
3270202
2493793
40205
360671
2512991
1412281
684913
3291179
624133
2063907
2535650
2960557
3450932
3082946
3205642
3366758
3246877
1788628
179947
1495937
2520633
106965
3246722
3195549
1118296
3173896
846872
992563
3368213
3132748
2779001
1362824
1184609
887621
3337289
3666530
3331635
144593
2881593
3191372
3443974
2731892
2136959
2101986
831241
2327247
2647275
2722432
900957
914220
1580728
725718
1358921
1460697
2133938
945423
3181978
3141161
2332088
1915426
2902384
1746034
2376713
3153084
1428309
3543460
821785
3468026
3509826
3452359
3524570
3326839
2483555
177493
3041193
1484224
2528044
966243
3387408
3204200
2182100
935029
1773386
1396342
3154664
2412062
1077307
2269514
3082601
3085497
1548125
989228
3311346
2979785
935455
1910987
3292816
2373558
3220732
2404675
58614
144387
2974850
1314214
1021037
2200841
1674700
2134474
145669
3229091
2750832
1793625
2077273
1492031
2321980
1722428
2234162
2351094
2659837
895997
2314614
3137397
1809151
2277236
2798169
1257580
3352759
2657705
853779
3629512
3470687
3358820
3529084
2815972
3269529
1524103
1967350
2523668
1995061
1634984
2246659
2459145
3097451
3034593
2775881
858241
1859223
1457148
1134237
1131896
2281045
1872563
47930
708367
3240784
1274573
1819850
1570203
3369714
1118876
2479479
2486013
2267564
561335
3613647
1717644
2450838
2332462
1556011
2198640
756423
3549173
1482959
1964460
2658147
286489
660247
3135149
2446847
1857321
1483732
1522554
2182766
1231400
3657305
2654506
1905396
3216836
2815425
3301849
2844649
3398077
2123284
2512990
1681634
2562794
465548
3245476
1399651
292319
2809623
1312375
1702971
3145600
2635266
2402400
2202862
889177
3195063
1612281
1294709
931550
3573970
2399207
2046445
3365585
1906615
3618870
2046116
2158670
1377588
2906211
2452860
58527
3637960
3169730
1312253
3003163
107410
3582938
1636879
1137171
2726346
663725
29844
1149423
861971
2932798
1075653
2054191
1591935
2203212
3220509
24023
38179
1163937
1092234
3530608
3119369
1385964
2556347
58127
3186236
2681287
1056202
3298591
48082
1643106
1186901
1572866
1398110
1302583
2853665
3023414
2870806
20382
2586420
2165744
544419
2061192
1115844
3499015
1679789
888621
3398404
1137173
2769504
2388944
3447053
2781571
462736
3259121
1408449
1451703
47359
2224514
511046
3166153
2507131
2792912
Total scores: 7761
Average score: 272013.96
SSH: 265, SH: 149, SS: 417, S: 1648, A: 5080, B: 176, C: 24, D: 2
