4134856
2599450
2689931
4376495
4985596
4085207
4355276
4842367
4113363
2495251
4287878
3579281
5005640
4851922
4985511
1979409
2365752
2753891
4978004
2874408
4319071
4975261
2279621
915210
3595734
3577374
1949106
1162425
3462322
4940126
2325387
3284709
1805627
1808605
2675756
4291753
4792013
4783641
1163521
4189842
3040104
4968530
1895607
2079597
4829677
2510998
2238881
1075797
4176938
4585194
611931
2141888
1385398
2487880
2318117
2660294
958038
4634744
2241579
1816073
4470043
4763600
2264767
4059156
4876257
1846270
1816243
2179629
2078195
4950775
828242
1909555
1078675
4981161
1895606
2671379
4855256
807074
2898419
2241580
2206542
4779752
4543721
2719302
2610193
1776723
1711307
1754777
1546425
1148905
2078916
1306992
2556199
2389303
2046445
2176404
2240526
1473296
4692009
2041050
4914437
2775397
3265469
3707952
2209202
4925156
2615210
1985735
4926909
1860169
1849580
1583228
4713808
1062394
2267564
2088427
1895605
861415
1990718
4695614
2239445
1872396
2044338
714001
2012300
4541862
1919312
4351425
1353828
2781369
2737173
4838456
1519863
2410948
3168035
2034654
1194232
962194
1895604
2677494
2189687
2069841
4039494
4883679
4867167
1451282
1582287
2249387
1895603
1157717
1725588
4027058
4874327
1630164
2382377
1241370
2185824
1918978
1076862
1866087
1938974
1701404
2173528
2410945
1400367
1669068
2737141
1943817
2562794
2284893
4989664
2077121
1695382
1822108
2070594
2128030
2129143
2633231
2315558
2484994
1836593
2735748
1570203
658127
3037642
2004799
1997307
1350927
2303916
2367231
2428358
3814186
2486881
762207
1083470
924667
1565884
1529189
817929
2187211
1199955
1631588
1270000
1690353
1569904
1432943
1626537
3467890
1075001
1983406
1377588
3093269
2097898
2331169
4733327
2099491
4852491
3802844
1302583
1737326
1028733
4860510
1828346
1681360
1258642
2257346
1843481
2201460
2468866
986943
4804329
795627
2335100
1656727
2058087
3509293
2280910
2310700
4829379
3195618
2677343
4831429
888010
894744
1679667
2360394
2082725
736215
924759
2330438
1892257
3022072
2469345
2058788
2084319
2971241
1180701
1134237
1432041
2084862
1714882
2026320
1537817
783860
4987241
1649528
1385964
3093274
1811722
2732387
4833931
1732802
1527747
869222
2034983
2237466
4855807
1770893
943415
1107102
1492911
2914646
1890412
2117909
2022718
1911308
2022204
1857519
1571309
4860572
4791387
1736571
774965
3301849
2677188
4786970
1635388
3074108
3578634
1769144
4810017
1007522
3365585
2328679
1594426
1770368
2132119
2202603
2084629
887059
3019409
683970
1936782
1925409
1111047
1306448
3078717
4847317
1780800
2796126
1969946
2610039
1893432
2118444
1826438
1158325
1412805
1869933
1736329
2565674
4861384
1941064
1746902
3707950
2540371
1917082
864446
1988911
791274
1770623
1955170
602917
4756087
2245774
1657285
1829131
2367340
1977528
2201307
1489207
2182100
2112908
2317127
1619555
2505956
1494828
2523668
680689
1709022
2326754
898597
1029562
1936713
1073279
1410548
2634649
1843653
2287401
2444148
865344
1895602
670881
2188031
2581812
1636104
974662
769590
4291608
1845585
369349
1746492
1782046
2035291
1129193
1843589
2044362
4767183
1351956
927754
4867605
1226524
975588
720314
1002940
1682412
955812
926644
2514739
978213
2457519
1642274
4931085
422328
1612329
2534559
1157868
2963216
1259155
1807735
1763013
2158670
2958102
3707958
1706834
2068681
2048191
1778560
2021776
2406461
1013839
954692
415479
2360153
1655981
970048
1644670
881313
3313127
1961300
2047629
2164997
1591616
4934557
1630299
1204537
1108593
2586420
1113332
3708195
1627148
3135149
2026764
1125642
1944926
2599504
2660646
970331
2017880
1256809
1621068
1701775
1838426
2341609
4568304
1055147
2066867
776951
433005
2715815
1208664
4657226
1315479
786636
1210660
1114132
1738018
1159687
2131079
3273140
1456429
2495917
1701160
933875
1722406
1726994
1610745
2521259
1640362
1296370
4493700
1657917
2789938
2025393
434189
1849273
1671813
410250
1405991
614323
1699366
1031991
1860433
2103968
2083422
1010596
4941465
821785
4393670
792117
1281115
1435459
2784168
2512990
2354378
726381
2485595
308917
1861487
881123
816327
364532
1086267
1008998
1520788
652234
929999
924337
1749322
3901232
1668949
2535650
1073277
393845
1344602
1353480
1219511
2196278
2078961
806325
4657212
1065821
1725346
989244
1092582
1827558
1590239
1103903
1572198
999944
1720423
1126352
4795977
4404049
2389623
2188472
657917
646713
858241
142954
1126228
1828400
4912905
1752315
1183255
948540
2799357
4059162
2282512
3266252
2444276
2870806
690982
745360
1690355
2300083
561335
1788628
845378
1660602
1912276
901854
942522
1028910
4897819
3566847
1053232
1356795
1990449
988726
2449759
1020320
1968283
3034593
837567
839947
1496766
1855356
1595191
1621319
1354319
767280
3497649
1809151
820481
3145600
2050696
1907933
1804553
1760666
803964
952515
525278
1106704
1312156
1474795
718156
1274573
1219647
1527960
1509693
1476606
2410264
902259
2045979
1142884
1793625
704360
1474956
1175599
722844
612871
1071438
2185148
1438232
633993
1844239
2294643
1694855
1377957
4727786
1097543
789765
1951034
4566959
900957
1450423
1219148
4468592
2385573
764082
2470211
2443190
2961551
1991882
1158227
1451703
1816113
1004823
1596706
129891
972034
877312
1307291
949029
2149131
3257742
314496
1456499
1802970
1565265
992563
1419243
1941890
1783812
660593
479812
1245365
1112356
1231616
1056207
1069949
2059455
674324
960875
1820817
3093275
1782802
2027309
1142669
989228
2273031
2906051
1706210
1952037
1137173
883670
3246922
1406470
2234808
2328680
1927665
1154908
1126915
879061
1115737
1110199
2226722
1365772
2061192
1289926
681813
731320
2183215
1703420
2045115
966203
4772080
623699
1186227
2029046
1838165
2203212
905800
1893461
1569153
2069999
1319335
1790104
1201636
1524103
1995061
1313635
1186951
1294882
2200809
2141415
3513159
4913570
1544643
777074
1262025
1957513
1736332
3707946
2701095
987133
1507125
710986
1884131
1682749
894090
878721
1402392
133938
3499015
2278525
818304
1021579
1255495
1370029
1257660
1371599
2342739
1028144
1041481
2132924
734769
1508874
1246395
801303
839569
2082447
966160
1261191
1181761
2775881
680394
951053
2740274
1083052
1043326
1187302
1994564
1861434
1141858
452508
1172819
1679789
1095854
992389
715637
1531196
1252711
861164
1034421
970163
974352
1233778
2750832
1693956
756423
791811
1646483
804164
1030303
831241
953586
1749822
2014389
1500645
1409923
1501472
380625
1351114
1302567
1029307
1882794
846872
917061
1637380
1563135
1075888
887621
1952177
965243
4905829
1612129
1855195
1604236
1236211
555797
725718
1578505
1102144
790415
937709
1600415
2048026
902888
757003
2485438
1640330
1785659
2335982
711758
1601984
4111778
942033
1623093
1672204
2296022
1166087
1946834
3976192
2597020
1647044
1552342
1762937
1915340
1365214
2543190
1774124
778160
71080
1651290
1695991
1756964
4934542
2035315
4683658
853779
2731892
1579673
1219310
1857003
1087334
767774
1528015
1220272
1434424
1676851
4705585
1400414
1179007
2486948
1921228
1144515
1291481
969681
648081
1215958
2101630
1559179
1561529
1692260
4059151
943988
878369
1366190
1557181
2413749
1178526
1401254
1757416
657519
1046339
914220
1554502
1519160
977770
1399651
2034862
1828903
2102287
2192825
1630100
1562317
890190
1403907
1289927
1992818
1082245
4929271
1926958
1166448
1804279
1365637
1850409
1728493
1294402
1027065
784369
1649064
4844447
1121909
1218337
2134948
1500058
1736333
1675844
1083583
1509512
3322065
907479
1257580
591347
1348658
2962227
196977
1915794
679131
2309955
735833
978026
1838662
827803
221777
2124420
839711
1345676
1053520
1181215
1899100
1535180
980431
1977469
2503284
4853246
1221602
1551874
1350835
2270715
1541853
2823535
1466360
724015
1464221
749156
999720
2570594
1160610
1881584
1936949
2284947
2116146
1764412
1487821
986837
1527475
1428309
1087664
1537566
1918979
830322
1975033
1331610
967546
966243
1351972
794899
1627157
3349095
4754115
1989201
3108587
1740092
172662
281036
827294
1257855
1803397
1849025
1625870
1766943
725198
1520385
1869619
1026729
4672306
773398
2256387
2379756
339795
1846898
1137448
1227359
1499387
684970
2398423
1473299
2654458
993529
1675837
252238
2109843
1702903
1840736
1084855
1840498
306683
1113246
1219705
2039589
1288341
1556336
2116237
2844963
767203
790048
1329592
1907310
1114721
1761422
378126
4987126
1232752
1400687
1794843
3349882
1299008
1986416
1230854
1701539
1399834
1914037
1612465
2132928
1758437
2752527
1749294
949011
1826941
1266235
1366188
882812
173391
1097891
1158221
850854
4707333
1306932
1937456
1839222
1483766
908042
2165744
1260007
1056202
1927666
1515420
1754266
1852605
495899
2078680
1473301
1406420
104945
879062
2332462
1398110
1715953
408378
2941386
3064515
1365213
1124268
1623883
808848
1764213
3232901
1633675
1229400
985141
1965649
1897802
1563654
1074806
1094551
1396342
1454085
1042794
2546607
1914365
1730234
1355247
1279343
1879176
1726866
1488838
1289755
969314
1855887
1111515
1548125
753012
941302
1158040
4617328
1009330
1401861
1083643
1451733
1363026
1715176
1290916
1165694
1954858
738980
2394731
278451
2048477
1518125
2259381
2456930
1603081
2205402
1436138
412288
856743
1650477
690778
959426
823257
539394
696225
679779
1437030
1451025
1003944
784791
431957
1087337
978877
656916
1001682
1623092
1905396
1630565
1248879
951701
4939632
855536
768781
966177
2054557
963304
1851537
1286726
907068
1566967
1524104
1289675
2712463
1439403
679943
1451342
1476582
1814107
2519700
1208919
552068
1011471
2022237
1768802
452186
1785750
1380717
1457148
752980
1100327
1794985
1926750
1693575
1668840
574471
49101
1131747
1962157
3385419
2221441
1351585
131286
1023507
1649062
83975
1454087
4924798
465548
2211018
1247184
1042089
2134823
221950
3620693
1358299
1095566
743034
1618799
1828339
1168807
728870
2574259
1520526
638493
2514909
2008748
1185311
131564
1587275
1777067
1569704
2164095
2654506
1659530
1102147
1566634
2209289
2360072
129407
1868567
1252022
544419
1082783
146957
989587
1578322
1040942
691893
1722870
1831051
4905645
1801586
1981708
1640805
2549281
1182462
1429457
1670874
1657723
817623
663725
1544689
352757
955346
1539972
889632
318340
817174
1442221
649034
1884654
657054
1035898
2625911
1754868
2061081
1681634
1654579
958098
768986
919772
917176
998048
501107
589969
814293
1640342
1878931
1483372
2489378
1941208
848994
1390577
1406907
1324772
1540283
1632673
1477910
2006936
396009
931860
2330574
177162
1443865
465543
2218609
1030374
1584957
731975
1525311
1373950
1892253
1342612
979155
1620144
1740993
1425112
1180676
131891
950234
2104881
2586574
24428
847314
609843
1501410
1267198
1643106
1849132
1047758
1634214
1397930
248991
1214421
328472
1538480
2085694
1257663
1844019
2182470
1488259
999827
1469136
1243079
1014943
1603103
2012009
1479006
869285
519080
1037478
2271364
742975
1225627
2014387
4852493
1592916
39549
4881965
1040647
2065514
1038400
4952136
749140
765018
1897317
4706057
1344860
1512691
1714819
1033882
1249325
679004
932185
1464448
2017799
1735472
1587059
1261879
2199470
1857147
752633
2046771
1859223
1500772
867819
1481207
2072405
1805910
238766
888621
50712
1918233
1585979
2198640
1187352
820737
965369
111680
385544
1462917
453042
2706308
1176565
1859282
1613687
1234400
2026790
1740944
1657931
323769
1949860
1239859
397299
787430
2004892
1656000
781124
1294935
917129
1123616
644167
1587909
2067104
1385397
456247
3365526
439956
1861763
161787
335041
581623
2654645
397864
1906336
60941
705091
1839701
96142
1602969
1787848
1850200
909032
2268730
2103267
4839949
1589931
2153775
713594
2596015
1474888
1302139
252836
65810
484036
3229021
40017
716020
2027927
3087146
1043169
1466359
1517687
362949
1654883
932223
635679
1865037
1309336
1113343
1810344
1110532
1137172
148083
596161
2722432
884664
1657535
3450779
1332018
21010
4047519
1383338
2319009
2200024
1791893
4898278
4834702
379038
159029
82962
1153219
1426038
1837457
1509460
1894825
1479927
118068
987093
2668755
1842523
2156913
327899
1182535
2316176
176280
2161305
1243461
1245003
2365948
837604
2221095
2276090
1492654
2277236
2223393
2135058
1490588
256892
1529763
1401231
203993
1352717
716269
2601508
31377
364711
61692
2479479
1443585
104229
392786
2036666
58063
127266
1215429
150621
674347
462736
1850759
95733
2643204
1538272
792712
1967216
633519
1639084
4638742
862088
2576943
4958651
2459903
994495
1241924
492064
102441
2630685
228919
701033
1609794
2639521
1970565
2113754
3533716
1983648
745308
2868857
1124313
2135438
72585
1621175
924414
1430468
507099
4792591
1857321
1540892
1966563
1156536
1116977
172473
1438917
2409643
1983647
2261823
1186901
106965
1762731
2002322
1138154
1115844
4694276
24513
1408449
47359
1137171
545143
2697861
4047799
911109
917062
4569104
2219809
1935596
2726346
760464
2962915
4689249
1636879
1382893
73288
2102292
4876930
72923
1415582
2869650
36966
113897
2428727
1714634
1118614
848161
1383451
2458536
4432586
891293
2462245
1397854
859607
3350946
1092234
315
Total scores: 1642
Average score: 296169.82
SSH: 62, SH: 624, SS: 14, S: 49, A: 817, B: 52, C: 14, D: 10
