1199955
1969946
1872396
2128030
1848919
1895602
1554502
774965
1911308
1968445
1919312
1836593
806325
1752315
1917082
804164
2505956
1861487
1848803
1649064
1258642
2097898
1736329
1955170
1742483
1992711
1983406
1002940
1157868
2112908
1563000
2269544
1500645
1902624
735272
831241
2102287
1828341
1570203
2022202
1630299
1462224
1642274
1400414
1843589
2131813
1746492
1838426
2061232
1704794
1827558
2014389
1639177
1941499
1971822
1252711
1989203
1808605
1371599
1065821
2201460
1075797
1783812
1843653
1619555
1706210
2774742
889632
422328
1651290
1690355
1860169
1046339
1810150
1949106
1496766
1021579
2011121
1623093
1844417
3716950
1736327
1947968
1573320
1219647
1579673
2030431
1582674
1970829
724015
1783947
1675844
1495848
828242
2023927
816600
1945555
1571309
1537817
1172819
1988911
1401254
1187302
1028733
1556336
2118443
1069949
1969005
1077675
1474946
1637380
1473296
1882794
1343292
2179629
2331169
1402392
2282512
1915794
1141858
2077126
1650477
2249059
1558876
1820840
1749322
1621068
1679667
1783813
1918979
1995061
1720903
1742484
133938
814293
2752284
1703420
1925194
1429500
1068383
1809151
1893461
1838427
1849120
1709022
2603107
2156323
2040582
1569904
1600415
1610745
1860435
1032126
1895605
1822903
1010596
1970565
1102144
1892257
1969095
1764213
1885374
1241370
1639324
1630100
1956730
1474956
1174467
2020258
1125642
1752311
1514898
999720
1075001
1330055
1990718
1843595
1527747
1492911
722844
2245783
1627157
889327
1289927
2037502
1218337
1973410
845378
1898518
1797548
1400686
1797542
1059894
2022201
1558869
1574296
1893432
1512177
1843593
1053520
1537566
1610994
1895607
1860433
1989857
807074
2050536
1822108
1402367
1675842
901854
1262832
1995114
1871842
2069841
979155
790048
1115737
1313431
1838625
514516
129891
1859841
1046830
795627
1935596
1827323
915210
1321542
1031991
1578009
1917158
1675837
2235465
942522
1572830
1450273
1162425
655679
2058788
1508535
959426
1503470
2199220
1860434
2266572
1816243
985141
658127
2660646
1827432
1897567
2034654
1111047
895997
1405981
655686
1669990
817929
808848
757003
2044368
929999
1969122
869222
1626537
1763013
1655981
1267082
1695379
1047758
1561819
555797
1226524
1815491
1258579
1826549
2625911
1181761
1786111
1819898
1675833
1541384
1810188
816734
1608832
552068
1511760
762207
898597
1828346
1909555
817174
1385398
1973474
1230854
1623092
1975912
899103
1534523
780914
380646
1899511
1572198
1612454
1828343
784369
1128411
1200757
736214
1889232
1760666
2731892
1993380
1869933
660593
1569153
217977
1142960
1810372
1233607
995563
2719893
1294882
1315468
1820257
776951
1518125
1988907
801303
1677967
1805627
821548
746738
1665829
1911346
1869935
1313635
1828339
1623025
3082675
1483372
926644
633993
929905
1373950
1414456
848159
2077125
4704020
1129193
1185036
1627148
1849505
1690353
1895604
1876015
1895603
1816113
537235
1546425
3371802
1632673
1762724
1385396
2138468
2245772
1955867
737100
1610022
1059388
1264972
816327
1263997
1210660
1306992
1396072
1595191
2118444
746736
1261879
1574314
1828340
1575142
1608897
1736332
725718
1155085
1565884
727204
1682436
525278
1797692
1112521
1003944
1419243
1720423
1001682
2246465
1621319
556716
574471
1564521
1029562
1358299
1051587
970331
1092516
519080
276865
1495498
1793625
2674297
1063410
1956123
3635192
1351585
1121504
791390
917129
1033154
1988910
905800
1201636
1369375
1095854
821070
1159687
2022204
1062394
1892411
1091973
1605598
1077686
848161
812161
1095534
431147
1382895
612871
657917
786021
1301354
1762728
890190
104229
2535650
1726474
1107970
1021421
899732
1695382
1136506
2032789
1677118
1395942
1157717
1645698
3076004
2058087
1849580
1385397
690608
252238
870707
1620144
1163867
457257
453042
1232440
1573638
1828298
572051
1593361
894744
1419403
1412805
1030374
1611251
1963209
996356
1484776
1267491
764293
960875
741870
2118440
894011
3018109
1419801
3217116
1153219
764441
1073711
614323
1555610
1722406
1611276
1097543
368238
1614054
1489207
2301351
1210089
1403276
731975
790415
1561394
1296370
2803332
1915983
1054525
526757
1626718
235880
884664
1264503
1561529
969651
1355964
785982
930249
1329592
827803
1893431
991733
2229349
678106
1473301
718156
880761
2102292
3852943
1675834
1464494
1607736
1119026
1289926
2034841
385544
1451992
362949
2150733
1918978
1083722
1796309
1380717
746737
1374019
2320454
1033002
1349998
1385399
512000
1649842
848345
599979
1286726
1693956
1281383
221777
1280237
1141084
1494944
1438917
1015966
1492011
1038400
978026
1267534
1055147
683409
2082725
719594
318340
1771656
1524103
1481746
3360782
1017559
1992682
1255789
1846226
2014567
969681
1544643
1178810
932223
827932
1318245
910147
1612453
40017
1095855
131891
1281115
2848842
1149638
2565986
1262795
1026729
1425512
858241
1150868
119431
1952177
983680
1266192
338682
1649989
1004492
1603084
965546
1256875
1686753
1388395
1596706
1796164
1010879
1149471
1008503
1545686
1649528
1460419
1180926
126645
1403948
1869619
1070639
1419400
569636
949011
1302554
1193449
1269345
828940
2367340
959272
59381
1576449
617825
1036393
1149713
1623285
1217417
1774124
134443
1180209
1144257
1745945
1252651
677872
1040647
850263
878369
1759814
1702903
364532
2027927
1518022
784791
827294
864446
728870
2628834
1295814
452508
1384506
784977
1829925
1671813
1433516
1593847
1116528
3768948
1675843
1718672
2469345
3029339
1530057
1589931
1714636
647685
602259
129847
1059197
1846237
578163
172662
1112356
1372586
1287979
1113057
1389204
1221423
821785
593823
1354990
623699
3256129
1029677
3520087
1071565
966243
2169301
1492008
841565
1362784
1861434
1878162
1597806
1972842
2615210
664265
1358921
2053094
635679
1306448
129793
385548
1474012
1305841
1264070
2267564
1724319
443616
878256
1714637
1500058
1752312
1403588
1626530
1366280
954692
2202862
1159424
1949561
1059390
437139
117424
1082510
663725
2083422
1675840
487384
1514367
1676342
1857519
1975911
1300413
1507125
1080851
2775397
1709121
2077121
978213
1603081
1103732
2036903
1788628
1046424
1603635
318950
657509
1257580
683825
2237466
690778
1186901
1681634
1715917
1170505
1481747
3145415
1157344
1142884
1366681
736215
1529756
2254470
1750460
794670
1529758
1259653
1840736
1227359
1754266
1125406
1268518
1321943
3073983
1643106
680394
1302567
433005
1645699
927754
1644000
1332018
539909
2025393
1076862
999944
1083052
1828400
2106916
1454085
2309006
2113754
989244
924759
1169773
657916
1373482
1510219
1255391
462700
862088
196977
2105741
1056202
3638672
2842174
2129143
561335
2058789
2026320
3054701
1768241
1185212
1778560
1640362
1091249
1118614
1348658
931698
136553
2226722
2041050
1134237
465548
1796418
3582938
1399651
1370029
467689
1782802
2044362
1981708
1805910
1365213
1594426
1400687
1529763
2054191
1182462
1619564
1220276
1685633
1302583
2317735
1857880
47152
1717648
1740944
1636104
1396342
756423
1839222
1649062
1603621
858271
1883745
722968
544419
1787848
1844019
1126228
1155547
1312375
1045680
1302139
1468910
784971
2860521
582409
872455
1608833
1137830
248158
324223
1480779
817908
1592915
Total scores: 894
Average score: 227646.17
SSH: 24, SH: 121, SS: 17, S: 53, A: 582, B: 66, C: 21, D: 10
