4177434
1808605
1064976
3385971
4187053
3946158
1860169
1990718
4318971
3881559
3548649
1582287
1241370
4298765
3648544
658127
2659368
2946220
1997892
3415931
3773248
3468687
1537566
1899011
884327
3385967
4053290
1754777
2126752
2079597
1681360
1642267
1083470
1090928
2993974
1412805
3544927
3884667
3322513
2322888
2861267
2026805
2911355
1160996
3666536
4064320
1588369
2863215
2823660
1911574
2675575
3169925
2872154
869222
2173528
3130993
3142746
2323911
2419085
1319547
2315558
1872396
1905231
1621319
2798282
3551549
1919312
2064046
4207215
1895604
1494828
2183206
2884952
4892236
3357329
2437233
2629595
3206402
4590529
1080094
3018109
820737
2709349
1813521
1912276
1791963
4628575
1007522
1636104
2026320
2368880
1725346
3128003
1001682
4614397
1969946
2192267
2615210
1432041
2331169
1895602
2059822
3601629
1524183
1936713
3744526
2459413
1351956
2555568
657917
3762927
2177434
839627
4425879
2581610
2948446
2330482
1522329
1860433
3586535
3355394
2616989
1476606
1256809
1895606
1557181
807074
1073279
1695991
2657557
1726994
3042164
1259798
4137259
985141
1695382
1778560
2469345
3141681
2460779
2266529
2287401
2624331
718156
1911308
2223047
3215357
1972480
2948845
2826730
2078961
1450423
1626537
2196278
1079133
2404778
4131123
2779000
790415
2983479
1725588
2639520
1983303
3466914
1474795
2129143
1989203
2847847
1807735
3829913
668662
2230771
898597
1537817
2684033
2681192
1630565
3666019
3014649
2954864
2188031
4160997
1905654
2058788
1619555
2020385
2604568
1193449
2111505
2570594
2204234
3923537
2360394
795627
1484776
2365752
2164274
3654660
2392113
3055878
3873445
1258642
951053
1955170
1245365
1918978
1419403
1704984
2520049
795810
1663107
1124857
1648055
2351580
676172
2237466
3150351
2395518
776951
1401254
644971
1623025
2423610
2045906
2860521
3852943
1807737
1997307
1990449
905800
3141960
2410948
1029562
4641389
1786958
3247754
2639521
4312018
3054701
3108159
1570203
1820840
696225
2102287
1882794
1898986
2841025
1899511
1857519
1639177
3071981
2246465
2406461
1329273
1400414
4791387
1859166
425761
860022
2120669
2336704
1624963
2601893
550235
2823325
1179007
2480902
2200001
2245774
3668377
1571309
2569254
4393066
3232952
2591349
3619070
2234808
1892257
1805627
2112908
427090
2388297
2321257
1099369
2570115
1407818
1046339
889529
2269161
126645
1915794
1541907
3675774
1536491
2196372
1749322
2366247
1649989
1890412
924337
161787
4128717
2615748
1963713
1983024
47152
3637802
1159687
2522331
2443190
1644535
1848803
2298954
1621068
480599
931856
1895605
1281115
1898745
660593
881313
1763013
1115984
1816243
2616981
1086267
2452465
2637738
969681
2059942
2552046
1889232
129891
2467910
2014469
816600
4443814
2025942
827488
1686044
1642274
2245766
2833172
2596018
2199470
1029255
1991379
1277254
2790439
1893432
2522353
847314
989228
1770368
2759787
3121178
2038750
3801848
3928577
2423593
2069999
1127798
1926301
1752315
1261191
2791233
3752975
1938324
1170505
1476582
1032126
1121504
1222063
2033294
1385397
839711
1969005
1307320
2444149
1897577
457061
1651290
1619564
1600415
2249059
2360153
561335
743896
2394336
3053145
1955042
774965
1857434
1827558
1219148
1468912
2005307
1351585
2594993
1843607
1578009
1971822
1843621
335041
412057
2449759
2559126
111680
2397136
2585251
1961271
3746239
1558876
2335100
880496
2060305
1649064
845391
552068
845378
2050536
2239240
2679663
1053232
2705665
1578505
2281078
1951733
1876015
3815421
1608832
2240526
1667803
1762431
884664
2338610
1436329
1267082
2932817
2118540
555797
418762
2547084
1712377
759192
4292661
1441454
1610746
2740274
2610039
1294884
2176404
1764213
2655355
1796420
821785
2064453
1165105
1893461
2304622
2505956
1989857
203906
2404675
2480927
722844
1746492
386728
1843481
1670874
962880
2192825
1918015
2514176
1251181
2195530
735833
3841084
4479848
1274017
4607972
2449773
1331610
2349329
1388399
1327000
2229349
2103968
2549390
3844651
2245777
2753990
4822475
1981053
745360
3700140
2025205
4657052
738980
4631919
306018
638493
1942473
1373482
4104249
794670
812590
2211017
1236582
1242790
889632
2281727
1518125
117580
4142643
2309694
1783812
2199220
2345714
3103301
2785676
2270502
3178849
1352342
1902818
2530755
734339
495899
4872497
814293
1576304
1630299
1894345
746772
1574314
1796164
1349998
897279
3076004
2112898
3606457
1859841
1911333
2514910
3107506
2129420
2557706
2589321
2149819
1647044
1026729
2166311
1286726
1989988
2332178
1556336
3613647
2014389
1351114
1734750
2173646
3150892
861164
224514
1569153
711209
125702
2696829
1391282
865344
2102292
1952177
1115737
2962206
889729
782021
1024549
2731307
1512177
857624
1402367
929905
1482745
4363082
2674297
2141415
1863289
1582621
1405991
1474956
2095299
1174467
2132924
2182100
2378549
3747453
767774
1741062
2590758
1983358
691893
2611482
2545234
1347936
820481
2935781
1935845
1894354
4207798
1439137
1941088
1572198
537235
2470942
1785659
896753
1955867
2252784
2042429
4365201
764441
1141858
2461085
3799924
2259381
1031991
1209189
2142744
1586945
2350833
975588
2413427
1330828
1761422
290581
2164997
4881614
1011398
3638672
725718
1862269
2149822
341891
1933561
1628654
1490588
3890721
1238045
1783813
2475433
1949561
2081844
3462010
1985919
1055147
3355363
2025938
1294632
1690355
2709018
1656727
3709823
2380030
1894356
4003754
1330489
3218863
1786111
1271007
4105538
1097543
1464494
1669719
1128531
4006806
1028733
2240404
1898787
789765
2065883
1788628
1897567
952515
2237465
674324
1843589
801303
2660646
1218337
1519160
1869935
646713
1718994
878721
1620144
1898518
3890723
954108
776594
3236668
455679
1672204
1947968
455829
2553242
1992711
3879086
446378
2844963
1602802
179758
821548
1565265
236466
2022202
2044362
983680
381251
898577
2574880
2608679
1377957
2439848
4393036
1640362
2406465
3877400
2239387
1605533
684970
1973361
1932924
2069601
1083643
4376830
1720423
1531547
1291657
2484994
1828339
1977528
2653686
978213
1512755
1785750
3371379
818765
1619338
285086
1793625
672100
1569904
2719326
1181761
2986935
1454845
1100091
2270137
1529758
2961551
2067473
4368642
1736327
2392545
1187506
658561
817174
718679
1602803
2353869
1142669
1693956
1632673
1710339
1046830
1923476
1487797
2992705
172662
525278
817929
715637
288660
1657917
1587569
3545530
245924
1675844
656337
2594547
1573320
999944
979155
844103
1977950
4684351
2245783
1742483
978877
1810150
3572698
2077126
3855128
1991349
1396342
3259473
1962198
1741498
1029307
2349467
4271030
843155
2643263
1535588
1973410
3447527
2811014
897024
1483372
2398024
969796
1076706
1493052
3369504
2658705
2810953
1016169
1700275
1349765
3954641
1186227
1396072
1406907
1724600
3142389
2294643
2301163
3322065
2048477
725198
1509639
1414928
2503284
1573242
3440631
2231831
608787
2198640
3256129
1315479
4881932
1018247
1659421
861239
286615
902996
2784168
1270000
2495792
2753521
1715917
1612454
104945
890911
1042623
1392667
1172819
1294882
1765587
2621030
116128
2514909
768781
2806598
2242173
314645
1345676
895822
495541
1402392
1790044
1514898
2587226
4131132
3751460
830322
2036903
2113754
910147
2138577
2102289
328472
2827368
4238418
2616211
1925933
2744035
1514679
875945
1458199
378126
1262433
2324783
140665
574471
958038
1436138
1474946
1231072
2293450
1068383
2677019
1827323
2491739
3098371
1228840
1810154
959426
2603014
2458212
2818772
1533390
1602967
1072897
2069841
1945175
894744
2193177
2231702
3020123
1909993
742975
1111047
2317225
2917229
4346785
791390
1655981
1951188
2359099
2457802
1609590
2403410
1158040
2022204
385544
1344602
1862525
308917
4242563
3030766
367175
1843593
905745
4055034
2274013
2709014
1079089
2755105
2631078
950170
683825
794899
2955953
2444148
4529671
2282368
1702623
1930332
2924352
1382695
2669883
2555112
1529763
2399033
1102144
2131813
2705258
3061405
1849580
1836136
4329889
2802324
1477910
1755730
3075536
2239890
667857
204536
2134823
1056202
2468865
707802
673086
1649528
3353491
667216
1921069
48416
2733839
1579854
2551517
3890672
2150733
3081743
1356795
969686
1982645
2689931
1700408
980431
3283012
1745226
3772513
2150737
1962945
316588
1818428
994495
3232901
2067859
1250271
2542106
2475900
65417
2575008
839947
2008748
780914
3050529
1258135
3369714
1558869
277522
1059388
1984889
657519
2906211
1100561
2239445
2565674
2420241
1257663
209276
1888862
4886194
2628166
869286
1801586
1855356
769590
1367148
1781960
1450182
2125723
1612465
1398110
1630902
1574296
1219705
2290441
2129145
2146365
756423
1294898
141669
40017
1115820
1988753
1182462
1180701
759638
2410945
2017880
1033154
1869933
2078195
1258579
1677854
3089375
977770
1679794
2185106
1264972
2786980
4576496
2167038
1541347
900957
2099567
1721284
1801873
380646
741870
1853800
3854229
1878931
1220272
893739
1702581
3690388
1864795
2121017
1973805
16266
1313431
1287292
1433024
3244647
1215688
1669721
2425235
1872563
2035761
135370
114635
117182
221950
2520164
2156318
2104881
1199955
1388622
2870649
1864175
289275
1226524
937709
1840736
1838426
1358299
792989
4097134
3283681
3182373
1501472
1872989
2389485
2494720
3446204
2719302
3119369
2097898
2265685
1312375
1419243
2483209
2300237
1742625
1869619
2266720
3040921
744673
956270
3220698
1573997
3569579
1219647
2054965
2625175
1814107
3324215
118068
446256
1978196
1102688
1629264
1969122
2654645
2149716
1982146
1033882
2404721
1610994
1289927
667065
176960
1124268
883670
26241
3403124
4287016
1784328
765018
134443
832140
2179629
1419400
902888
679943
1252022
131564
3073983
1468910
2021776
1113332
2512990
152908
3464787
2152793
2287845
2268730
1646845
3583414
1377665
1219310
2803777
2256387
1886839
3020314
727636
3306465
2254470
2560387
1552947
1180037
1566024
1134237
2657705
2449729
2331984
1053520
1587059
2045979
1529756
2781567
3337289
1454085
1137172
1211828
1675842
1975370
1579923
142954
1955829
2395803
1383338
1208919
1709121
1809379
828242
645436
1227359
2022201
2398423
2358133
3041193
1654883
2399903
2650657
2413619
1538480
4033021
1843653
243487
2277236
3057801
3192826
2161305
880761
2245768
1201636
4146401
3187413
2330574
888621
1848919
1059305
1622359
2410264
547598
1609602
1039163
1915426
1501410
1500058
1142884
2162647
2234164
4833604
2802366
1816785
1754266
2641365
4484795
614323
1892764
873832
2210863
1593361
1973466
1728493
3876086
3349095
3655780
1985100
2221441
1534523
2643204
80991
1464221
2485595
729619
1775314
1642962
2118444
3736423
1348658
1730657
2608677
2483625
2152441
2450295
1157868
2318237
1487213
1925029
1613687
2583616
412288
1021579
1112356
4221918
1541384
871027
1831051
1257217
2254987
2046351
3209630
726289
2830656
1385398
1736333
1180209
1772262
1126915
1059390
315
1030374
2293429
2365714
2554676
1432943
2322418
1382561
1573321
1993380
2553777
2809623
1250652
735356
2653596
2269122
775624
820483
1737885
4303461
1300513
1462224
2144017
2562794
1034421
1662480
2004799
755124
1425809
1077675
1809913
2148623
3718674
591347
1307142
2002605
2252249
3526953
70050
2803688
1456929
1073711
1024480
1773386
966203
1979409
21010
3354073
1852572
2902384
2128030
707204
3420529
2057956
1926750
1657723
1278814
2203212
1429457
1967216
2678437
2811634
422328
1155547
1801973
1768093
2796473
831868
986837
2413749
2065514
1399651
964269
1539450
1681634
602917
3369471
3450779
2874408
1299008
2158670
1977951
2732387
4163794
2155617
295915
3187928
2514739
49101
1527960
2283327
2446006
2048026
757067
1044831
2226722
970048
1007311
831443
1451733
1843575
1817450
3305281
254656
1373950
995563
2482462
1643106
3876716
3246922
1700432
1408449
2921554
1233778
4867167
1121909
1707318
4376532
3019857
1298998
1932597
1787848
2103267
2729836
2842174
2791873
2249551
3713651
1162919
1301354
47359
1431582
1709022
4470922
3370358
2299178
1353936
2852981
2739798
2319009
2186917
4682959
2256378
2276652
1603081
893736
1614054
112201
2329587
919772
2668755
1743443
1075653
1495848
1550984
2057577
867391
2234162
1528368
1941064
1313635
1274573
1783947
861415
2839767
2640882
1030303
679131
1905396
2342187
2376713
1108593
1249183
1137173
2142921
1353480
3547780
1001286
3299402
4664041
2326447
4246671
1131424
3290808
2330438
1639261
1715953
292319
3020246
2017352
3806676
2641580
3385419
2573493
1025210
4058452
1865418
4276057
1528015
1157344
2535899
1714634
721613
1554502
2149131
1740993
3377514
2519700
2399207
787430
553293
1614477
4605491
1636879
1306448
1210089
462700
2543190
35015
3229021
3620693
2331062
1249325
2245707
1781876
3688644
1809151
3912664
2706308
734434
1622044
574165
238766
2457696
2241579
680689
2026941
2084319
4168135
888010
2318887
2760205
2844649
2731892
4798513
3767017
1008998
1399834
1460972
1676851
2479479
254296
1990062
1885531
1616369
2719334
2004588
746296
3217551
3313127
64266
1291481
1150868
1968283
1035086
2269514
1241727
3963274
4295242
1820714
614255
2287891
1859223
1776723
915210
4186244
1245003
3145415
1644000
2063931
1377588
3592622
2246659
3637960
2165744
3604692
1418911
1561819
106965
2413242
815071
1396915
2123284
1082510
2284947
1507125
4610839
2209202
827317
611931
220330
2135493
1777067
3812596
764310
1983406
1231400
2176280
1783010
3070802
894090
2829681
4817853
1828562
2769032
2506721
2267564
1118614
4284415
689804
3438148
1693153
1776148
690461
3980676
4884682
29844
2036467
1409923
1262025
1137448
2046445
1839222
2296022
465548
715044
1679789
1828346
943415
1545707
1304831
2035753
2914646
1241924
1968674
107875
131891
1302583
3783036
1852605
2870806
4636004
1842523
492064
2452860
2987243
1979040
1225022
2194972
514597
296384
1095854
2660294
1385964
1049018
1121616
2586420
2101986
2590119
1828903
777074
3251884
1473301
1186901
3896189
1065821
3591213
3064687
4746348
736215
1768802
3461976
858241
2734059
1398809
2868857
4689249
2152416
3226259
1697643
3023414
326864
1350927
1802638
989244
2360072
929999
3034396
4470172
4294727
2813660
3592328
4480795
4587414
3096363
1594426
2134458
1431540
953586
1076862
1014943
2545604
1243461
3123711
2963216
4403175
2974112
1892253
3229091
2523668
663725
1665638
3499015
4182613
2753891
1694855
2521259
2475474
3500105
1126352
3784597
2840740
1231229
1286241
3294694
4113746
1496766
3967023
1609741
3577374
1954858
1435459
1122874
917062
3233265
4116631
2200806
2677188
1845585
1236211
94944
862088
2781571
4027058
462736
1563135
3578050
2735748
2061192
891757
1995061
1774124
2298473
4713808
1095855
2966682
3643658
3745820
3700995
1627148
3565718
2077273
924414
924759
58064
3152325
3188920
843597
1829131
1534522
1646483
2044338
822765
3567527
2436912
1451703
1599393
4924798
1163521
3614514
930307
4047519
2016168
4048545
404663
4093245
1314987
3578631
1884654
1714637
544419
839569
4322080
1502221
2200841
104229
1297787
1306992
1290916
4243833
1858652
2255524
2495917
511046
4029686
3102206
1040115
983609
2630685
1083052
347360
1412281
1169559
2428358
1629635
2132119
2026790
503262
701254
1275831
2116146
1415582
1732802
433005
1535180
1766943
791274
2941386
Total scores: 1876
Average score: 295275.20
SSH: 24, SH: 207, SS: 3, S: 19, A: 1493, B: 97, C: 16, D: 17
