4742940
4746232
1754777
4704022
1256809
2419085
2944063
4511021
4000950
4975644
2203622
908042
4236616
4641396
675734
4599213
4137259
2126752
4337667
2213673
1860169
2192267
4914436
4064320
3018109
803828
4857997
4033854
4403746
1842043
3665005
4816640
4628575
3966233
1911574
3355394
4859467
1652395
2423981
4050392
3884667
3612055
4276420
3670895
4301431
3010178
4815899
2315560
1899764
3361951
3675267
2902017
980431
4901283
3042164
3056495
1649108
4745770
4230630
3257742
4751016
1582824
4697929
3055878
4277541
4692204
5045143
4974733
4641263
668662
4641390
795627
3301006
1907933
4887064
4248843
3483015
1245659
4852495
1702172
552068
4732555
2204234
1501840
1001682
1942387
4170444
1046339
4166031
1537817
2983479
4933392
1937747
4765046
1228616
2397136
4193498
1935389
1221602
3966697
2520049
2826730
1557181
3945387
3544927
2368758
827488
3102108
4235060
2659369
4861021
1775286
2498021
2143572
3257738
2632230
3816602
1590373
2833172
891867
2819332
2096800
1588369
4688135
1174467
721995
2282103
129891
3963421
2657557
889327
1706583
1165105
4895825
4408537
1352342
3781014
2196829
889319
3972806
4642531
3015347
1817847
3403371
2798282
2646355
1652253
890467
3036835
4947083
957468
3448023
4559264
2545340
1301498
3675154
4170176
1659549
4650294
1811527
2197401
4921686
651744
2492022
4614397
1796420
3932366
1988753
4791394
4920155
767203
1762431
4205311
4877371
1791963
4675950
3875908
2803332
4134579
3928577
5014951
3853713
1911333
4491026
1972186
3718236
942561
741572
4565944
4030961
4839530
2216530
5064279
2394645
4834702
2025942
3863229
2653571
1832259
1898986
4454816
2663988
2330357
2444149
4229597
2790477
909494
2530761
2181064
5026486
4060642
1073967
2003644
2468865
4510148
1937046
3947122
3815421
1063410
894090
2237467
2419262
4250172
1577478
2034983
3521898
2256823
5012130
3665978
812590
3131480
1587703
3214639
4595995
4648692
3716285
4971218
4758850
657509
4331875
331506
4577767
3913374
1582674
3522976
1026729
1990449
3632631
1972662
808848
1575386
930249
4367114
2489792
902721
4586033
3126758
2410947
1372306
2663986
1831261
574471
1503470
343741
2067141
2453671
2581610
746471
1032126
3726990
1100561
1645293
3832347
4000071
2331417
2431373
988793
888305
2606065
3818422
1241370
948389
2047629
790415
4803734
2477065
1257732
2041598
3894714
2318641
1649916
1946507
703905
756508
1631954
4684761
3019026
1822501
2628161
2365443
4487659
1102144
1848803
1681126
267052
3466914
3114295
1121687
4376760
1820840
1808605
1102147
3614081
2473047
962500
4385530
3305396
1822016
690778
1178526
1321542
4860548
4855367
881313
3350975
1752315
1603339
4672206
4889508
4415535
1911572
4000935
1669719
1023086
1701892
2302135
1639177
1128411
1473299
1468912
2587891
2332240
1827323
1695991
4864071
1029562
1820755
2304259
1095893
4834695
2218803
2069610
4274308
2600870
1651290
4324657
1025348
2131813
1949029
2990987
701618
1301658
1962374
386728
734339
902259
2476857
3632720
1132779
1024496
1476606
2982835
3725857
809469
1103212
2530755
2444148
2194234
4905645
5012527
1667530
3984266
1595191
3615659
2717460
555797
3423808
646530
663992
1228840
3980702
2382822
1020110
1018776
1594266
1642274
3298611
3563444
3906726
975163
757823
1869543
4739532
1401254
1763013
4577921
1706834
2014469
4753647
2270763
2642934
2208203
774965
1267222
4851768
4286331
2357806
4572837
4945751
2179768
3338592
2315558
1788240
2305425
897279
2773133
2522331
3632955
2486881
4870969
2120669
1955084
2403946
648339
3877103
1714882
956099
5058114
1917158
2324863
139634
4345544
829336
4479056
2394642
315356
824970
4912298
699471
973744
2096799
1453868
2022202
1504551
1106276
3262137
1939534
2201460
4863124
1097543
3385806
652715
1276141
1467820
3863230
3988746
1860433
4512458
1697183
790048
4520532
2468866
2014470
4851769
1810188
3019025
2195762
1623092
2077849
1241396
4837662
1574296
3852943
1398619
1408381
4426275
1028733
3278793
2336704
1637380
2730593
2025938
4115992
1295194
1351395
3410654
4956752
1258642
1582287
2058902
1588391
62269
1873147
4043514
2025941
4863996
2554443
1207223
244691
795232
2133726
4313217
4167895
1611251
2178087
1626530
637279
1949535
2026805
2850593
2276916
2063622
1964152
2131079
933666
3007920
872520
1849505
2667608
1988748
2948446
1530696
2033294
4507305
3563096
1911335
1059894
951053
399756
2188031
4674313
1128531
884664
2238226
4065924
1849120
1829131
2095147
3564271
1911347
1514898
3920133
3438235
1229956
2702113
1978242
1183543
2258652
991733
4359355
1195081
1483372
3150351
1573320
878721
4112780
805798
2933991
2643264
632523
1901052
2574593
3961544
805797
1805022
2274737
4419203
2340215
4473570
2090745
869222
4388363
4248905
1213586
143014
1033305
5027902
1716732
2918704
2479035
3935558
2069841
1600415
1755497
1033154
4857995
2201553
3049073
3116141
2847847
1762724
96055
4833888
3119805
1656971
1052899
1930404
2414453
3882869
1474795
712071
2444527
1963713
3074941
2393325
1925405
1972842
2689746
1595303
1573638
2579626
2422755
3495356
1403240
735272
851614
2044368
1450027
3299843
816453
3390576
3327811
1865077
1701404
4709633
1071754
1279490
718679
2522352
1082245
4168200
1264367
1098329
1207540
638493
1373093
1797549
4609558
4734310
2488400
1934101
2028695
2392113
4570162
4684213
1974367
827803
983680
2479386
3121104
1296925
4872483
725198
345099
945096
338682
3168330
1255495
2323413
4592566
1712377
4094389
1443674
1607406
4905934
3646995
1580208
1400686
1885462
418762
3770735
1175254
1661885
3471324
4393710
1848732
658127
2183206
2381026
2287401
2231706
3120316
4036012
1977528
1962198
1649990
1931138
2471173
2755127
4959880
764441
3637091
1164369
4905646
252238
2121051
1795805
1299081
116128
1183799
4452324
3239319
3895775
1972480
3323667
2342557
1689076
1278814
1675834
1653751
2622401
2512368
4800816
2187003
2976684
169639
2622976
2378562
4568096
1952168
1853004
1797544
4911314
2584895
3658335
2904484
1675842
816734
808849
1783947
4836716
2750752
1790104
1573762
2616981
1621175
756448
1981688
142588
4676003
3965520
128718
5110801
1911346
1797557
1474956
4704307
1633050
688200
4574913
1059388
948431
4415584
3302876
1975299
2628162
3424921
676172
2580333
2822288
1161150
222278
1414507
1868583
930498
1982762
2212453
1572198
2685873
1284595
3872152
1120682
1872396
1032103
1081936
2616983
2044364
722968
1649989
2522366
1534639
3300573
1136506
2404778
2095871
1988750
2328396
2222070
246957
1625426
1762429
2803005
3014022
4513736
320127
1762730
1129784
2628774
2245777
1246395
3002401
2196278
709075
1676639
1635124
956103
4637584
1556336
1252078
1411464
2173718
3400285
2200001
117433
1669955
1804393
1619562
4867578
1987964
3550923
340284
4761696
3717503
1762728
857477
3737725
1727980
1263997
1714833
3533337
2060302
3781987
2393324
3895710
1970401
973278
4731297
2060955
1030374
2998904
2161926
413141
328472
820480
1421312
2176307
1474946
699318
1419681
1750461
2025393
4724034
2245766
2624926
1810299
4853247
1093352
540798
4264036
2616989
3228500
3586535
1219094
889322
1153255
4834692
1352360
553034
1065863
2466406
873389
2726492
4187053
1982451
824891
1537566
2728174
1971795
1962747
2188088
1129535
1070639
1245365
1402392
572051
1350552
786021
1232440
329967
2340214
907200
788088
1744385
1060683
2555568
885136
1619555
1911078
1384073
778603
4397068
1487821
2007735
814293
3327070
753001
3178849
4143027
1852860
1823164
1148238
1633753
2480902
4431252
3669820
1177269
2245768
1462180
2747883
4266638
2161155
358160
2201576
1262433
1343792
1848919
1765085
1170505
3059231
3122808
4001452
4534445
2588639
3965013
2237466
3705535
894471
1127615
701005
1102145
1547955
1264070
131564
1148148
3404584
1843653
2410945
599979
1593264
252000
2512371
3377955
1264343
3920033
1941572
2121230
1593298
2152441
1018238
1860435
325950
1596706
677938
1516896
3967160
4850146
3832960
1495848
2031676
514516
1958895
1683706
2258242
1494944
813198
3851850
3053326
3333070
1834672
1623285
4356772
4749569
2586467
2372825
240488
1752439
150238
2040851
1411983
876708
1962416
2993974
2667783
3008156
4339545
1769144
1213767
863999
3357329
4705585
1046830
1489625
1255391
1545686
1690355
4057685
2530754
1477261
2280822
405716
803704
820737
2200064
958423
1501843
3459230
1390195
3267809
4761695
1020458
1884781
1280237
3672326
2158925
1827146
2245772
756065
845391
2152484
1639936
2674634
1536687
970331
1253654
1159687
1076701
4933637
1269573
1849718
2648929
1764227
1968445
1351114
2522355
954108
444565
514518
892780
2271240
3432491
2020477
2274992
1298486
674125
1047758
1496486
1846226
2841350
1699930
1841483
853166
1434539
1973927
2246465
4852956
670743
2166045
953586
2445438
1621068
1619564
1854588
1879797
932162
1121245
761231
1854139
1262434
2887509
1450274
860107
1392439
1928680
2308904
1905654
589671
1587909
1572367
1125784
1271007
987514
1474944
2797403
996397
2867112
1256136
1675841
3862399
3862457
2863215
3158094
2509341
407314
532664
3682177
3406403
1480394
611011
4068538
1411985
672100
689775
1824685
1262832
1667532
1114754
4528432
2335100
1639114
2178147
1536688
1938321
521458
4445719
4913822
3768948
1938323
4036856
2117515
3122809
1942812
2382179
647685
1959169
1257060
2966753
1816061
3945388
675840
1919312
4518564
2274013
3385230
4893412
1632339
1571309
2185824
1630565
817226
2266013
2161929
1707113
1029255
1028396
2796473
1115984
5052424
713935
1408029
4852493
4297056
2101790
1979344
1744644
184401
1694501
2410948
3844651
4706077
4929459
3031797
1271985
1315116
3378294
3962298
1080851
1867520
1983663
983692
1106131
2937261
972658
2223144
2064681
4877370
1736323
2020676
850263
794985
1425512
760488
718156
930497
1968836
672564
3568572
3648583
1765853
1414456
4637591
493373
715074
1573280
3841241
861415
1632362
763213
3014649
681663
828243
2580222
279140
2112907
1252711
4778977
1896447
960985
3127075
817174
1971822
652660
4065819
4227542
1289982
1508196
1881837
2195342
1770197
1183258
2587024
1730868
2586235
3455240
4475450
733753
5019869
616929
459845
1461469
1129193
165439
4372620
3928106
661243
4704234
1860938
1562306
977770
2703521
1989330
3435073
2064450
4623482
1512177
1782778
2596292
1618411
1281864
2082843
3873669
2113247
2907762
1589540
1432041
3568573
742575
2535452
4011663
3781668
2245860
1003944
4929709
1570183
4681476
1053519
3647151
2120917
855762
4849082
397299
831705
1027065
1346729
1857519
2606405
4004266
4835258
2011144
1946909
4222805
2193339
3604416
2628691
1657639
1822903
1410815
1005548
4133852
1129139
4893706
1165064
990862
4630419
2225736
2872154
1100327
1628503
1025551
2034057
3153134
1775699
4303739
4494271
1099936
1630299
1157868
3958400
1424854
2075704
1652172
4550984
2473045
5062277
2085476
3053145
673522
915154
5039329
4803733
1532186
3069102
1078552
1672408
308462
1289001
712376
935912
2121317
917129
1936713
1776020
2201876
1062210
672594
1465531
564037
3855156
2638888
2760593
2280910
1623220
850964
4055034
4921665
3210497
1536685
2311452
1657695
1490581
1278251
4947080
2184542
1041551
1964153
1869933
3213722
4915278
2088910
3579281
1183256
1554502
2596586
1847499
1685245
3329210
1053520
1204162
4466537
2659368
1762981
554935
796606
5100181
3954817
1717459
1797542
2938751
2439850
673086
1843589
2184544
4893638
2654458
4651030
4756875
3582596
1562151
1205029
1572134
2557665
1283324
2512374
3468147
2067454
3761923
1056207
4050390
1660602
4641395
205618
1058754
2419834
1915794
1519753
2123908
3993330
764560
2942664
3751526
1210405
1764226
961695
4354326
677126
3852942
1749322
794670
1477910
674234
3623520
1073071
1860434
743688
1765854
1515003
1146399
1566017
4883682
3613084
2995221
2060305
3721153
958176
2587040
4577577
4844447
1436435
5029247
3527367
2324859
674349
3959992
2812676
3071981
4703622
1125647
1657612
1177723
949029
1729116
703657
2298847
4874181
1630100
2333933
3234302
3088855
2648459
2681192
2112896
1223916
1849580
4937482
1385396
2197040
2279617
2039119
4010812
2477261
2303902
1899511
2231774
4577927
1997307
4919463
633519
3112747
2480928
4022575
1829038
2512372
2937543
2530955
1130622
1725588
4862345
2042322
851811
3532340
888015
3939649
1663107
4277533
2950921
533357
2839813
2587026
941476
2066867
3923537
2206599
4867579
2274002
1700561
1086985
847314
1518701
3452950
1182474
664388
1115737
2476161
2198494
2837544
1120184
896843
3063871
902888
1365161
1994992
3658332
3630575
804164
3502921
1846237
1642605
1450423
1094888
2049457
2899197
3320563
4833586
3211577
4637546
1742483
2339004
1031991
2484994
736729
2522353
1726994
688942
1728720
3045279
798856
1828340
1458199
4968054
875945
1907310
2546607
850252
2839123
2169502
2370278
4872638
1690356
3297551
2579405
3651962
1158325
1970829
4722420
1487213
932141
1385399
837694
4879629
2170386
4696034
1758255
1902624
2423610
4921970
1071242
2820386
2512375
2195737
4412087
2095869
4310045
1105014
2285696
739212
1385397
1934098
532459
4310522
1682101
3715625
2417486
1613466
539909
3933678
1518608
1683307
1397263
1640330
1793118
283509
2017880
1366191
2802630
1318244
2413216
1847502
4347206
1800249
1111493
2464761
1610022
853167
1178810
4320431
3394644
2083422
3253646
1467902
1199955
4247538
1554602
4501370
3149839
1626537
1925409
4354013
851255
794750
1573008
4642783
3320987
2228961
3962022
933875
765018
4374648
2545971
2530752
3554008
2267030
290581
4898204
2593620
956502
1474947
1889804
1949715
4148965
1796418
1839044
3416138
820619
4801995
2069605
1054056
1573321
1210660
3048810
2022204
2588365
2153557
788467
4288485
4445421
4209395
954692
1869937
1294192
3493583
1950964
1261280
1555610
3395011
4691035
1759814
1200272
663973
1647382
2294521
2112902
3607499
4904114
2772367
1836593
3746239
972691
715013
631413
2365752
2046653
724015
1869619
4567074
3145816
2797932
191805
1418230
3627857
2679218
888010
308352
2082447
1969122
1623025
949233
1881840
2067098
4421836
3554007
2160917
1705647
4031445
843155
3211124
1628222
784369
1770626
1053810
1586059
4916484
2435130
2249059
2522580
2410949
118068
1805979
1681105
714506
1635388
1768904
2691949
3862207
4432586
3039531
1964460
1948378
878379
1700568
4863998
2428357
996109
509510
2561517
3762927
4585097
644971
890190
4527184
166116
4708806
2225737
1828339
3215934
3515297
2237465
1294882
1376543
2235779
3434277
1799197
1371599
2628165
2593923
3814837
2069999
4853246
2428358
1659530
837877
4638086
3645144
1678715
2368880
3716484
2659724
2628166
941044
2120935
1473301
1783968
4922629
1065000
1936782
1544643
2838621
4832133
874975
4442106
764472
2223134
2045979
5048960
2530762
1103865
1509693
1819801
2689510
1770621
5110807
2022718
3057029
1770619
2023927
3614398
2044366
1564294
817929
2077126
3157180
2098897
592367
1566634
1520991
2599514
3088775
1264763
2549401
3982122
1990348
1003631
974662
948032
2750570
633375
1828341
1255789
1722406
1086057
1642169
4677114
1871842
1518125
3733940
2369304
4885547
915210
1635233
2363005
3849893
2298047
1270000
1211828
478148
2684029
1466008
1655981
975588
1854022
692670
4751008
4859315
994495
3007202
3018924
4577913
1398002
3221529
2923026
4922800
3961274
3932583
1093455
1705607
875761
946082
2044362
4125819
1981142
326864
612045
2946220
1564849
2655079
1461877
3473962
4972148
1892257
1827558
3334163
939072
829921
2462356
3088767
932432
2105804
1738018
1594774
2836433
1644737
3392673
1714350
2653596
1313029
3463600
4861014
1910096
1640362
2549327
2466513
2078195
221777
2935781
2567738
2054334
1983122
1524357
2060211
2829777
3271290
2112898
5041598
1066243
1636104
1971660
2695411
1875396
2077354
970163
4791385
1350927
4213424
3980889
2480927
3906482
4653060
2979808
1879801
1899894
2665294
2197593
1913605
2894747
4747925
1183255
2597236
3621661
1287292
97416
3494038
2479531
2574090
126645
1328177
3842610
1974409
2272898
1181761
1782243
1209189
1636195
1945555
3448524
2233205
4071674
4791387
1605598
2331984
941270
1009456
1776628
2906125
2747884
1162425
2583506
2740312
1780800
3034485
1648053
2675575
3278791
2684033
3930006
930307
3256946
3708437
3488032
1530057
786636
1158434
4635925
2679372
957971
2697174
2792203
1760666
3740999
1073277
1247226
3045622
1944926
1302567
1733305
4198110
1718671
4232192
1064909
2117268
1922277
2269544
2534559
901854
2450295
1714634
3679246
2730292
2073335
1586945
1778560
2173926
1111047
3963430
1608726
831241
4630407
966203
1838383
970078
958038
1849433
1956730
882916
2606069
4074898
1218337
1564521
3328031
1226524
2535899
1947084
2240526
1148905
2702294
1899714
1983406
929999
3902488
3465695
2829681
1512820
1163521
2330438
1655167
1451282
927754
3077974
4110420
4392030
3912664
2252249
828242
1191920
4646545
1126915
2351580
1591892
3104522
106965
1409923
1565265
2063931
663725
382930
1995061
Total scores: 2083
Average score: 241221.83
SSH: 9, SH: 137, SS: 0, S: 0, A: 1824, B: 104, C: 8, D: 1
