4791385
1860169
4630407
4876550
2111505
1890412
4628575
1754777
3647151
1582287
2322888
2995944
2675575
2632230
2204234
4905829
1886839
1895604
4791387
2628955
4419660
3884667
4855807
2828520
2546607
2993974
2593620
2026805
1083470
1911574
1241370
2428358
1895606
1838426
3623520
2335100
1069949
3551549
2628691
2839813
1476606
1912276
2188031
1044728
2274013
1860433
1255495
1852572
2419085
2484994
1256809
1621319
2445438
4143861
1725588
2935781
2629595
2315558
2350478
2338610
1024480
3746239
4862037
2178147
2466406
1768904
3036835
4784320
1770623
2480902
3963421
2572295
2663986
1199955
2246465
2679932
2164997
2593619
1718671
806325
3042164
2437233
2164274
1936782
2404778
4415585
2520049
1610746
2368880
2731892
2389623
3726990
1736571
1857519
2330482
2025942
3128003
1836484
1946507
804164
2974590
2964230
2615210
2185824
1895602
1385398
2826730
1537817
953586
1788628
1769144
1827558
3552839
4444067
1610745
4415584
2077126
2791233
2282103
1793625
3071981
808848
4618179
795627
905800
2609731
2467910
949029
2726492
1972480
2237466
2468866
2681192
1989203
3018109
2610039
1586059
1922277
2459413
2624331
2461085
902259
2034057
4350927
1594266
1893461
2659368
2360153
3956011
1142669
1990449
2330357
1899511
869222
1968445
2212453
2287401
2406461
2078961
1125406
735272
4684351
1947968
1952177
1988911
1905654
2410947
2201460
1551135
2518845
855762
901854
1637380
1949106
1983406
2195530
795810
1736329
1893432
2444149
1935389
970331
2304622
696225
2410948
1651290
1816243
1829925
2983479
2240526
2201553
1570203
2522580
1573320
2060305
4914437
1401254
2596018
2250747
1649064
2034983
2394642
827488
1977528
1970829
1246395
1786958
4657052
2245772
1656727
1487821
1843589
1843653
412288
2813781
3954641
1816113
2166311
3873445
1055147
1695382
745360
2397136
889327
1596706
2044366
2059455
2465106
1607736
1848803
1903809
2690223
4605491
4111778
2004799
1481747
1580814
2021776
4689249
2047629
1029255
4803734
1046339
3408258
2564395
2485438
1796420
3301339
676172
1843607
1713939
1128531
690982
1385397
2518847
1783968
1988753
4829677
2365752
4425879
1086431
1858799
1843593
2216530
3970329
4822475
4834960
2033294
1875396
1251181
3752975
2530810
1968836
1968283
1844417
683970
1259798
2197486
1100327
1262434
2677019
1926434
1217417
1726994
3057801
2222070
2102292
1925405
1636104
2428357
2371236
2485565
2779000
2200001
1473299
2530755
1377588
2245766
1848919
3637802
3928577
858271
1600415
1820921
644971
2565986
1898518
1252711
2546306
1882794
2596015
1828400
3665005
2081844
2014469
4054201
1473301
1902624
1108593
2444148
2603107
2026320
2562794
1746902
853625
1053520
2586235
1989332
2860521
2964221
2774742
2660646
3632631
2874408
1655981
1973410
2118444
881123
2824441
1969005
1759814
1312156
2631277
3410653
3853713
2615748
2742959
2231831
622407
1720423
969681
1026666
1534523
3844651
2227344
1627148
1172819
1611276
2521210
252238
2118440
1783812
2569254
930249
2245777
1141858
2815870
1556336
878369
1627157
1018247
2464479
1639177
2112902
2709349
1730889
2861378
2045979
2394645
1157868
1659421
1919344
1402392
2388297
2238336
1370029
816600
2179560
1010596
2249059
2863658
1003944
1810150
2570594
2625911
2149819
2247825
2328679
1892257
1091249
1595191
2225737
1001682
1706834
2022204
1313431
3919008
2269172
843155
1344602
3747453
471257
1978495
2587891
1911308
2343932
4462023
1100561
876708
2300083
1306992
3021295
2829376
1454845
1861434
1817320
1752315
1925194
1649842
724015
1181761
2058788
2964222
2447121
794670
2194972
1619555
1582674
2640500
2239445
1131424
2360152
1578009
1932649
1894345
1973361
3232952
433005
1943046
2030431
861164
4900284
2611482
2493793
1558876
3881559
2208203
2360637
1909555
1484776
1806803
734339
1501472
3385971
807074
1672165
1644535
1760666
83975
2060211
1911333
2479219
3725129
1983358
2237467
1986811
1185036
2233275
1535588
770576
2706393
1932923
2344578
2102287
1419243
1220498
812590
1843595
2565674
4614397
1626537
1871842
1624963
1804553
2245860
3601629
2406465
1514256
620789
2129143
1971822
979155
2168768
221777
2022201
2245768
994495
1554502
2919845
1341646
1124488
1899100
1313029
814293
1650477
638493
140665
2469345
1969637
47152
1029307
2008748
1837308
1851299
1972601
888383
894744
161787
2050696
1815397
1528015
3030766
2069833
774965
737100
1419403
257793
1045757
2222862
2659911
2327792
2017880
2049467
2233760
1219148
3509524
2298847
746471
1675837
652234
2077121
703584
1902818
2069999
2325387
1597247
1026729
714001
1396152
1898522
1997307
1763013
762207
2376185
1602802
2820225
1301354
1450273
1003565
1969946
929905
1468467
2948845
1537566
2060302
1828346
865344
2323911
1985735
1797542
1988748
2874944
2740179
52862
2235465
1911335
2609733
2022718
3877400
2267564
4415495
2237465
3217116
3756074
722224
633993
1941208
3745820
1869933
1997892
1749322
2245774
1632673
1640362
4327326
2462356
1623025
117580
2099567
1179007
1074806
1895607
2281045
1075653
2082447
2654458
4128717
2233205
1351114
2547378
2443190
4817853
888621
1893431
2883760
1400414
1515526
2025938
3238236
1126915
1115737
1039164
1121504
2522366
3242187
820481
1791443
1321542
812161
2020385
1736327
1569153
1897567
1373950
1623285
2512990
2150737
561335
4337667
1827323
164020
2669883
2409643
335041
1177545
2321904
1626530
2606880
1702903
2475402
1028733
1119026
1514898
2211017
203906
1255789
1307320
1546425
1810154
2988681
1612465
2282067
2778999
1621068
1797548
3207042
677938
2353869
736215
1406907
1174467
1509460
4861771
1031991
1450182
3782929
2993246
1373482
2786088
2583506
776951
1849505
3635192
2550944
4881796
1571309
2514739
572051
2719334
1979409
2199470
1454085
4881932
2574880
1068383
2992705
1799197
2328042
960875
1932924
711758
2132924
574471
1746840
1962182
1715917
2189162
133938
905745
2022202
432839
555797
1579673
1778560
2679663
2218881
4074809
764082
1708595
2037502
1021579
1358921
1649528
2422494
2150733
845391
1129193
3626588
777074
966203
679131
1033002
1785659
2580634
1102144
2328751
111680
1396915
1693956
3606457
2245783
1602803
949011
738980
2512991
2844963
1289927
2252249
1690355
664265
4682959
2231706
1007522
4872636
929999
1474956
1675844
3750028
801303
3081743
1897577
1296370
385544
1720903
1354319
4641389
3403124
1574314
1262832
1675833
1630299
4134856
367175
211697
129875
1836274
1383825
3127889
1782215
789718
3675450
2995539
2084629
3152587
1762724
910147
2753990
4775989
1714637
933875
1977951
847314
623699
2101986
1977950
1949715
2097898
345189
725718
2030843
1620144
978026
3572698
2231774
3223452
771496
1623093
1474795
3276769
2837737
970048
1527747
2242173
1783725
1869619
2125723
1436138
1962945
1477910
2654506
3081319
2338623
995563
1294402
2089680
4546554
1992711
1380717
2786980
4393036
756423
3592622
3926567
1676342
2658147
3977190
4561901
1955170
1141084
1988907
3256129
1500990
1911346
1569904
1097543
918391
839569
106965
2514777
669496
3238282
2064453
1836593
378126
1949561
2519704
1332018
1936713
1351585
1847499
4763416
1432041
2924872
1744194
897279
988726
72585
764472
2458212
821691
1619564
2505956
1783813
3877128
887621
3041193
3323078
1226524
422328
1032126
727637
196977
2467121
1838427
3440631
3137322
2102289
660593
983680
3217551
3309764
1973474
1849580
1724319
2156323
3085497
3199701
1240783
968220
4097134
4049612
1245760
4368642
730865
2332178
2037761
875945
1878429
2240223
4529671
1813910
1828556
2183368
2338619
851811
3382326
1408519
131564
2161305
3140221
1155547
2025941
1474946
2013012
931698
1172150
172662
1859185
3333745
1481624
4576496
2094601
4893839
2127114
3135149
1229705
3536137
2004269
3371379
1982146
2044362
2759110
1118311
3110728
2769844
1613687
1112521
1592917
3912664
1675839
3591213
1071416
4480795
2226722
453042
1396342
1646193
1670874
1765081
1784600
1405991
1137173
1849120
945157
1810372
4485821
2333514
1706210
2116804
2226486
657519
2410945
3569579
1768797
857624
1754266
2851929
1529763
1594009
1705675
1838165
1643386
1412805
3939765
1934828
4341639
2185651
3447527
2365714
1603081
2256387
3910307
4867167
966034
1103732
4594762
1299008
3760479
2482032
1898523
1494828
1849273
1572198
2817542
828243
1489207
3928916
3583839
922748
1166895
2918249
869286
1557181
2036903
1565884
1919312
890190
2112908
3529084
1231420
1181268
1758874
1531044
1771656
1889232
1796164
1579923
3899780
1366190
1263789
71080
1270000
1162425
1926301
1954858
791274
1405981
1817228
2809623
2739798
1853276
4705585
4881614
1686499
1142643
2947606
1385941
47359
3020314
966243
1872563
1120405
2118443
1027692
648081
1350927
1307291
1592916
2048477
894090
1353828
1915794
1687642
3313127
3286201
899732
2395803
1563134
789765
129891
899942
1114721
107410
2129145
4895643
1227359
1128411
4221918
1492011
1758872
722238
1885816
1509693
3980686
1258642
2409230
2254470
1092234
1180037
2664447
1509639
1764213
3443974
1810188
1988434
1528842
2522353
4757454
550235
1762729
2108648
2981274
2121051
1180926
178966
784369
2719462
1201369
828242
3119369
655679
3172679
728870
1107970
2204927
3736423
3322364
2090844
3873015
2742960
1507125
2719326
48416
2555112
1376901
1762730
3474651
1690353
1331610
1302567
1292113
3399989
3650854
1137879
978213
1211828
2069841
40034
2631638
2210863
1762727
3257738
2316176
235880
1573762
2423593
1529756
1521299
816327
1709121
1570183
1639736
2008402
1351956
1186227
1158221
1595156
2128030
3078494
2123284
1657952
104229
1632362
1691089
3034396
1185260
651744
734434
1740944
1809151
318950
3118383
1679667
2699222
2760205
1805627
2153557
1991349
933228
1180151
701254
5062269
1787848
2925728
4636004
3557474
2545234
1605598
1609772
2067473
2824646
591347
1662480
525278
959426
1181061
146957
2364768
683409
553189
40017
1589834
1290691
1479927
391228
1507079
1639738
1019311
823257
2240055
1476582
724832
2955802
1297787
4393670
3526953
1736333
2125391
3337289
1691086
1064336
4812710
462736
3614063
2844649
2135493
1312375
2271054
1492654
1686503
1492008
1822957
2223077
1289705
2380030
1596083
2963126
3889455
1178526
919196
3145600
1009530
4255312
116128
1294709
784791
824970
2141086
1495848
2245771
1687640
492948
1483372
2854062
658127
1822108
161902
73699
1796418
2625940
1906336
1041682
2709014
2186917
713442
315
3332588
142954
1762728
1643106
1053130
1943749
2420819
1612453
2227546
58970
1844019
3798824
1776976
1288857
1846226
1415466
1278814
1150868
2842174
1736332
1645698
1341959
1861487
715044
1033882
722909
1157344
318340
1257580
2231816
66246
1758873
1100071
889632
2296022
4303461
942356
1529761
131891
74207
2589292
3301849
2096523
18170
1675830
3613647
1065884
1071424
256027
3963274
978877
869197
7715
1595667
1138154
1942546
1553251
1584907
1686505
2113992
2347052
1285526
1208919
4140323
1474888
932223
1762733
1944844
821785
2160917
1385396
2553777
1522511
3690388
831241
1289657
3708456
1872396
2870806
1642169
107875
995533
1808605
2317127
1563135
3050529
635679
1529189
1201636
1343515
1595157
1596240
2579876
1385399
58064
2573493
2887070
3977444
49101
1818428
2077273
1675843
1324380
1643270
3697682
3977191
3975990
858241
3257742
4810017
1289606
28065
3461976
679242
1691982
37011
67620
800930
3078495
2911715
574165
915210
2034654
3666019
1917082
776594
1154509
1290690
1034190
940378
27737
369349
74057
1691087
2149131
1687641
1686506
2253531
958038
2334952
1593723
1679789
489249
21010
1015266
481685
1046830
342075
2735748
767774
1291373
917176
3604692
1289863
1595256
2827368
1950290
2668755
1583483
3023414
326864
1743443
83140
2177340
1330055
1593901
1385400
2479479
930497
1162919
716020
2446847
1180149
2202603
1640330
29844
1636879
17917
1056202
1031604
698948
2534559
2142744
827803
800535
1692218
2523668
87570
4168135
614323
3064687
16266
2048026
2344572
19467
3420529
1642274
2075704
1398809
698529
3816334
1933528
1092090
3700995
44366
1288860
1870068
2732387
1186901
870707
1714634
79200
1675831
2118540
2494720
3152325
468186
1369375
1135904
3801848
952515
2479386
637477
1353480
1482543
1083052
3773772
3614514
1961024
1474947
172617
2024692
671413
1218337
1134237
1838662
2282183
80914
2557466
1588369
3037642
2870649
2179472
1083583
2436509
7714
3446204
1231072
341
914220
1668949
1592915
129847
965040
1771655
1483946
24023
1758875
1785329
1770496
4746
999944
927487
2521259
1771659
1289183
3096363
670894
4587414
4884682
1399651
3034391
2046445
1484540
2702113
2101630
1674139
1286241
927754
720314
2217293
1289107
1289755
538273
3564083
453122
1289704
1219705
979208
1686507
869310
3499015
4376532
1408449
1656000
1289864
4713808
1944412
1805910
2042429
1480366
1829131
1515487
3577374
1006822
2968602
1768802
35015
679779
4116631
1009456
2066867
1142884
1952051
755124
2567560
3070802
1692260
2722655
2084862
1681634
3153084
2459903
924414
924759
2568256
753014
1524103
999720
1737662
1296085
718156
1689294
4772678
741477
1243461
4027058
3226259
1415526
1095854
753010
1688424
151229
1502221
3307169
663725
1289605
3358972
1774124
1431540
2324154
862338
1290342
1609620
511046
719594
2436912
4243833
800730
3247754
1291267
690461
1327000
897024
1855356
2321257
1289899
4833831
862088
Total scores: 1645
Average score: 254385.42
SSH: 47, SH: 301, SS: 14, S: 123, A: 1068, B: 71, C: 16, D: 5
