1808605
2382377
3854743
1990718
1949106
1064976
1860169
2228387
4443814
2708949
3416615
1940633
3648544
3946158
4187053
1866087
3361951
3624005
4742940
1582287
2100822
1241370
4641395
3295903
2079597
2141888
1754777
2294912
3684530
1714882
4270838
3647082
4298765
3866017
3773248
3167072
658127
2437233
2632230
1849580
3548649
2659368
3322613
3468687
1681360
3432407
3623807
3415931
1205876
2707826
2111505
1736571
1890412
869222
2514803
2573914
1083470
2935781
1943817
2126752
2637738
4177434
1737899
2256823
3056834
3142746
2323911
1889232
2979808
4459415
1919312
2204234
2510998
1537566
1895604
3713033
1816243
3210177
2069841
757003
1828346
3892050
2596314
1200520
2360394
4064320
3131107
2663986
917129
1498618
1997892
2077119
1489207
4748878
156352
1676639
1621319
364532
2469345
4305957
1642274
2863215
3557924
4000950
3071981
1655981
2675575
3466914
1583147
3133842
1811527
1911572
4641389
3551549
675734
774965
1872396
1256809
1514256
2315558
1804553
3837137
3624004
1097891
2164733
3699058
1069949
2287401
1554502
1911574
3523496
2872154
1952042
1529189
2097898
1977528
2164997
1571309
1129193
1989203
1537817
4684761
2209202
2593619
2486881
1028733
657917
2297417
1082260
2801428
3884667
2477243
898597
1649064
2058788
3083836
3385966
1652983
795627
2077126
888015
966920
3310074
1778560
2097426
3963090
1494828
2330482
2245529
1911308
3885119
1044728
3309138
2282512
3601629
104229
2059822
1746492
3618502
1852572
1869933
2020385
1937075
1494312
880496
890190
687303
1001682
3849893
908042
3847754
949029
1969946
2197401
3206402
1893432
2185824
4181770
2026805
1258642
1867520
369349
1990449
1918978
1955170
1718152
1659421
1892257
4302219
1845874
718156
3956011
1899011
3700073
2245774
1845585
2022204
1244293
3433046
3690510
2502643
2610039
1123155
2608130
1619555
1816113
4403746
1221602
2759787
1863992
1815397
3030240
806325
4092600
1811722
3286051
722844
3385971
958098
2815315
1588369
1997307
2813781
1843589
2419085
2496720
509510
1475620
1649062
633993
1131135
1476606
3018109
3671976
4070109
4614397
3704352
2097882
2681192
1125406
905550
704360
2540399
2398590
1200757
2404778
1377957
1127798
1695382
1329273
1822108
703794
2874408
1742483
646713
3986984
3895775
894090
745360
790415
3655971
771858
4776780
2496721
2173528
2025393
2319171
4163988
2316176
1103903
370440
1671813
3128003
2088427
1983406
1771619
985141
1369375
989244
803964
2565986
3909739
1385398
2622787
2315560
2249059
3708195
1918015
690982
2354761
683409
1570203
1795805
804164
1603635
2596018
1419243
2005307
2350478
1159687
3328576
1640253
3906726
894744
960875
1695991
1984886
845378
2836353
1706834
1760666
2336704
2648218
1031991
4343206
1861487
4253784
2744798
1943046
2352279
3692895
1573320
720314
1726994
839947
1251181
999944
1128411
1263085
1632562
1343292
2069999
2677494
2543043
2069833
2039845
1572868
2226722
784369
1736329
1843653
962194
2964230
2035291
2171360
2237357
718679
2372903
1600415
997365
1706210
855762
1029562
1861094
915210
555797
4675673
1768240
2034983
2107519
2128030
1112356
2266013
3493583
2929327
129891
1141858
2964222
1784600
2223893
725718
1749322
807074
3641902
2655355
3126710
2225036
3928577
1912276
3669201
1307291
47152
3647431
1181761
3851983
2204720
2791233
2231774
433005
818304
974352
2556049
969681
4131605
602547
1915798
980638
1649842
1556336
2025942
2410948
1091973
1148303
2345714
902259
2518847
1157868
4232026
1024742
1869406
1528842
878369
351752
736214
1354319
1702903
1402392
1270410
2372825
1169773
1464254
1115622
4557237
1828342
1696465
1968445
1848803
2034654
2763312
808848
4228210
1343703
1165105
2129143
1229705
1528015
3844651
790048
3299312
1617365
1992818
2553242
1972467
1722890
1389135
2083422
1010596
2509341
1432943
1778453
2441909
1595191
2368758
1872812
4607972
975036
4318971
2824441
1385397
2239445
2496646
4082234
3322016
2249401
1844417
2964438
1843593
1462886
4127421
858271
2162628
1826438
2443190
1895603
2168220
1895607
2168768
252238
680394
2503284
1099936
4762173
1218337
4638742
966243
2596015
589671
2034057
1166895
930249
1993380
3151979
4751287
1397263
2495792
1351114
2164274
2445272
3659057
4336978
759823
2211018
1696290
877625
2326754
1400414
736215
2624331
281632
696225
1172819
797018
1484776
893739
2188031
2380030
1380717
172662
2335982
3484856
1217417
1646193
2937933
1402367
1353480
2058087
1148238
3645144
1551135
2502889
2530810
1608832
1120184
1500621
1952177
768307
1828339
2564428
4552675
1170505
2078661
1383825
2925076
3628459
638551
1685500
3428216
1973474
789765
1860806
857624
1370029
1645523
53554
1026666
1414762
1439403
1846898
1590373
2306594
780914
1828400
1729283
2373569
764082
1700275
1201636
1193476
2173718
1909553
2112992
4160232
126645
2199220
3066331
2146365
2943265
1165959
948389
1969005
276451
657916
1086267
1612454
1343792
651155
164020
1558876
1644535
2245777
2308666
2719427
1918979
2022202
3970526
2124531
2235465
1474956
221777
611931
1133984
345189
2581428
2082447
979155
2810965
839711
786018
2365752
3315396
2095314
3589082
2274874
933875
1992711
1518125
1895602
222278
1529839
2518845
1569153
959233
641387
3238447
1763013
554401
1199955
1986498
1121504
2211017
1235495
1219148
1626537
2165271
2467121
1988753
3078415
1296610
734339
1926301
552068
140665
335041
4769662
2095311
2295253
2025205
1406907
1805022
949011
1046830
1601387
828242
66820
1509693
512000
1962182
1104057
966203
2988681
1720423
1101073
1476582
2388297
839569
2014469
1897577
2180369
869240
4754217
2964434
2259800
3654660
3267170
1302567
4404049
775624
2106248
2131333
2388298
2589997
2328680
817623
3978313
711758
646530
1210660
1029307
386760
1717648
1007522
2516329
1451025
574471
2615748
1274573
4641390
2036340
570965
721158
1843595
786980
172612
1558872
2333933
1925194
744672
2149131
95583
1891025
4225823
727204
1829658
3997772
1596706
1407152
4215762
1860433
2549533
2132924
2241580
1957429
2035761
2039544
660593
4371762
1714350
3542856
3765595
1127541
2785254
2709097
2615210
995407
827488
1843608
2347627
783860
1632673
1228631
1503470
1258579
1438917
1578505
1902624
1473299
256840
1949535
2060305
747855
1124488
1030374
762207
1827558
733772
1554693
1623092
1261191
875945
1897567
870152
2619459
1560476
1102963
2156842
1413257
1224754
1047758
2022718
1351585
2335542
1941208
1474946
422328
3891971
691083
1401861
1897802
2659911
1303897
1569836
1511760
773567
940378
1578009
939072
1907933
2221476
1677967
2778643
1994564
172611
3802259
2964221
1107995
1039511
559673
1469240
828302
847314
1245365
2092400
2048477
1181218
1725782
1169559
735952
1032126
1558869
1879176
816327
2270715
279140
1220839
118226
2044364
3333745
1627148
1004492
1757416
1372586
3097443
1973410
1589931
1109510
3572698
3994593
539909
817929
2269544
2331984
2177340
2245772
1762937
2419371
2054965
1307320
2044368
821691
1794350
1651290
2008748
3325194
755932
1236582
240106
4193382
1828343
3787349
2039543
306018
2004342
2102287
1258138
386759
1543094
1400686
1369610
3983866
943399
1009377
1180753
1482959
1396072
1289534
161787
1093703
2569254
821070
2158783
60743
2318435
967546
1969635
974148
2489378
70998
114635
1970829
256839
1501761
1296370
52398
828243
896753
1021579
2170756
1770970
1656727
2381613
1345365
2025938
841630
131564
945157
1258135
4273475
382887
1886839
3917473
1480395
1413258
1944228
1375578
1610994
1837462
63893
1117758
979405
1927666
853412
1495848
1414456
116169
2123909
1040644
441721
1829038
1514799
2168425
1315468
1836274
2406539
1765587
1546243
152180
900957
1281383
1515487
1681634
1693956
2778999
3206007
2119349
1958594
1642114
2060682
1461469
1906336
507728
308009
1914037
2689931
134621
2099567
2221478
648081
814075
1982162
1611251
869704
1124586
545555
568565
519940
1236211
1805910
952515
127762
2254470
127313
571591
517432
1529756
1039801
3246922
65943
32194
135142
1221423
1529763
1902818
1574314
1321980
1658081
127846
2253531
892853
1883863
2562794
1032374
114716
956270
712522
794779
1530797
1073278
910147
1746722
1262795
649545
1670874
1369207
959426
660248
2446893
2523668
407314
3710758
40017
2048191
2906707
1579923
1862525
1391928
2198640
731624
2209289
773229
211395
58064
1406632
733755
90651
296
2041171
2036903
1754266
1683700
2457197
865199
2054967
4422803
172501
871542
1529758
1625592
1033002
2103968
1893461
121611
3370358
3056718
1521481
1331610
1956123
1350835
525278
3179921
50867
768781
1168080
1227359
1151644
823257
1306932
714528
1603080
3379344
103281
1415661
1247976
1373950
2696829
1468467
788979
3337690
4345053
2084862
821785
2156070
1666405
4303291
591347
1530057
4645541
1477910
131891
1098833
169271
1134237
1088292
2021776
3203942
1454845
1909554
1126915
680689
87570
1270576
728870
1802456
553854
1703420
3135149
1643106
1509639
1764213
1002613
1947687
1182462
1774124
1840736
2123199
1709121
1157344
1410549
1462224
2233760
2479479
2009432
1350200
4010093
1563135
1871842
820483
1457148
1996531
3104522
1701715
837567
3042164
2048026
1870068
35015
1102396
2809623
1306448
1358921
211154
983680
1162425
734434
2046445
1809151
1909230
663725
544419
924759
2898419
1100071
862088
1768241
2082725
1121860
1636879
2194972
2245786
1679789
4111778
1768802
107410
2342739
889632
2677188
2135493
3579611
1024480
714001
4027058
1288341
1186901
2564395
1610746
254656
1231229
3976192
1095855
1807642
3745820
Total scores: 1180
Average score: 390079.88
SSH: 14, SH: 72, SS: 10, S: 196, A: 837, B: 35, C: 12, D: 4
