4425879
3071981
2323911
2632230
1537817
2319171
1626537
1816243
2660294
3648544
1919312
1829925
2615210
1241370
2675575
1911308
2881772
1892257
2568117
1872396
2486881
2469345
2166045
2802324
1619555
3036835
949029
2781369
1701404
1754777
2185824
3284710
2363282
2843965
1690355
2084862
2033294
2099491
1836484
1737326
3666536
2330357
1827558
2629589
1588369
2035291
2628691
2593619
1069949
2231831
2626473
1621068
953586
1178526
1944926
2188031
1983406
1274573
3946158
3405760
2684033
2444148
2022718
2512396
2506525
1595191
795627
2759787
1541907
1554502
1969946
1400414
1973410
2269544
2319170
1649842
2368880
2097898
2129143
3122809
2485438
2058788
902259
2514739
1524183
1955170
495538
774965
2410945
2044362
4415585
2069841
1925409
2510998
1571309
2410948
2576941
422328
2237466
1642274
1816113
2141888
658127
3863224
1026729
1843589
1869933
1695382
2596018
1281115
1187393
2222070
3502002
1473301
2609731
1893432
827803
1031991
994495
1046339
2872154
2060305
972691
3601629
2480902
2562794
2618934
3030240
1611251
1726994
2112908
951053
1971822
577517
1300260
2267564
3814314
930249
3320563
3093271
2446829
1649989
1055147
1752315
1053520
3397860
2553242
1385398
1925405
2226722
1532240
142954
2596015
580941
1857519
893739
3135195
1288429
1258642
1607736
1115622
1123155
1659421
1474956
550235
2518847
2530810
1644737
1070249
2974590
3659057
2044368
1250271
722934
891293
1556336
741467
966243
2470194
2994583
1489207
3030980
718679
3104522
1308941
3822204
1462224
574050
3284709
809513
1829131
2298847
1109463
880496
1632673
3243552
837567
789752
3616054
1157868
4415495
1659057
850964
484661
2951013
2149131
1619564
1347936
1764213
1675830
1752311
1053232
1425809
964269
1380717
2631340
890826
3322016
1095854
941820
808848
1127615
1401254
2331984
1274597
841064
3754403
1686018
2173072
1860433
1013839
2388562
1555610
1396072
2677188
1587909
3573970
812721
3093274
1331610
3037642
673275
764472
2242173
1591251
3593409
3899964
1914037
1702903
178966
3767017
49101
3901232
1033882
890190
591347
967941
1407135
4255312
315
2842174
1681634
2030843
1636879
4107794
2287350
23847
917062
3577374
2479479
1435459
1601788
1241726
3119369
3188920
314014
3468687
3034593
3759944
2321562
917129
1569704
2209202
3700995
1897551
611751
4115643
1511837
3579611
1926958
Total scores: 290
Average score: 251172.28
SSH: 3, SH: 2, SS: 3, S: 118, A: 136, B: 12, C: 12, D: 4
