2599450
4113363
1849580
2201145
2205311
4197563
2179629
3149030
2403677
2689931
2024506
1148905
1923214
4914437
3012582
2735748
3194930
3135149
1711307
3313127
915210
2301351
3967023
1129951
2715370
2173926
1860169
4287878
1990718
2319171
4874327
4543721
2410948
1083470
4678354
3145600
1582287
4303991
2574090
3415914
2521259
3034593
1013839
1656727
3273140
1241370
1044728
2562794
817929
3752975
3812908
3040755
2272898
1655981
1270000
2078195
2589292
2323911
1816243
3517482
3147541
3037642
2615210
4272569
3304843
4276799
1115737
3227490
1302583
658127
2267564
1180676
2046445
5043508
1838426
2331169
1776723
3093271
1199955
2462350
2753891
2066867
4020054
4294727
3707952
3379344
3577374
3301849
3874133
1366917
935135
2677191
2383590
3901232
3121079
725718
1860433
4319071
2097426
3365585
663725
2097124
4303783
1095855
785999
1911308
2069841
1879954
4947078
5041434
2298473
3057801
1828346
3119369
4294493
3976192
4322559
1754777
2914646
4321803
2594347
1919312
3908671
2624331
2486881
2173528
1822108
3760517
4867167
2237357
2300083
1590239
2689510
869222
2622988
2660646
1377957
1782802
2304622
1770368
2257346
1110827
881313
4027058
412288
4690175
2360394
1324042
3783036
3287758
1165959
1872396
3438148
2044338
1315479
2164997
2502643
1075797
2059822
1124857
927754
2469345
1169773
2464761
2553777
803199
4480795
2335100
2097562
4009220
2731892
2775397
888015
2058788
2677188
2802324
1546425
4078685
1869933
898597
3240784
3977703
927819
2284524
1494828
1175599
1709022
2269544
820737
966243
4549062
1031991
4108340
1410549
2084319
1425809
3071981
2332088
2326754
3773772
3902488
1016701
1111493
3566847
1297789
821785
1968674
3551777
1159687
1671813
1649842
924759
1816113
1892257
1077675
1926958
1755497
2411125
2870806
4426662
2315558
1805627
3104522
2523668
4900284
1118297
1746492
3772513
1566024
820481
1563000
2325387
1758255
1616369
2460779
1131424
1645523
3833439
4302249
2503284
987724
3181702
2791233
1969946
2176280
2553242
2514739
2336764
2726492
2540371
1857519
4303784
1695382
1742470
4876550
4284415
1414282
3626128
2565674
1010596
1245344
3030766
1941064
1737885
2495792
3217677
4284414
2103968
839947
2681192
3869560
989228
2918482
1021579
3592622
1596706
4510284
4694276
2609608
1709121
3703862
1943046
4530677
765873
1412805
900957
2987243
3692446
2789938
2705665
4302972
1227415
2509341
1476606
1164338
1826438
2485438
2196278
4186244
660593
2457519
2226722
4690966
1725588
2021776
777074
1103903
2555112
3397860
2274874
989244
4287016
3497077
2200809
544419
3263082
828242
1162425
2082725
880496
1843481
1744843
5041436
1706210
1882794
1663107
3825430
1939637
2201460
2620911
1097891
1086267
1262025
845378
1385398
3023414
1843653
2535899
1861434
1118296
3057790
2947395
4852491
1028733
4001494
2020385
4131039
722844
2961551
1315116
4855807
690982
1001682
2674297
4284486
1258642
1354319
2234808
2069845
1251914
3669775
2545604
1627148
2233275
2061192
2963216
792117
519926
4001454
1630565
2874408
1217417
1345670
2330482
845374
3206007
4018769
2404778
1312375
4880186
3543942
1288341
1796309
2677019
1736332
2962915
2367340
1111047
2237466
3353491
3534671
1951188
1861487
702412
4295540
2294643
5041437
3533482
1915340
500183
2057057
922172
2048191
2628166
1343792
1142884
4803756
2797470
1734403
1894655
816327
452508
3844552
1565265
970331
3637960
2628159
1302567
2138577
2075545
1537566
2505956
2240404
1172819
2410945
2392113
2492632
1090928
804164
3728856
1528015
3907830
3246922
890190
4322403
1279343
1872564
1436329
2239445
2602090
3220698
4009159
927487
1827558
4804559
1141858
991733
2941386
2522580
1554312
2428358
794899
2693244
2504668
1110199
959426
2245774
2184521
2101986
2964230
4793476
1517511
894744
1702903
1405991
2223077
2004420
2237579
999720
978213
1258579
4962179
1829925
2883760
2460718
1157868
506357
3290202
864055
1661477
4744463
2586420
2034862
3206043
1610745
3710758
3022540
1289926
2149131
1985735
2450838
978500
1409923
1749322
1899100
3632723
1995061
771496
4199237
1170505
1619555
2069999
1954858
2315560
4131123
4283977
937709
1952177
1931138
3880919
1459559
789765
2005307
2128030
1402392
2231831
4238983
3099626
4142643
2176046
1508874
4047799
1527747
2047629
1545707
1945975
2840740
2098034
2345714
1599393
1657639
2332963
2164332
3283445
2275674
2127199
4754217
2596015
1030374
2203212
2142744
3230981
1086431
1236211
657917
2141415
3946759
1580814
2796473
736215
1964146
1092582
974854
1634984
3363297
1066243
2282368
2750832
2245772
2045979
1066809
896753
1946834
3896189
1623285
4618179
2338619
2380030
2252829
555797
1643270
960875
899732
1193339
1491800
2633231
2399207
2818112
3018109
2133119
1589931
3285233
889632
1219310
1634985
1100512
2404675
1911588
3607872
3620693
3074108
1309256
2484994
1393008
2246465
2980529
495776
4047519
4001453
2217436
1474012
862088
1476582
4313786
3108587
846872
3333255
4019294
2296022
4913599
4804606
104229
3591213
3266252
4295240
1785659
3089375
1004823
1294882
3756270
1046424
870839
1706407
2554676
2968055
2870649
2116146
612871
2245768
2225299
4672306
818304
4312255
831443
2527867
1812660
899942
2225530
308917
768307
2238956
1879176
1681634
1799197
129891
3523645
427090
1345676
3514241
4804323
3030240
1362265
4003754
4810017
4435715
2510298
1459311
4104249
2911355
1668035
2156318
2726346
3349095
428047
853779
2689633
2995944
929999
2054198
3322065
1893431
3608097
467689
3773248
4033196
1525311
2813660
1126915
2740274
2070594
3082601
1993418
3369471
1803397
4295242
3811441
4252607
1099803
912635
4214499
4198445
2715016
2146365
2986935
2932019
1384287
3034391
1034570
4655280
4031440
1257855
2188031
1388399
154853
975418
929660
3530608
2512375
2200806
814075
3137396
2608130
975549
1126352
1112521
3533612
1454087
462700
1163937
2678437
2250398
3040791
3385965
3097451
3970329
2455484
2229349
2101126
1331610
1682749
2097898
1406011
1014943
2190904
2123284
3565718
151229
3385419
2696829
2198640
1927665
2332178
1649528
1481747
1706410
3964630
337595
1232752
2719326
3500105
2410947
756423
2480902
1431482
3393903
1158040
3582418
1796164
1762037
2245707
1114721
2705258
4533959
665787
3073983
2357806
1215688
1454085
2719283
986837
4009550
3520087
4385764
2352279
4168135
4534810
1763013
895330
4285230
872110
1512891
3579873
2570115
1643106
2642164
3098371
2844963
717632
2351094
104945
2868857
3876086
4029682
1648055
1902818
2139546
3593409
1584604
2246659
3350946
3299402
2400783
966160
1026787
1618980
1075653
1457148
4319952
3718868
3179921
3638672
4081896
1865418
2067859
3892142
2014039
3526953
2288381
4321781
541990
2709014
4082763
2554582
3290808
2398423
3022072
791274
306018
2211017
857624
4822475
547566
1429457
3275914
4020050
1831051
195305
252836
1905396
3547780
4329889
3459056
1294709
2113754
1555717
2268730
1749822
2369095
1343517
4325290
3215934
4243845
1563135
1201636
172834
3034396
820483
4302998
2960557
3851147
3481595
4131132
3056718
4029716
1963977
432839
1320246
901854
1493052
1670874
2623831
3602784
1932597
2579665
2452860
3996216
2574880
2657705
1073934
3232901
1270888
2514909
4074787
839711
47152
3283681
3617433
3625849
2413619
3791668
1150868
1846270
1467142
3876716
2133576
3765522
877564
3572698
2124420
1243461
758579
4475969
4007768
1936713
4029709
380029
2014201
1864795
2381613
1137172
4029717
2221441
1514799
4028364
336229
1451703
3263174
4189841
3338304
2340924
2204720
1830413
1581973
3010986
2454006
2899404
2004892
1457925
1577207
2103267
788979
1040424
1864175
757067
2327132
1852605
2902384
1070501
3019857
2839767
2229381
1121909
104389
1399651
1219705
1440018
3153084
1512691
3768762
1451342
50712
1474888
2260875
2331037
3120531
1622044
296384
4886195
293134
4275147
2012009
2104881
3934310
945157
2809623
4557895
3963274
3595879
4129148
2516387
1892253
2084545
462736
3229021
3397001
3294694
1053232
2796126
3020246
1535180
1469136
2046351
614323
591347
2769784
4813225
919772
823455
2906054
4836714
888621
4629735
3385971
2479479
3526113
220330
2719334
4302884
1843621
4321955
4243835
1760666
2006936
269294
3864489
2444148
4302971
3025113
4118682
1641323
1410103
3238785
1961263
2719372
3233265
3370358
2042429
4786514
3802323
4295249
1843575
3767017
3377514
904030
3051162
1320129
1385397
2643204
2281045
4163794
2255524
2722432
4115039
2376713
3827811
833605
4821685
1657535
2364004
1815608
1277591
3141635
3722076
4302973
2256378
1647659
2680522
3608994
2254470
3614514
670881
3236300
3995168
3108320
1489207
1231072
3629942
4839234
4313921
3402307
2249551
4322847
58970
1595191
3957347
176280
3152325
1607736
3711676
3273002
3644151
3026248
2277236
1492008
3663708
2692144
1967216
1610746
3251884
292319
2706308
883670
1593361
1100429
1292113
2654506
572727
4017088
4655647
3282546
2324480
2878235
2576943
1573762
1392499
1520526
4313787
1619564
4493700
736214
2176404
1046830
511046
4808501
3753922
2708971
1675837
1595303
2303916
1286241
4313789
3450779
1979409
2651838
3200649
3488458
1809913
801610
569636
1587059
3243075
2921737
1583472
4019121
1092234
1905993
924414
2288616
2731312
1531508
1492011
1205876
4029683
869142
970048
1992818
1291267
1401010
994495
4048545
1856597
1454624
983896
983680
611931
1651290
1702312
968350
1153219
2255709
2314614
1639739
1415582
817269
1063410
1634629
2152416
471598
1015625
3704761
784972
1054501
986943
3392208
1556011
1566634
4166238
3150892
3564211
1870068
2624022
1646845
715044
3941094
557781
4703544
3412600
3633292
1636879
320025
1253987
4030294
4309379
2326935
4048501
3305281
4321780
889729
3298591
4047810
465548
4323073
404663
1618411
1897317
4760524
1639738
29844
2668755
3565301
3169255
1764213
2881593
47359
1451282
2966682
1103732
1857484
4415097
4243842
2889229
2223963
4446270
1962676
3543581
4085207
2328679
2453247
917062
4029686
4280418
3041566
3048737
2988681
1844207
3567527
756448
3564221
2621336
2324161
113897
3950021
2008748
Total scores: 1233
Average score: 345335.77
SSH: 45, SH: 161, SS: 9, S: 54, A: 915, B: 38, C: 10, D: 1
