4742940
4835404
4850086
1064976
2079597
4746232
3881559
1990718
3648544
4187053
3468687
4641389
4298765
1714882
4202719
4055410
3854743
4528432
3666536
4641395
2708949
4914702
2659724
2675575
3415931
4457206
3424998
3361951
1636104
4892236
1869182
4793132
2323911
2993974
3781668
4791387
1754777
3579281
3038997
2419085
3010178
3647151
3582899
1725346
3338949
2624331
3875908
4815899
1905231
2546607
1630565
2671379
2298047
4793476
4744695
4419700
3232640
2184542
4445719
2963036
2579405
2798282
4641396
4812528
3630575
898597
3648583
3261335
3466914
1588369
2802324
1199955
3716950
4777711
4729584
4732649
1811722
4379114
4024009
1872396
4158183
4638517
4862037
2681752
908042
4876550
3397388
4188767
4796782
2557665
4857997
3632720
3189824
1656727
1296925
2444148
4393489
3278791
3762927
3966639
4834698
1946507
1770368
2815257
2933746
3471407
3029339
4861771
3552839
2332088
4258297
4640775
1594266
4803756
3797883
1919312
3844552
4463380
2112908
2863215
3092101
3206402
4770599
3211635
3215934
3894551
4855807
2034429
1464254
3586535
2113247
2047629
1936713
2368758
2673453
4565942
3666979
3887258
3970329
3329211
4960628
2410945
2801428
1778560
2691949
4822656
4368666
4575776
1875396
1845585
4678354
1997307
2233275
1514256
4904114
1520550
4235907
2613334
2631078
4905645
3197413
2327962
894090
4728481
5077239
4772470
4704307
2496720
2839123
4687919
1603635
2100822
3427312
2577510
4874773
4425879
3128795
2411125
2994583
4643441
4760524
4561316
3250917
4393066
4921665
3671976
4883762
2923644
4577577
4853246
2991731
3612055
4236525
2513530
4724034
4751016
4468592
4944678
4122431
2808923
3724573
4810225
1943046
3678823
4778695
2890370
4887064
2778643
2731892
4360374
2750832
4702225
3411122
2226722
4867202
3392208
4904540
1038608
4876256
5047713
3833517
4905829
1451282
1820921
2294912
2640500
3719813
3665978
3501824
4684386
4899325
3854229
3259994
1095893
3019409
1251764
4313217
1727980
4833931
2562794
3484856
1658400
1087334
1843589
1148905
4729371
4791385
3613771
112922
4636979
3752975
2836353
2063291
4585417
4463370
2791233
2203622
2118444
922600
4952940
1764267
2399766
3817010
2210465
2295882
2014389
3329210
858241
1075951
3493583
1083470
2713369
3542643
2405863
5068198
1801586
4059980
4205311
2861267
2796473
2998904
2457519
2565986
3805780
1746492
4662519
3044297
4832134
4852493
1854022
3626128
4625968
4715391
3113645
801849
4791394
3055243
2235465
3746239
3891621
2225737
4581455
2201460
3992315
2194234
1570269
3360013
4728612
2897724
3035398
4581454
837877
1796420
2077121
2625911
1003631
1986326
2485259
2276210
4750163
364532
3266252
1658474
1419243
4630407
3984266
3404135
369349
2905151
2128030
2394642
1932923
2593923
3819588
4366807
2540399
790415
2225736
1181761
4839949
2307722
4831659
3993330
2200807
3301339
2282512
1567645
1528842
1601083
2462350
3256660
4577918
4577926
4871117
4704306
4463310
2169502
3846505
4838793
3118604
1860169
4127115
1573320
2469345
4753901
2726492
3503193
1925194
4411233
3331478
2958190
2078195
4761012
2479386
2097124
1995061
3870286
696225
4706077
2957958
2330357
4924798
3614314
4771567
4833841
3917025
3992307
2758027
4721743
4852495
2082447
2331169
4464951
4272169
326660
2349467
1713228
3708082
2663986
999720
3877518
2616989
4691035
1669955
4687010
3467573
2610170
848994
4648021
4751014
4792013
4867605
4754180
1989857
2752284
2173926
3483307
2117268
3071714
4761697
2506721
2495755
4267133
4415585
3741141
4618179
966920
4715827
3958394
2797998
2495251
2655355
2858218
2943063
2216530
2365752
890467
1157868
3747453
4301731
4635925
2308666
2998900
3458527
2225530
2069833
4476200
2431320
2227698
4722255
3613084
2272898
1992711
3607697
2725403
4193498
4581447
2510298
2017880
3902488
4900284
1127798
1582287
3440920
3649428
3544927
2838537
2413242
2201553
2058788
2911355
3037722
2348878
2258242
4857995
2867068
2797918
1010596
4882821
3616546
1816113
2599450
2428358
1019570
4663598
874048
2448565
4669154
1701892
4761696
3992816
4640792
2118440
1709121
4386439
2276916
1886274
2874944
4635403
1581544
2628833
1676639
3081598
2201145
2128220
2079130
1537817
3875861
2815870
2457197
3909857
4033444
4954674
1076952
3122603
4853247
3151440
1861010
3265468
4728369
1669990
3121079
4976301
2756603
4577920
2213673
1719416
724015
4745578
3045279
969713
3968104
1031991
2405862
2003644
2902513
3257738
2901666
2081844
4777878
4013412
4657212
2534559
4581446
4853702
3181298
4431142
3164032
2106818
1849580
1029307
2593620
2028695
1361574
2184545
3841241
3552919
4000501
1968283
4803733
4647995
2973576
2467910
1578185
777074
2271070
1593691
2782887
3410653
3320987
926143
4015706
4015463
2186111
3870266
4614431
4529117
3127889
3264855
2520047
2705665
1016701
1876558
960875
2058789
1788628
2329704
2773398
1108702
4197953
2981456
1299049
4198445
2044362
1680262
2781169
2068681
3616426
2608381
3040104
1248700
3993830
2786685
2833948
1879954
2224740
952898
4803879
2629595
1583228
2643379
3040670
4577921
4862040
1476606
1082260
658127
2628165
4116304
3676385
2173528
4638518
1569904
1786106
2894054
2596314
1761412
2292176
2768222
4763600
2621030
4106914
2034057
869197
2294643
1083052
2397136
831241
1828691
2109961
4144988
4466793
3644162
2324161
959426
1158325
732756
2648402
3585018
841064
2317079
2697174
2325387
1909555
2957123
3372621
2091238
1791963
3893425
4425512
2280910
3563444
2935781
1082542
2566838
3595027
1266164
896843
4810190
1657952
2556199
3902737
3863235
1211507
3873669
907626
2761831
1556336
2681037
880321
4932522
1219094
2004420
1734696
2621468
3912910
915210
2324126
4375293
2486881
2322888
1889804
2628801
4772430
2628161
853779
4634775
4376625
1650477
715013
577517
3462322
1169701
2389485
4184839
2342557
2171935
2166311
3238447
1474956
2355667
2536719
2231774
1028733
2316102
3544530
901854
3622783
2596586
3011287
4921741
1600415
2638888
2495792
3392673
3982122
3034573
2916562
4739532
1993380
2681519
2067820
2256314
4777435
4728719
2593669
2195533
884664
1695991
1795146
2581271
2709018
929699
1390195
2670208
4455086
923448
2680280
1919018
2493815
1302567
1150868
2266659
2099491
1528015
1868881
4835239
1402392
812161
847977
827488
2051817
2450295
970416
4225030
2189653
4867167
2527026
2437233
1201636
1599393
1900365
985141
2600354
930203
3637802
2628691
4630404
2654458
878379
1657695
774965
2283281
2985153
2060305
3745080
4376042
1944844
326864
1985735
1874165
3195618
2632230
2238881
2709097
4874355
3329838
2761854
657916
2204234
1046339
4531537
3966197
2348884
3214639
2599514
1961046
5043510
3638479
2948845
1355247
3877905
4335584
4774882
3008156
1226524
4437212
2199185
2728319
3191483
4419660
3023401
2778208
2019428
2982835
3441410
2433567
1635124
2883760
2659364
3731647
3238173
2084319
1949106
4197563
4643936
1414519
3111877
614323
2914496
3093758
3829895
3980057
1219934
3641435
3193055
2069610
2316176
2069601
1024483
1546425
1748354
4022575
4691636
3895710
1056140
4932518
2934166
3277371
391228
2593619
1695382
2466406
3508868
2052148
1279490
4717744
1889232
4452718
3577296
3655971
2711757
4094348
1714637
3897222
3647939
4310045
3845113
977770
2936635
3447326
1790104
3307390
1270000
2332966
1629264
816600
4225083
1125647
1299791
3580429
807074
3916356
1481747
2719837
1690355
1021579
3563155
2488855
1968674
1746854
2911065
2423593
2285354
1686683
2205311
2631491
811127
3586373
3934044
2290041
790048
3495322
2004346
3903219
1127615
2451203
3637091
3116043
3257742
427586
2643158
1313029
2459171
623699
3645150
1963713
2113285
3815421
3045622
1697643
890190
1187302
3734700
1193476
3962442
820737
2733012
702788
764082
1532546
1705327
2039119
4728558
4261556
2591255
939072
1258642
2564638
4015458
3669551
1862062
1306992
4731297
4053095
3407275
2118443
2709014
3765706
2706720
4336749
3338239
2861156
2336765
1529189
2581716
878369
2404837
2825695
3181942
2395518
1760666
2569254
1097543
816327
4583712
2534513
3583639
1954858
4696034
3551549
401513
1028144
2587024
1930636
2223963
4791383
733432
861415
931597
1091903
2556965
4638949
2389303
878684
1506561
3708195
2696280
1928680
3668045
2117273
2132775
1955737
2772934
3832960
4084073
883753
1732257
4709633
3514449
3890149
1856597
863038
1649884
4635924
2116802
2577893
4342216
1049962
4391965
4722259
2367231
1241370
3599311
1488810
1990449
645436
3554364
1808741
1969095
1597247
2291511
3276769
2138509
2559209
1659421
1888008
929999
2139062
3715318
2201307
2404778
4415495
1105014
3357852
2664317
2266069
1962416
1037457
1737489
2811451
1507079
816453
3732514
4000163
3107913
2593763
1562551
3388577
4056033
3355432
2510640
1474012
1290650
3734845
839569
2486948
555797
2002308
2279617
987133
2217552
1537566
1862741
1962676
3708050
2681192
1518701
657917
4048493
5042033
784369
2912320
4786514
4767477
3329350
1591935
3844593
4015462
2327792
2255705
1319547
4655954
974662
759433
845378
3882869
2455483
3863164
1258993
3201025
1911335
2154507
783860
552068
2033294
949029
4566343
1649842
2959445
1702903
736214
2014634
701018
878049
1714350
1897802
221950
2194913
774903
2298847
1588910
1624249
1874119
1061235
1970565
4189739
1008851
4187402
683152
4697929
1938392
2184544
2730292
937709
1988963
891206
1514898
1115737
2674402
4909468
4700147
3378788
2330482
3098623
1185036
1708557
2394336
4599668
3939649
1193499
3018869
3017375
4231852
1810372
2516616
2637848
1230854
3809913
1008121
1911588
1520788
4041880
2205432
2328679
3904012
789765
909494
3787114
3261346
1200757
126645
2546306
762507
3521597
2085476
1983122
1682475
3593095
2048477
1648505
178645
1736333
213302
3882087
2761640
3947122
2428598
657509
1927541
2596292
978408
3017376
1768904
2101692
1109913
2022204
1047758
2716417
4376532
1770623
2962071
2680253
3813017
1699366
2200806
3880714
1725624
847592
672100
2677189
2584871
2931366
1259431
4681475
435472
1951721
2098940
1770619
2393325
1802736
2168768
2211018
957971
3786810
855762
2522076
2523522
3011628
1080531
630977
3279178
3385967
4751010
3339369
3687148
1816243
3568573
2950367
961695
2915332
2690880
2097898
1532044
3388802
3881053
2335553
2458833
3468294
3967144
2559126
888010
851255
962194
2675756
1642267
1385398
3956520
3473440
3007796
1425809
1943817
4808529
1690353
1572830
4344423
2326157
4648226
3015874
2931339
1438917
762274
1849433
4754183
2111505
2694184
2328680
1736329
1005548
4377822
1515129
1718671
4857996
131286
1169586
2150737
2066867
3607499
2064453
2026805
4341640
47152
1575173
2548533
1398002
2157973
4043100
2881840
2628166
988726
2106248
1042089
524417
2478919
3595377
1164084
1964152
1057509
896753
2410750
825308
2806598
1510355
1046841
1810154
1852572
2510455
1330114
1007052
1007522
819641
1969006
3297593
256499
4580176
2505956
2652057
2759787
4092853
485109
461274
1828346
2504668
3453813
4744838
2077126
2047677
866192
2480360
1657612
2615748
4106917
4631966
1713939
3021835
3658383
881313
2049247
1836772
1167317
801158
1131424
2022718
742549
805798
1115199
1829925
1614477
2166462
994933
1301354
776951
4098658
2774812
820733
2064450
1123155
2150740
555965
2020258
164020
2728977
3488032
4432591
4336067
3189485
803199
3669482
1737169
1693956
1917158
1804393
1686044
2822288
1284593
2107577
3999411
4477210
3385230
3986755
1569368
1702172
1654578
1473301
392525
3114519
2713278
4720090
1654579
1162425
2663599
2404250
1571309
690410
1208245
2545971
2474302
4613273
1225022
4065918
4383514
2687022
1484776
1658615
2167881
1432041
1658401
442905
1183338
2269187
3960373
1018776
1046847
3926506
2323381
2480902
2140939
665787
2562227
1041727
2502643
1810188
817929
1083722
1937551
3520455
736215
1099220
3350975
2279601
1405971
3714863
3205089
2978905
1076701
381490
2589321
2223303
2699196
2138953
3487328
2485991
3829809
2460961
962880
2303231
2506539
3041536
2171675
860472
828242
739999
1379229
790428
2259898
4678306
2918971
4000162
2423610
2067990
2742986
3606973
1972327
1024480
2554945
3702456
2521700
2445438
3812177
2633084
2229845
1820338
4347564
3745820
2887509
4859703
2115117
1909554
1060576
4585424
2410948
1527884
4696039
2558055
3205713
683409
4729680
2346531
3087057
761868
418762
2591820
1630299
52644
2633906
2755564
991733
4329390
2184541
3648862
4511240
3040257
3077757
2535520
1476903
1526606
2498108
990862
1350552
1629581
2197647
2382711
1360912
3173795
4353189
1758793
2326801
1531196
1080094
425916
3254386
4541384
2054906
1407818
1840044
458221
1736332
1697722
119431
3357329
3900696
3320429
1694501
199304
4018853
1621319
2449792
1201618
2840314
3168834
770727
2391463
939618
2775881
1706571
4041675
3794278
1008998
3644151
655679
786018
3558307
816734
3285953
970048
2745035
2662780
1091114
2279602
3632955
2042325
1861781
661480
4403752
1716732
1102552
2044366
2785705
1011144
1165959
3316842
3731531
2449781
3621661
1811676
1108701
818022
2091024
4816255
2860521
1769309
1716713
5039434
2185824
1947084
1129193
2182432
1054501
1547955
2787182
1100327
4243239
3778551
1992446
1003565
1449416
1322464
2034841
2834076
773553
2302956
1828136
895822
2970594
3592622
2203621
3247645
1971099
163982
3325727
3989674
4607113
4015465
3876200
535189
2810600
2362629
1639118
4675972
960985
1955078
79507
3638182
2781567
1634421
3084618
4534093
2344572
980431
1397951
2284958
2246654
1040239
50695
1142884
2594991
1532662
2470867
255323
2506540
172662
3232558
1327000
1809691
795810
2129143
1860435
3056312
1918978
1849273
1027065
899732
4743544
4168202
1655981
3672326
2583616
3320810
3236099
1278444
652715
1183256
1069111
713867
1571497
3423486
3881366
2552046
3679516
1563445
1187393
2145053
4337671
966243
1668035
1086057
3976028
26764
2642726
666445
572051
1021583
4473571
936808
757003
1983456
1430503
2428357
2510638
125251
3950404
3459395
1566420
2252197
1512820
3545675
1939586
1857519
895999
3549943
1040044
5043505
3815760
2988405
2477069
3082467
1056931
3172674
2084845
811912
611931
3714679
2034654
3156682
985004
1412805
3242402
1987754
2250747
2777735
1819122
4681476
1382021
4557237
3136032
784791
528386
535190
4748330
2483625
1946696
2509341
1530696
1082245
836339
2404675
965546
821070
3812596
1829131
1362265
2184540
3878624
2170386
2120669
1099803
1281079
1758255
4602995
2639545
1764644
1735518
2446007
1269453
2598926
2141309
2192267
3504206
3005302
3990587
4568650
3961145
2627179
1009456
2412506
1690356
2692599
1271985
1630100
3119428
1383825
1822108
1683936
1989990
2438023
2245774
2389623
1770621
4418770
2670926
2522353
1826438
1538007
704360
1053729
2195530
1742483
2674928
1986140
2540371
688886
240689
1065884
1805627
2117192
24474
4525146
1396915
2134194
3455868
1520526
2547378
2449784
382930
4334582
4468168
974939
2178070
1537816
1837859
1084742
1865744
1649528
1762724
1125642
3726990
3651245
908947
3885326
2671123
1351114
1480366
2245772
1852123
3122902
2743101
2780850
2454085
684760
1909553
1605598
2110289
2166045
3524237
1496709
2453918
2628159
2609731
693181
2139064
1073071
541392
1054416
1807642
731787
539394
1418604
4874327
1819898
2281727
3118961
2998444
840686
1123881
4767264
1003944
1271007
314645
1558874
2012301
3897477
2924872
2399207
2649162
1026787
1264972
4575772
2278105
1261436
1917082
2025393
4171071
1946314
2885069
4666625
1190780
1042458
1857216
3989017
1909493
3899781
4602726
1704984
1378155
3275209
2335100
1656122
2577841
1701404
4803734
2511599
4108340
1492913
4339545
875945
1830206
4751962
857586
2703869
791264
1366190
2559123
2518730
4675950
3012810
2790397
1860433
4171541
2946931
3450302
1108754
1786749
2406461
1794350
1876015
1263085
899565
4607208
3320563
1996837
3121104
4681473
1343792
1277926
1915096
2658931
3459429
4938438
2938752
2680834
1241418
4675984
1062210
1127622
890955
2424572
699471
2270763
3263097
3805867
1506402
1879808
1808848
1090928
3349545
2280054
2480930
2095299
2171680
3240644
2276915
328472
2373996
3247421
2406465
1026666
1769121
1627148
1807735
3884667
1642274
2134895
2824260
1062394
1660602
3540176
1573280
877564
2018512
2200811
635865
673086
1439840
932432
2669770
186897
837694
2470326
1441081
1860434
962782
2279599
399055
4642564
3141681
3972881
3982076
2108925
1482959
2053123
2183215
946082
758466
2738772
4613638
4633133
933875
3851983
1159687
1526245
2484994
996109
1584191
4793647
1650442
2794906
1023086
3883755
3912798
1082783
1123161
1869619
1395949
1736331
3580586
4574914
1572868
1836593
799913
735272
2581610
2522331
159007
831705
4755041
1651290
1086303
4287611
1838427
714001
725718
1879801
1450423
1706834
3736979
3958991
2610290
1019544
1286241
4648282
31428
978965
3759286
2798276
2833172
2746343
972457
2522366
3773174
4640493
1799197
4751012
2889169
2020179
1077527
2116373
2449791
3238236
1929567
1952177
2315558
1916621
1123966
3628710
1310150
710986
858260
1885374
4574873
1846674
3577524
1725588
2730593
4814530
2038750
519401
1607371
1658821
676193
2331417
703794
4394026
3805781
883125
2833658
2508020
2381613
554252
4791391
4675990
519080
813198
1141084
2312243
891695
1018937
2131813
1933436
3081481
827952
1945175
861180
1828342
3096042
1039869
1055147
2963163
2478408
2158925
872110
2434361
2687337
3404946
897085
3707345
3661191
4676003
3308755
1396152
2525582
4434624
2395625
315356
1071060
1080886
1125406
2616211
1056562
794348
3017372
589671
2347052
3898064
788219
940706
2485993
1858669
2372825
2965854
888015
1125784
1564191
201522
2039676
1358268
1100642
1281115
1517511
3568572
4681480
1879804
2223322
1948943
495633
2099107
118068
570140
713442
1078552
1734988
1284595
1086431
1706309
1602456
1160996
1529267
2718544
281632
2553242
2007803
1511837
1183255
4020419
129891
4590821
669496
1183569
2480927
1790103
3138456
733943
2596982
2911286
1564521
4460063
2246270
4416448
1454897
2601893
1922277
896474
2810965
3917954
1508874
2299818
633519
1219892
1948714
1760261
2150736
3138574
337595
58886
1796418
1487821
2514916
612871
1086008
371325
3575296
760488
986375
509510
2760746
2178147
3846225
2009788
946711
773567
2299178
2096054
637489
4543492
1373950
3262653
1676829
433005
921840
1053520
963404
2161155
3953694
2674634
2216910
1317992
1582471
1847491
1092364
480561
2648218
1576304
722607
646713
3509221
823257
2031676
1377957
1962335
841308
2347627
988510
1083458
4736162
2414472
4208437
3879086
3884886
638019
2116793
673632
90194
4713033
4697664
2212186
1102688
1661486
827317
2485990
133938
3086402
4754177
1626537
3024187
1597953
969549
2444149
1275831
965543
1095855
4173009
4791386
828243
1960428
1099936
1769362
4754182
3359236
2564395
192508
4574498
1705675
786108
925681
3536062
1264831
1785090
471558
3711878
1278113
3993898
1380798
1431742
1400252
869222
1527508
696783
3400212
3254385
3944413
716176
1082244
1438587
2131347
4425089
2702487
4610029
1156927
3464305
1861487
2022202
4086528
2648381
2032789
2132804
685397
1165776
1974323
771496
37320
2234162
1021976
757664
909990
1577780
3968056
4029214
3033543
719517
2422483
1206112
2475402
2204924
1827323
3645796
3368054
3481136
3686511
3408472
2391305
2099728
3151206
2857369
794750
1257732
2314243
915955
1365079
593647
2040812
1640362
858798
619513
511382
3673901
2643244
1474491
1581349
678468
665200
435273
1524104
775074
4736558
1229631
2425650
4675697
1591892
4644860
1120405
2237584
2324863
2120917
738063
1271012
38115
104229
975153
2744052
896580
2340852
1117251
2168434
2837034
2327015
1770624
1035836
972691
3706871
3947604
2807872
1969005
2102289
1662337
2210918
20567
3273347
1235037
3178834
1769144
3959664
1261879
3300102
518331
1474795
2808470
1948760
1128411
3962362
674349
1982350
1746336
758468
693117
2647406
2579548
4063885
4681477
4713264
1086985
1029562
1218337
1092431
2184558
672564
35910
2189133
831380
1822454
792581
878259
3973326
769590
4763418
1039165
744222
1705647
3136843
792057
2534930
2165641
677886
1990733
1653751
1810150
2168419
1053232
3487327
1656000
4179937
3627857
3204807
2096106
2535608
736729
55292
1761722
869704
4140528
847314
926137
4120004
2781196
1075011
1092090
4694251
4748174
2625851
1572367
714175
861381
3236407
1114721
1965307
2636826
1983110
3659920
1428543
1187324
2455505
3498294
2245766
2933892
2245768
1656185
1270880
4208458
930249
2102287
1441454
1956448
1914105
1017976
1046072
1254973
4131382
581623
600473
4610031
4063073
2070432
2195534
3091755
893739
2716411
4629404
4675701
235880
1690359
1366185
1911308
4681478
933746
954024
3528684
2457663
785394
1325315
715074
1838426
2620911
674125
2540413
2252645
3550923
3358212
209990
3862594
1536491
1633050
1728042
667857
2125294
4743116
4027217
506816
675840
1169865
754084
1497943
110347
1783968
2404835
1110483
2631589
1970829
3951330
1675844
2245784
1809107
2095424
1591904
1936122
3233294
3168656
1939709
1318245
743034
3956467
773238
958176
3321366
2159665
2181268
2245777
999944
2394596
760466
914220
1168174
1289926
2262967
3960595
47305
713328
4696038
1898986
2220319
1762728
1168080
1271434
2957325
2730205
2021259
3621629
3296490
1361762
4443229
3335073
900631
2924352
2787051
3849288
1278814
2221292
3851543
2659385
1590194
1028910
862566
69129
1127620
2639444
31312
4618861
766938
35652
2611482
970331
3317508
4908448
2788498
2316006
2277711
742717
1236582
717632
4235139
2586410
2752051
826968
1223915
860019
962979
4190760
931856
1324772
1869933
1052795
1078421
953106
2628777
759752
1126310
2156326
1282380
878311
3652514
738929
2748769
1204252
972364
776632
884199
2153405
1879797
965549
4748718
1731374
1582610
3399989
1017559
1981142
2084862
1451020
2236177
2770287
1785329
4056111
2650216
475190
788488
2817192
2468866
2257328
1893461
183783
2390023
2742959
915458
1822516
1696846
189559
1028755
4618846
4010365
2547154
3623625
1331340
2442977
2799181
2847754
1014415
1898518
4147426
465548
2171676
1658399
757505
40017
663992
2229143
464887
2494720
1307552
1775699
933143
970985
1248059
891867
29844
1934828
1746519
3721856
1303641
4572759
2440485
1262434
2320620
1026729
4791384
2893147
740946
795015
732318
4574851
3400393
1645164
2218110
1034836
1249175
4676823
252238
3314328
2622797
3054701
61817
3479094
1019438
3373755
242948
1927990
2837355
1392499
2513083
510244
3365217
3949637
1109569
772774
637537
1261914
3834534
28401
2194715
4751006
1756897
784240
181199
4791389
3751620
3410975
741572
1053415
2863219
2245860
792832
2784684
1059894
47036
1208710
2461848
1064293
1872562
2336468
460456
3718440
917129
1660078
1462180
4798675
1012570
1052871
795627
404910
1160280
2173646
1073974
1429746
1258440
2995524
3686623
2127453
1861434
1322680
872797
4208450
1193449
4190761
2851929
679826
3116066
4672863
3355123
846105
2344574
2545348
2479455
3224278
2459883
3178849
1700561
1858270
2442646
1554502
136553
2951747
979547
1607736
1701775
1245365
2103566
1232440
1389686
4761904
287959
4634936
4633101
3498473
878479
3310535
2303722
1546635
2388549
1653038
1973805
3880198
1468970
1453152
621975
1038331
985525
396779
4303937
1822301
1933112
514516
889177
3699733
3398787
1385964
289752
3757195
878319
2004342
2170390
3954955
4186715
23377
4208457
1260538
2086904
870295
2048925
4576561
3262310
2037319
2127264
2583315
1848919
2568756
1803603
4675962
1210089
4208451
4054436
3564038
2245775
2135495
1479983
3361475
957792
3696791
1675840
3984452
131891
1990541
3906726
1653519
804828
3899905
951246
50349
2099955
4321079
4762453
820835
3175203
175752
1088497
1304099
1112356
1618565
1717798
2631277
4537916
1844711
4064903
3893487
1040644
792377
4501547
2194057
1093245
55927
9007
565648
2100669
3808702
2668823
1043223
4675991
1649989
4189841
927487
1632327
1051265
837946
2467912
1174467
822553
3346255
3005388
1045650
42092
264643
2719372
1347729
4192945
3468026
1649064
454289
1678865
252000
3263697
874356
1912651
2472811
2719334
2984644
3055156
1097612
1415575
1738445
2268639
2354602
1495498
1262832
1094843
1067859
2156323
380646
4617440
1818428
2158249
1563453
898576
320473
882272
2049248
40859
1039163
1522331
1103552
2179629
1020320
1431022
4140650
2279615
3748878
2245773
2204927
1508694
2288017
699167
1475981
2172169
243008
1967172
1110602
1032348
1814076
3114957
2245781
1501516
2223017
2150733
1031604
1159359
636657
840338
2757598
461620
2290686
1746869
2370640
1729177
1292350
255694
1289517
1059388
1307291
2452960
956502
2530755
2277029
1495848
804960
1191920
2067546
154913
135820
2340215
1629195
1690358
954254
931126
2730082
2957882
2200809
4675979
2168573
795096
1521717
1211828
4610951
886694
1979601
2128223
965545
1095854
2044142
2265088
1524357
3252495
136419
1683706
1293772
1149303
2131190
2327794
3373754
1736330
2951749
2266773
2473353
2518265
4199290
3514033
817174
116128
1261433
983680
689092
4098017
3333745
490438
2050175
1316758
2025535
1964153
1759171
777821
2778998
2193073
3644963
3501438
69738
1136506
2186634
1649108
2018363
3942194
1355964
4675988
2361639
4738581
938481
759316
1242897
4839948
1534523
4528267
4693210
425779
3789282
142954
1454378
3155891
721613
2096103
804727
786680
757223
554935
2756144
1822453
2323644
1990377
1992745
1632362
1276505
3907023
883492
552498
2409645
1611251
1276141
4717700
158495
4713948
1567511
211154
2468865
1200112
566159
989603
3752621
1073247
2303786
637397
1322054
436723
307618
1377033
2409643
718156
1003264
812489
4107738
1966027
891293
1368401
1659549
1330828
4675738
2074843
1378623
3705480
1494944
1099554
49675
40813
36045
2025205
2245767
2150739
2039589
1846237
190045
2444151
3806831
510510
1892257
2002055
1697646
1385397
3925910
1415441
3467241
1042088
767804
1917157
3940958
1705869
1400912
822651
3337091
2209202
2245783
2240640
956103
2485487
4913599
3606964
4582557
3225213
2039543
2353368
882929
1000473
967311
678054
415020
3899780
1024742
935885
1581351
84142
1145198
1099752
491785
2469830
1893432
951053
1783947
105359
756448
819981
164051
1716714
3916719
4537918
1657949
328396
21071
4185641
2249850
823688
335041
2620910
1628223
3516421
1006134
4772487
1850411
678466
1401254
1144512
1288450
1536777
22025
3039770
1400414
1894591
3721434
1812549
2094974
954692
2128226
1526561
1040855
2200001
1690929
2128241
1443628
1628503
1076874
971179
2583617
2384410
2769113
42709
365128
612045
4701529
1699159
3017079
33967
623793
4793475
1628056
2037502
3915605
753671
4093641
547598
3997851
905800
2868233
2776489
3830718
424925
716401
4791393
1312156
1460972
1204251
1030374
1066054
1243846
412288
407041
965040
1073934
3899779
2393324
4454372
920879
1645802
1226282
1058948
1822449
4208454
1726866
842815
1221541
889327
1652253
1593252
2229508
1213586
2177707
1454357
1451019
4857998
4358421
4392963
2128244
789668
270140
92471
4670104
1691045
1049246
556308
2101878
25016
2187428
4460247
539578
4808077
695155
1506950
2094906
63073
1669410
2245786
4783744
3693930
2034439
4810017
1419403
722894
682387
3438148
40156
3763271
1846671
1156380
1149638
994495
1071424
821085
965550
2318702
3483015
2836414
2160917
444356
2367179
880076
1259279
4852497
713205
2317735
1946539
493454
50844
919511
1138644
1452719
3954452
4769683
1921228
2128233
3547791
763122
909032
4195108
1102734
1558876
3345652
3295947
2468861
1218649
2116801
2117169
3316968
1075653
1534639
2245771
2957378
3577161
3955279
2245787
1183258
2473782
2332240
553605
538581
3333753
2102292
145669
863940
3916642
4673661
1564803
3856237
900957
786867
3156368
297115
2677191
2444814
1658312
798801
4591158
3582938
103439
673924
1649990
3086572
727447
1573996
610469
1724776
3135149
4497198
634467
1862925
2141777
1848337
35300
1074466
2462647
4749115
2055096
2327014
4791388
1385532
3717577
996952
1963417
475439
1369044
1887137
1309290
1492168
2072475
2051048
34375
3325486
2382822
756508
3582261
1628225
4126009
1762730
975517
2397534
3561084
2016501
486740
4155735
34403
2782983
4015459
532054
645783
471257
1028215
4610030
226884
1270764
909391
4622729
3985533
1295369
1724943
1319820
4681474
2074833
1800993
3154572
853926
644993
1935636
813773
95389
3608801
768781
92262
146869
4240825
2202862
93952
246217
1586945
1579560
1275989
1087664
36018
3152584
1064354
2523668
1056732
1674118
267837
2501284
3816750
195151
2631274
588523
75072
713935
1071369
2049457
878035
1063410
1079056
1034862
883754
1128452
965548
1721919
1804553
1567838
1872812
1038699
1028396
4151633
205022
1455779
1581644
3307806
4776778
61856
1925405
713594
1697645
673522
35398
714506
146372
366919
3686668
2662619
804714
351189
1586560
1700275
1697591
2143128
3551179
393360
1503731
4642487
4681479
724894
2601731
1321492
2128231
530589
3002367
321506
933105
1762729
1807736
2004680
634101
3377510
982600
1362
47632
589581
716270
636659
37365
1675834
996359
1102760
4856792
2271790
1775698
4732299
1741062
2319438
2061247
553055
1836302
1389608
2661211
2821585
3261566
687092
3408471
3901896
888305
2245785
1290383
2128238
1041154
2416450
2567176
22888
277615
1358210
4938437
1216065
101342
526757
239265
3484169
279056
3808886
1538458
122131
1618411
2145171
3206724
24020
1629194
87339
444917
2336252
1363620
160030
915584
2864040
4585418
1547747
1628220
3255469
225363
2649829
1619555
984762
1280060
2128230
241695
2128221
2640360
2410947
1298488
4766490
2449788
2128228
1116124
1846817
734524
556039
2245778
1301498
1153219
1044831
1070639
91880
881504
31001
999436
1796164
4295297
1989991
2196412
2983683
760779
858271
403449
574107
503979
41475
121221
753001
602259
3837111
4853249
2763986
35019
716020
2128242
983692
3228883
1198930
534946
135247
1560305
1857790
256027
38587
1111413
2150735
3960229
795232
594771
2173718
1150597
2068168
2090916
2076801
3190899
959119
4571486
315
1911333
1288559
2039778
1607404
1099090
4485420
1628222
1356825
1270428
438584
2284960
123573
1175465
1206733
2291704
981641
22447
1991349
1034343
848345
161590
744444
2315869
1634767
1501236
40924
1204670
1968331
4781986
452186
1988753
368934
2517350
3630332
4159566
1936782
741400
2027920
4193496
2252715
878118
596169
2570050
51956
4932519
541318
881701
2422434
1933499
1032263
105952
49672
1268933
43001
2128243
2824758
378781
1183799
2979854
2234002
2225299
2979004
1067860
2620912
910147
2225025
2249551
2258687
2850732
3572629
296384
1289982
1087620
2802630
2178348
135175
898577
1015434
1975117
527533
2279226
4262003
3142035
1465531
1120409
38892
55062
295915
183425
23596
3972414
1290382
3425379
308492
2468114
676172
1085669
4236749
4465885
469271
1762727
1067194
1579673
771495
3621264
36657
1098487
169286
2514739
784601
995001
2405864
250454
2391308
1777057
1442846
127560
94133
4208455
1757913
3759768
4176938
1561395
949234
4234435
1623285
408298
61757
1639552
1777060
455176
940295
150458
682994
2110704
736216
3393469
1513223
135109
1468467
950170
2955468
3628359
2594990
2077849
4166022
77683
34753
27054
1091032
553689
1580832
64581
777327
20646
39523
2245780
1800565
1204683
71766
1307572
3594217
97
2128227
2656657
312910
464294
4128362
1502585
1468243
2286983
3576878
2755377
104973
90447
767767
4703953
1992682
2395803
1042342
1125866
790355
151353
1093507
1846226
40166
2437952
881997
136674
822039
1804515
1106131
1456572
1498774
744672
89411
935912
1039164
3272007
2210863
2301522
2014388
4029217
599877
156919
913258
1059390
2128250
260681
1064417
3141685
2503009
1053378
3003000
284759
593141
887145
1764213
4738726
539436
1428990
2274031
2059889
136992
1149713
1608129
1628221
76219
513228
514827
1017930
3213424
2052458
475206
1948942
1975306
3913793
18683
81402
1988751
2128239
1807738
2729395
854824
312036
847370
115148
4293553
1945667
310112
217940
2525581
4574495
1154509
4480169
1268518
2103910
2496542
2340388
2464480
1568261
4445221
1161457
4704
1678457
2820121
29246
948161
2128229
633987
50692
37608
3667052
9827
2128232
1451703
3774419
2346532
2940870
4266636
3961609
43779
4639719
4824642
1863203
1026172
1867551
4925156
36788
1881813
2309862
992122
773155
1153238
40155
1404052
2743102
28675
23268
2187303
40411
4002940
4386400
2102290
1185330
1786111
61340
2523523
2025589
4363722
1429745
123373
2197734
2195735
1656870
31320
4808312
191271
688618
28696
19465
2382016
4171070
806915
3957529
18833
4663597
146247
59121
655106
1939083
4257866
2139653
3692954
1425283
942956
3640293
3666846
43672
2573614
2453084
134504
1053236
2362630
2192969
1278874
2809324
179223
649869
926120
3430119
766475
2193721
136400
2654506
2513513
29831
110175
2128234
4677043
2128252
4053183
1545686
69151
153486
4256460
2185175
163507
2255709
2287873
25212
246014
1824447
2691604
54231
28003
4163193
4087413
784311
1914837
3283097
1173436
680441
1296798
2070967
3515032
784249
4709515
3333137
3452727
1133290
976192
3366770
42166
2514918
4749068
2071445
4853701
3752290
1217004
2314337
2174716
1911213
49019
29994
3941757
815857
1992698
3763103
519936
2183917
1840046
359077
1619696
935504
47805
4751580
3223085
2065929
2154926
4372277
1321510
203993
1076344
1891194
131564
81358
2388808
1525893
113019
2522335
952068
39482
55242
214248
623417
3222190
4120987
1844724
1070687
61664
3758898
4120379
3682212
529080
3623638
3985618
509612
3802067
1103196
2460260
4591346
320127
244477
2054877
3542600
2128224
4377410
533775
3584737
2452464
23270
3254384
943019
3051900
3242261
19842
697271
235838
272554
1558613
2341259
931795
2197068
2391307
2128247
1719454
35778
2745510
3967484
1608126
3696198
3348533
425986
3220698
340624
1782343
945549
168816
51724
4537029
3605879
3751440
1123616
253980
187730
527440
509165
2579672
3759008
725139
85592
947556
3378050
4874774
44653
2648314
3272636
786345
401126
1786748
3069849
3322238
2049787
1806210
1619871
1444855
24391
4589623
4938435
4233790
4610756
4642006
2128251
1056524
3061898
2128249
3378093
1401283
2128245
1710520
3437536
2153739
1071416
2128326
2101552
820342
28684
4572762
57423
979208
743203
3055879
833127
2025459
2663672
3721328
1898519
1846892
132588
3716284
3322857
2326138
1849121
901234
3907130
2764415
810827
800940
40167
1149864
2652806
3456432
817269
2781628
51539
878256
749002
4199289
3500000
2892915
4749656
4173444
947470
26017
3575588
1092367
3185810
569527
3460789
1092734
2102438
34716
1094439
1232377
3371514
1324223
2949990
47721
133641
1627623
1560009
4680978
120486
2128225
1988748
83238
4761695
121611
941455
4855256
403447
3175529
79440
1153237
4327751
2457846
1099751
215801
22248
2485989
973066
2316428
2128253
4036599
23595
3723303
249745
1722407
4754178
888263
4152354
1895402
2082945
3968317
281522
2128237
3334117
4041175
888018
3386464
3434692
373550
1454256
963762
1915097
3450043
3357300
1543300
3732517
2288297
2168736
1662418
3660854
3608645
1161448
639865
2314715
1385400
78234
697784
210570
2094905
2849182
1897392
293134
3648996
748474
2054965
821086
119123
115371
3367638
3947250
3480041
3947606
1918028
2506859
1809964
2167940
1155987
1000347
4043457
2384041
821287
125653
4149704
3281147
332387
2199400
3896823
915023
1109572
1810752
48712
2279597
4716479
101340
3206755
2004107
1582520
665034
24896
1068460
2182566
1676828
3620261
84538
3546764
1160776
737047
4670618
154555
858293
1716712
3323321
2283348
1072380
1399567
1646568
60023
1578321
1923402
4081858
406479
1012368
100101
2335833
3992292
874240
190458
322744
3534704
3482274
3491875
65056
4853700
339054
2195532
4671701
4415583
4576499
1397544
3192203
2475396
3992507
1644535
777264
2475392
3771996
186184
3865329
112123
42655
2085772
2162145
242001
2235626
2163273
171641
1486561
3719406
4676214
544196
4526287
2430914
2063475
4550996
3739516
438582
4607207
778903
760034
991105
462589
542732
1738514
3464606
2766994
883094
614213
1572506
4474171
4415584
1581508
96103
29938
2601229
3590516
2287174
3934943
2138831
2967477
3773102
49704
1443674
1786086
1557304
2451783
4637454
1207568
1564894
659678
3312640
1329262
61660
53350
1270797
64741
681874
256838
35986
3411436
3513478
2769033
2128222
3747172
69152
118122
2346535
1517793
2548906
1149925
1582255
4750234
1500058
1051764
756423
863998
2312962
3411224
1058297
1038776
1201330
3483581
3635869
2044365
1822916
3706797
85089
43351
1933134
177162
1303623
1866319
3720987
5331
287958
2247384
2426156
2478917
2546274
269235
4643347
1123208
146967
4852490
1154460
3663709
1758397
156407
1324563
2141419
3310146
804164
172611
2407549
3516543
953394
56823
543449
2125838
1950958
919196
4460246
2095311
1109797
4027149
1252788
709177
756424
2098534
1764244
29042
221771
57091
2588433
1632311
797314
108957
1047587
4206099
45720
1937802
2123398
2286121
4713828
1260494
1789452
2444150
3206832
2194297
1360839
1206114
2925889
1533753
1055880
1697648
3222192
241161
657675
2044611
1881883
931672
3493132
1439146
3560184
3901495
4152685
912134
841309
3663737
1622766
263103
812289
3998720
370920
1848902
1113877
1827412
160120
1127745
1764758
3324593
23200
3633812
201642
352135
4589311
795970
4284486
54293
975962
3652608
4829415
905046
887573
88251
4631634
2459720
356002
886560
39387
2128246
2311222
1252650
3976033
562556
2437954
204350
4664128
2522354
3100706
2276562
3860058
2067831
3500253
263806
862416
653424
957833
2128240
1679069
1454384
4543359
24442
4135950
4675986
54129
2453115
3967393
39150
51650
936800
73684
701190
865973
1894749
1435740
2474185
3225977
3026138
3461050
1914722
4476282
732360
2529678
1879799
69811
2586998
250177
2107519
4468295
1477617
4027436
3626661
2553198
2128235
4205315
4107737
800901
1917470
3612058
39909
2135470
1451897
3202283
4622590
4489055
345626
2044893
2094984
648081
528958
3724184
1696087
1183586
1809202
2394644
1257955
1109753
1046630
2149361
1599211
2298276
100
21339
4767265
4356017
216437
2182954
1025968
3491493
3411446
272392
2168735
927674
1712012
996603
2145006
1861942
4563008
2218606
2222967
1699347
3978482
676998
1059389
1517809
1308505
1132776
356604
3549173
2764728
182790
599115
524776
3651316
4502688
3971959
2515756
4747833
2008999
813774
4794062
3940701
2182776
2064451
3942425
4436199
1778936
2048478
2301974
3367607
1805758
2245776
77681
4208453
3450259
3184398
267547
2554442
3096970
3348018
713818
3897616
1147329
467609
2159649
1051614
1031554
1628216
1609987
1052902
4593168
1694737
2655437
1648151
32347
1078904
2010639
24580
1752557
61035
674129
2743169
643277
2067473
1399913
3422600
4679327
1410
42577
3081480
2169217
1093148
59742
186167
1655441
4675881
829261
2959444
739684
52405
1050582
2933491
3846024
2512990
1630545
586765
2606880
859990
130500
1847738
2361926
46945
146941
329300
4753361
110327
802246
460489
2641416
354687
2150734
3383362
2279600
1809491
2098935
122073
1009863
949875
862094
841555
895954
758525
1736335
2182775
291833
2344886
3244905
2409661
3262311
649506
2410949
3496418
1022317
4726119
95954
1484279
134011
3760868
172608
273635
2739272
3992316
103012
24733
1628055
2620913
2093703
39753
2157430
39860
516294
1762733
4139055
1004761
156178
492860
24057
714857
26588
52338
1200330
673521
3485296
945604
1062552
2963129
683105
2416341
1988749
793550
1034889
1426306
2182431
862994
2424717
1583862
858371
1604181
3577162
838714
1829038
1730784
2327793
1285691
803138
1516698
1695924
706374
1144511
965544
1695070
3206723
1674240
1260218
1939641
1103711
2270767
1715917
1830218
3563547
2786229
3709179
3929707
1025726
2170635
690848
318536
679815
176960
759750
2173482
897934
661018
1398167
52386
3400442
21970
2174629
2277547
829567
2161153
1378624
1261432
1411597
1369979
2090255
4901375
2094907
1692248
168254
981332
328737
172612
2445684
2228125
1013225
759751
1942130
160619
3997068
368183
2158481
1694029
1652714
1571692
2557395
1869936
402494
1369208
2864555
2293252
667605
3410951
2128236
28406
913
3758839
2376637
714364
4675892
2096101
2616337
4537917
3425380
3837217
2094986
2061370
814049
2168357
23186
1628219
1603082
1879800
3434420
147810
20269
1370512
2156324
1992558
4527109
2244488
3574159
1243574
2110290
96092
472309
410959
2279616
996163
1031600
4029215
1512371
235314
140359
801439
2444276
1969989
276395
2362343
741470
2948997
2924077
2362631
2608677
4675807
2460709
4159081
29843
453080
1825832
113069
3024185
32345
4746270
3623521
1324311
3549202
4095728
35838
2311454
1879806
4042569
1097393
4675983
154312
3696970
39137
63110
3151177
3237440
3968913
2207125
3412586
2027834
1316983
884210
3228301
44767
979433
202090
3519009
1601030
4579628
154847
646711
2826310
4446042
210786
1929562
188523
4238169
1104022
3604043
23362
285047
4754181
1032347
2387778
240011
1335717
273310
67276
35915
593655
23597
3618128
3348536
2281380
3574064
1914037
1889935
46949
243016
1556826
1847637
3912797
115278
948695
2341372
2226205
1184486
4572760
2098939
2047566
120831
2268252
195532
59721
76602
2459723
40757
4583954
313405
3408469
2527615
1075125
3523915
3698071
3570314
3974511
264402
817908
4087786
2128248
2269544
1478163
2084551
22534
4606366
939749
1519143
74104
1731126
22848
1768386
1484638
1432406
3530798
56556
2883345
1911786
2185645
2204928
4715483
2132391
1657950
2433378
1535635
4761969
1988750
2756758
1431834
2375931
4461455
3254441
3250918
3631388
2394566
1969946
3612056
1557370
1101837
1706310
87570
1702971
2777062
2742958
860750
3093697
2397762
1848456
933827
869722
8673
21210
1914838
2684032
2376360
1787755
2299179
119652
2686284
266684
45353
2851520
20113
4179899
1627104
1932153
159009
4110881
3322673
2267500
3876896
3630307
1979195
31258
776752
452185
2110703
44727
1356548
3371597
1807742
2444152
1713930
3883626
3953695
1631405
407140
4751013
119081
4751008
265105
755130
2298478
2743962
176970
104507
2391304
4168201
4840674
3885608
161902
4605419
4044607
87217
166623
1529702
4808501
2107864
2887508
4442962
96496
2433379
2330280
2098710
792994
2028259
158005
2293346
2120633
2102288
947711
2245358
2139059
1777056
2381027
3254383
143223
3974510
159069
1007523
6928
1352234
4735366
2439511
1544033
54881
1105181
1825764
2090269
19512
716268
1438078
2002011
4771947
3974515
3960898
3355124
4727348
3244703
22790
1888533
2421269
1100228
3950975
172618
580453
1302757
2779407
515522
4678484
112726
4008291
4206100
648821
21252
3633389
3146821
1761720
106965
1411450
1062409
4552785
745789
1485686
1578265
2024999
45446
1125971
1657945
38759
994065
763295
224417
38903
983896
2393326
641677
3714076
1120233
3405866
3505124
39047
2584949
1773541
3585911
1496790
4386401
3365777
2556370
260236
4657226
3372105
2422329
511457
2409656
18606
35559
2289913
927935
4281941
1890981
860486
1459209
3707411
3119518
2768675
2683162
4816256
3457142
2428706
3098728
1425694
3462266
454123
1651265
2139428
1286105
813771
2258912
20381
696698
2162630
1919496
3925572
47406
2160466
4589307
23693
2216532
4605126
4852496
18811
1770369
1971754
4443280
2176498
3017080
3317897
3349123
1154151
903261
3982077
121610
3903862
2067491
2455486
1024830
645765
240574
4664129
3584738
2638968
3389280
2065649
11525
2798024
1558891
1761293
3857532
1058950
152490
1621723
2071760
232738
3145415
1591583
263472
3645573
1712800
2267564
1151315
3766262
2820127
2927020
4842610
3333178
4717817
132078
4154972
1262421
4430158
1008104
3185399
2550233
94241
4440961
22024
3029219
3703874
85685
661228
147635
4829379
1544370
3491556
1847730
1048163
1175549
2052680
3363194
2542940
4459928
3793754
138420
3647100
2078902
17229
3327726
3400147
3920451
81041
4623106
1056579
236584
2743170
2437957
1813917
2503696
2127846
1581973
3899778
2052419
25569
73773
4750235
3050184
2564047
3118764
2037320
659015
4715299
3751403
1314716
1694865
2330648
4791392
1585151
1535688
170780
1172674
2110795
35464
61390
1301543
4458045
1209162
1730785
3061438
31942
74607
1372407
136149
1784076
172609
1301967
3689509
35088
1457684
2105441
3998229
1454900
47465
1560008
2199181
1625592
2099730
641945
4675982
3987866
2812719
2951750
3842593
1725587
1002859
2100198
39224
3889659
1545872
2470378
2015715
4777380
407040
50444
1899080
2463654
4010429
2488203
3716484
546409
1603390
166586
2230635
1442884
813910
1272916
4419688
116313
3509191
50348
1161895
1606976
1370176
2983685
3388576
2150381
2156325
27594
4176352
2159664
172610
1844230
513785
1054741
121332
242372
2427885
45407
4101720
1844294
4049239
2692023
4265676
1900061
4394753
3328379
1658830
3623639
193623
2431519
1940431
85274
4642563
4498758
3931932
298177
3409629
28757
860897
2138176
2580768
2163088
1398433
32596
1984656
2559122
2461628
3947386
3708154
77841
1938400
3560552
4485423
40153
1456881
1715879
63223
699630
964823
2571342
3808890
4297644
2582179
1690354
4852491
4683052
400142
2129146
366083
173499
2383275
94040
3431605
667402
3445980
4035458
95
2495554
2172170
117989
553690
4621445
1022325
993162
2134074
3968710
1316757
1543879
37348
24542
2373553
2190854
3475214
4095727
4705746
2628955
284200
445518
631215
21289
1827252
1091264
1594240
3397222
1084459
2912126
1946199
1770367
4605970
4696037
1554231
27066
2141173
1342417
1320642
4247419
2152866
3408473
3956152
24135
2474977
2499318
34410
183053
2078154
3541564
2582752
2195531
2649172
3934492
1699350
2445824
2118441
2192209
1752556
3856238
1807739
197394
2184557
2381863
39169
2383176
2168798
1674100
2118615
4476076
1652308
2344888
1863411
1578347
682335
3824973
2542140
3942613
72087
220773
3028531
63894
1027952
39738
1961156
3993332
2388266
4568546
1675674
949120
2246304
1165773
657497
2794005
31471
204857
122198
39713
739281
2494318
2480900
444918
2639288
1117400
4593125
172615
2054968
1158424
1939639
2454343
2778050
3682915
950287
2956645
3406983
3317509
2551352
854308
1599708
26706
4522436
3879543
3611792
2064454
845724
4675882
1052789
2173483
475800
542995
4675805
644603
3353307
281425
4602990
172616
1794209
1721390
2158482
2925890
80071
1435741
2247310
2406460
2004571
1632361
3724529
2132896
2756876
878208
2781805
2164477
2545740
157202
81861
804435
796622
1829199
2687843
2865231
3645659
1389996
1886664
2475624
685235
75990
45566
147887
1123156
3135913
67321
1788615
2134401
1807643
3943719
38893
2832791
769071
3359235
675187
60038
172614
3346252
2125386
1432337
2146846
2096105
2070352
1889984
1056906
1627640
1761723
3751621
1570984
651694
1990732
2003219
827943
1860937
3243084
1290384
1688334
1561280
2823953
123571
1803605
4600350
1822753
1864005
804051
3128069
2150738
2320798
50616
1949712
1603989
913037
32395
1870681
1895399
71653
1201439
1481894
1156129
225203
1796419
2397764
1360197
1861167
1751724
1799136
640155
3310537
4338138
1454329
649369
542743
4208456
79273
1803430
93265
2010244
528556
2394641
714366
2105735
7621
172617
3046424
2022729
52512
1896856
1603393
2931869
788426
2041620
2110291
4030273
567599
1949397
2345358
2514915
4186876
958456
1006783
981666
4782628
780864
2018883
1332018
542793
1618999
2270910
3251344
3590172
861970
1456752
1011538
2098533
1602455
1773335
3393470
369033
62668
1818777
3511133
969667
4139056
2845284
3172774
94974
135621
2169321
1914839
3985200
2280667
4328138
2794036
1565327
2153848
1657611
2032482
210975
1708216
2690034
878904
3694658
421364
2066529
1306667
2656407
20454
2110705
1709651
525143
2442817
286345
1494329
3218345
3855542
3920715
2163274
2340213
1526563
2667924
1591462
2129475
653283
2627503
1889115
2414336
2151201
1583863
1032282
2399037
2116803
1634715
2076863
2114513
2294862
965547
923725
3742773
3432273
161151
3664374
3153419
2097613
107459
932904
2171645
793295
2864261
1581999
2268939
2742957
1672243
3628344
1501713
2050992
1361042
3122679
2311346
2687079
3016930
637539
97073
58974
4196571
2765918
2507692
949679
1399604
568564
2492133
2460201
2334062
3127589
25980
4587237
715972
1046538
337240
3713583
159317
261929
2310782
87314
3314329
4537919
246301
57398
2046861
2331940
1494327
65376
86274
1553461
55769
3549174
626433
2103429
2085482
3627264
867801
1809796
1585340
531996
156846
186301
3082927
4121939
75656
1911344
3448460
133675
171643
2100764
1741064
598437
1545306
814465
1018918
190494
1514919
2791849
183361
4639931
26461
4463261
2873277
1870007
46997
20496
133133
4233788
2312576
1319948
1842547
4591308
1354586
1890404
2363464
1777059
2743103
647026
1408784
4253723
1102189
884796
3236954
1524046
2090848
3096793
3626660
2679948
3359457
243746
1071073
1101776
530516
2327795
49404
4722628
728000
3211766
936553
1929568
174260
1948011
1378909
1035192
1407934
1077059
1579635
1076478
2337371
2439523
1160778
316152
888623
3526459
2496179
3500254
8281
2431517
1946219
1500995
1694585
1023080
1035561
674928
3928267
39297
3620254
368946
4566633
1092887
195533
75298
1402545
1936877
2953394
172613
3242401
1004224
2647779
81473
996279
2256438
1037801
313546
1451925
3749840
1373590
2128705
272755
119740
829381
3726380
2310601
4293511
799880
928422
1594477
864975
371931
1677599
3651317
1627683
2048479
4261555
1991725
2098711
2449790
2611170
61995
742566
1468244
86438
1650328
452187
1861943
1581352
408668
2344570
1534521
1019080
988509
1604184
3823566
1659929
1625120
2877213
132051
3834026
3686276
236746
2655767
1758875
2182448
1988752
2135906
745231
83203
4577156
1522655
41471
4539818
462699
3672420
1432405
926138
9825
2021703
471239
736217
1899211
912135
2222443
1617643
993420
1541009
29756
2397367
3367232
883093
78032
479327
200205
797291
3708157
24021
4166230
2942252
4024171
2276455
3238557
119082
786346
1462835
1498112
1109084
1821320
1619563
453094
1847494
107287
1987976
402511
77786
459097
2336246
2212503
397477
1592431
39369
1784089
2604391
201893
1270879
789817
1482261
3316127
4816331
3574268
3785211
82240
1849041
2164591
2029100
2217358
35036
1972049
391163
85419
1341478
622985
26946
1252488
212
4388330
4778910
54975
266686
2132808
51023
295622
2182774
2609732
774760
3648329
3434155
1522239
224016
970476
323959
1138718
225364
1570275
2195925
1455782
134048
794584
3528018
42168
3422596
2234869
3116283
3223088
738985
3185636
1695926
2203159
1736448
59793
51232
1534435
1764759
3241914
3379698
1094112
23906
1549465
674825
1557305
2003950
58445
1080178
261899
4116266
3697682
1610541
961659
1106084
201072
1443991
1658940
1014828
2090802
3574063
2102291
39348
343672
1182575
1586530
1566726
54480
101681
742350
2548565
3698070
2479752
2787839
285642
59741
1881882
408134
337536
3348714
353436
41138
1132780
180376
814392
24282
51767
4027220
61903
36461
26014
1608127
564473
819531
3092841
2317117
74128
67139
569554
1941025
32417
143114
2326009
919995
281524
1509937
1372408
37571
1967528
241465
2370642
1758985
1027968
1095585
2434492
1985308
21352
121796
785380
1071126
3420595
2777424
260361
2451756
203154
890390
288721
264222
2218175
79820
44944
3969114
2097661
1441812
1408271
1450272
1494695
1537584
915125
1049549
78627
302575
3585912
4675808
270103
3623522
3019887
810134
881702
3556242
2638190
70668
3426491
1071233
1762731
1662440
311807
123459
54193
1061240
2017788
525278
168747
4701472
2088717
47296
1476758
2483467
4648306
2009758
4337670
274808
2341608
993534
505470
4829380
556823
1474796
1921332
294226
713703
83160
2592399
39306
147105
2245770
2366097
74017
23983
1991692
3535449
1020095
1939675
286004
348551
4351393
1838480
1638985
4045644
931503
3372370
3130107
1046851
1444640
1836819
175743
100770
1296926
2743617
553225
1425695
4088062
147372
933676
164134
405856
2316004
1697647
4727344
3081342
154460
2620914
643779
901672
4159567
103586
45445
159170
333012
1323235
718768
1385401
1707326
1414724
2608593
607417
19594
1255332
122440
1327442
1071520
33669
329218
2040878
1442774
763968
329707
675038
1961324
1589976
42861
3913724
2449983
1385570
4769669
242281
255655
659679
1202239
2421270
1631366
1599095
653879
510731
3444645
25902
2391309
2669766
1787473
1542134
44890
313406
3034404
37086
622461
2367230
2362243
2634298
256029
2108563
996206
287493
3451114
832694
3246922
274086
1859118
437690
1556747
3136716
1723437
758469
800706
1051233
18765
4149409
2457699
46212
387277
1403206
270013
25903
3990869
4675977
442512
1786750
865693
309210
438583
983600
2200805
2094928
94713
2062382
64794
316259
1509550
3763339
416311
277212
54622
2145576
2789458
1773095
1699127
1710523
1097386
2204923
3309321
843416
203363
3411435
1414509
177430
273809
3834362
515123
2314338
4722404
1453785
218436
987542
286099
1734543
38329
1992111
2011464
1943747
955423
1002309
1206647
671413
757825
1103596
646708
1001487
1840048
1092360
60422
4583950
829294
755757
2373030
1657912
647644
767241
4119686
2094904
395954
2468751
3808887
2302022
4938436
92074
1185405
1915095
4003320
2191733
1270575
184652
1476702
195420
1285690
453759
4461456
329999
2026797
265460
2258955
198462
2319110
1695852
2279595
79851
1827144
69934
4429941
4464302
2560717
1210886
2204908
242003
2096225
2390179
1138411
2193879
166631
1802638
59918
1127100
976179
130744
937699
315826
83328
397300
490368
461956
1360205
439085
2437953
338842
2780934
889321
11238
1105179
1971442
96408
403731
1807741
2476084
1592517
1066058
111047
2277735
1596683
4160161
375748
4420284
1154152
951946
3727507
2868384
429821
2314794
677964
464644
1157585
812291
3581298
3533265
3626663
1468359
3411192
624683
1076345
1793891
140362
4240753
2279611
152521
194
1546719
969644
183385
39894
598895
700513
240192
4593221
1854512
659943
77541
2168725
1561699
642303
132080
2840427
1066674
3795063
315634
1008105
2622412
1826030
1879793
176441
1447682
1046539
1830207
1449112
40199
1036394
45405
666332
1879803
1002310
939142
289276
2422116
361543
285231
1732177
952070
594259
3762857
2933516
863922
81053
136432
657676
941055
1025476
266656
469346
1654675
2495753
821890
2202603
1701300
47875
3018925
21998
1295443
1661029
1656912
724319
4254477
153476
4735726
156744
1007355
3283244
3370422
98276
2099650
2257480
454733
26688
2800788
4690392
358316
972293
1077992
2836542
2539426
816407
129652
468567
1445261
1694739
2312577
1692395
159760
268153
92187
3985833
4528447
57726
32346
158337
4392409
716271
400706
23360
151530
4328159
1938401
50839
2577107
2094983
1726568
2500643
3322855
252047
3618133
4141958
58728
986751
1948944
70845
139793
1139047
2894445
2203218
2771116
126482
262537
3817362
4634849
2205852
2817598
1942822
2491714
3894237
12061
1266866
1844210
935505
1358219
1636111
52372
3707412
1805885
2382785
718946
2197545
3410953
2507882
1227487
112350
824528
4678486
1544436
1312253
36205
4749409
2115518
751016
419859
21599
391739
269148
35539
4591355
4015937
2601092
431971
974078
879655
2456039
132541
20002
826941
816126
1939640
982599
1509447
204005
2635266
9628
109381
948861
2126721
268498
4125143
52941
1397686
3534703
1863210
1724777
172619
1602613
382286
34529
133323
158394
909516
221123
983897
89619
1411681
2412690
1863250
590847
39752
1360782
208891
96586
2559124
87780
944649
83743
1073898
1085634
34468
1317296
108635
22433
50759
791990
2613718
829723
22405
2347566
2431514
120112
848735
1439924
2085475
1549112
2619281
3618915
2237544
110188
1080906
1168370
1842545
3405778
284438
784970
401346
2953809
3265554
1252652
1064374
1581998
1479998
2219039
387847
1400764
1777058
1730107
32183
2115626
1874882
277858
689845
1630162
2627811
4579903
680919
40107
2385228
333871
875075
815209
2366098
965502
1891222
3393033
2301528
141109
3638190
1124919
3491494
114471
1195098
2582269
780119
919819
1431831
141155
4633142
833387
2424474
4874771
41587
1548983
75720
1676827
822694
1278370
2485988
418030
62552
994953
1023370
83678
1200812
1744285
329747
2273329
4760321
217183
1099950
1283144
4718025
271313
162193
1120162
1648341
1257907
4664127
355974
2094426
405803
173506
2177959
1773498
58817
1001410
1559864
40287
255802
1711983
4205312
2301973
115279
124524
1024685
80720
1245275
53791
1434855
2474354
271339
39522
4029213
2399767
300961
140987
33668
3131009
1101042
96817
904686
188918
56346
2204121
1229258
1349695
37751
54983
1212581
1693528
138494
399449
926135
1242829
2038207
1766380
1945006
94
40413
54119
94582
3256171
2025406
1558860
47727
3036274
4705748
171918
861844
830582
1273000
61749
1070622
4524137
2184561
812377
730173
457761
116310
1035919
1298489
1211443
3775931
3359861
242373
260493
95252
1405191
1627102
1040901
1183630
2503695
1592378
289859
1814875
3116392
2692111
987437
2032549
1128091
1426319
2575919
1444856
944878
3572519
7572
2104308
927700
2431521
2983682
3925909
4006324
43385
4697678
1441883
2226250
741466
1059410
56865
1632045
42035
154391
1628057
2100932
41915
1001979
1139225
75653
1917542
2787350
2832711
2388283
861004
1864009
1886979
2166563
4001792
267477
2158480
240317
143160
389079
1545302
71098
67168
934425
2201885
2258371
35090
51940
1401866
4702417
44542
996260
88055
2857822
965542
567763
4792613
26147
86772
2795660
1394313
66019
2449785
38134
789725
1331339
447507
2087511
722528
1319685
1863200
3168249
2413347
2316823
1246923
18764
1399603
279
3526457
1038609
1101206
1713931
363948
1011726
2070439
1864885
1290381
236372
2620386
696697
39466
1656958
961947
291432
1657948
1120750
119878
159377
1986396
1666443
46024
492149
228666
818372
2291417
1431832
679309
4762341
713689
2063004
1628217
1659050
1414629
1585224
3206351
4129822
4416447
1065899
2756905
3648058
523181
412171
1891294
2776970
1722008
69767
247512
2121474
1208236
1111976
1211183
1434861
329500
918243
97724
921964
998643
1225268
404726
284248
37096
1611778
196473
2046445
3548111
275898
1383328
1123158
227886
94132
49783
22023
3485295
286991
2291586
52682
76230
2162144
81421
2608676
1415713
63386
777702
2458021
958449
130716
227484
734183
1373316
38270
2170504
2323011
1578624
131355
1662840
672187
2066530
3855543
4199237
2233660
1210573
115405
656578
831167
122200
1869934
930482
2427884
2816600
641219
62903
873294
49829
2879540
2284959
524612
281982
103582
3590171
1388666
767769
43528
438663
1417256
277187
1959273
3062961
1630032
1153285
1828497
122429
843417
266683
38896
4082647
163506
1230701
1097149
1822452
4227539
956504
4745372
2422331
48717
1484586
1360632
1262761
916939
2564045
1213587
41098
567614
1027700
20380
759205
2090843
259860
126530
970928
521568
2476162
54192
4143575
3435887
2688065
129355
58892
699166
86442
983431
1261431
2152167
1323285
2912403
165983
1206111
83167
4247423
1193003
2102011
239992
4340286
304823
2679947
2183438
44942
222425
39872
1274573
4208452
899928
1261691
861684
316148
1537581
839861
54246
1090675
1596171
1824518
553103
910780
358219
49837
3574267
365047
2054964
1286415
4019233
1584539
360179
773965
2106550
1294191
1145627
1911345
1580117
4439246
92760
3238607
901472
2233806
281046
96585
1732940
1496706
1179892
1045500
422503
4553757
1643106
105128
1934869
1056206
122246
2169875
2304791
2414693
1799134
2836246
1736328
416732
724432
1020094
1023082
1949487
339059
1132777
180323
2134594
91671
1847492
152461
104893
1103436
3076125
1013285
487361
1583861
2950700
1268520
803112
379035
31935
443674
1035927
1377406
1267643
26413
1655584
1973826
966134
3431601
344454
962127
1755293
55309
1006036
2383179
109981
303103
519635
1466884
2809894
387686
1028441
63459
1699349
50374
879221
4245518
3499848
74559
1072455
250178
3068187
452184
153070
3102297
3599759
65454
288722
665251
358356
1606807
841587
1589985
2805361
1015279
4463274
788270
408046
4679027
157215
2824548
919963
150919
4769698
232124
123572
1056577
173089
1042129
7957
905745
38872
256025
4480795
41472
649983
4113363
3886474
1028004
495497
166689
1556746
1165772
3645571
1020287
1015455
154314
28405
1525735
641039
101794
109603
4781448
1077058
3667994
2396071
3929359
25645
137301
2468749
1510467
2781627
398012
1933248
1438174
1031501
827933
758426
2496200
154369
1480901
926747
762136
529991
1773539
68126
273624
466620
1409238
24917
1135395
1568516
879432
984945
904133
1441811
3207021
4028608
167610
514513
73449
1391984
1038009
2331969
949010
371828
1602453
2169673
1375490
2409376
1896462
2370641
196037
829887
813757
1177825
1862295
563020
58177
1048277
3591219
133471
585933
565172
438059
2640741
62204
1035059
166754
265595
1995446
141110
779204
1201470
217789
1781539
1039533
404032
163705
1610450
2201004
745274
863939
1859117
1128757
2082725
49401
2541528
72488
1185697
97689
325888
181426
329480
533713
870956
249864
1536939
2288208
149480
3662505
68645
546081
549986
1948087
1466169
85118
1014417
213578
167618
1584113
318537
797406
716610
166633
288495
121330
441914
3628549
4600754
1682468
1372362
127825
628779
156720
1160777
185456
782516
2652205
152880
1280961
2276466
250979
514744
121926
1056733
1595091
919877
1086432
1890977
105873
99583
147104
242938
991847
754691
1092593
254574
1204086
49659
714363
4186804
1805907
63892
221507
2421268
3834512
865679
4529476
583795
1120087
94698
1355140
294223
2143800
3635030
134370
563221
44148
3528017
67008
952403
94792
745133
1175100
94637
1262271
1085480
90724
135588
741111
1442771
476632
2355272
822095
221917
46601
794364
1717795
797731
369431
544372
797289
307795
462169
3872662
57626
67922
175363
949203
742368
41539
23945
2843334
316552
83386
1011649
1057481
3589632
2116602
2555533
62914
588139
1102453
1148938
1863413
545783
1370175
853963
878905
129556
621103
1495901
171640
1451844
246716
98164
436346
165525
1832048
1018919
159585
20445
878361
1360745
1478540
124026
1022781
1522180
1077524
1348390
801119
2846394
869498
859509
911923
1608214
673595
3767532
146058
70842
2274672
92544
1418126
1288792
89412
1173611
95691
408149
1346448
510541
3745418
120245
1006782
502643
160257
520371
174802
440434
288720
101237
557404
1397335
532217
575667
1521579
105715
1380496
742345
950870
3564755
240093
2650306
2034096
273643
570970
945334
210705
159314
3410950
879330
90669
528218
948694
742216
85650
673034
230198
3212472
309208
62663
453122
486510
53242
171961
2163527
1018714
87715
929611
3048254
1353804
444916
185285
669294
926585
151641
106463
951139
1854033
166828
2039236
581753
1863268
261897
518150
1103872
316403
148803
1130763
41234
78190
891554
1612058
280769
843415
1235719
1027254
488990
2434491
770972
191008
120554
709709
640715
26179
2791838
184214
315732
83201
210234
199046
77573
48269
131790
3160148
880560
254969
1767895
934673
75322
71838
132688
187226
2022478
73884
211311
984053
35410
321984
1172303
1730783
256092
339929
60763
261851
533064
966308
77124
148616
1383148
1243573
147133
442462
878055
170557
62307
738962
3584735
684589
1355890
979324
2270391
46939
52286
2431518
519847
523592
1315101
655898
1511038
19984
931080
3670300
1863227
186899
774757
10877
690409
437619
329217
980077
57365
1080177
586767
491786
674126
1092888
239886
158004
274700
486680
643479
1489273
517420
186676
1455981
172967
676947
310973
3223083
306387
1035529
159168
4015974
995942
538386
232876
3621769
1014240
736884
166211
756413
380172
85745
786333
1302609
1996778
1220231
139572
2950190
1494328
242371
857603
193924
161631
545636
248611
111871
2177706
156165
439084
76747
537804
3336654
313787
1409523
170229
612373
2361248
2231839
1027439
52725
1716051
613353
238105
1100740
1033476
172551
201641
353435
136703
333818
685913
937689
2922333
961652
1174057
524312
402516
505999
672240
918819
884211
1031483
938990
784255
1372406
194569
70665
124733
129056
881649
1412352
711353
477088
132397
1130468
205643
52440
521482
930162
208809
1102419
52922
1024671
1637825
1097263
56089
619959
168753
169520
172906
211502
778229
285987
873228
667755
1940033
328906
178341
261329
1190633
80911
1412734
1106113
268952
281625
1772743
171120
134027
1514191
126921
1456986
466518
441717
2202413
503493
586443
250467
1242687
1557303
373840
180900
1064692
122197
2390022
119080
417913
99061
438581
40868
221902
1522626
892475
1107212
149210
195530
153613
408835
814436
1208452
3817574
155276
160138
4828490
67131
87781
108554
59490
54406
1042530
3471626
290537
99347
54979
84306
85977
921407
178144
519216
516330
429820
1071071
1092087
240573
313331
1803607
286010
135091
196695
285798
1793890
603689
1512625
57281
948608
647405
354794
2449783
2255531
324876
1531
274356
1071273
1508790
97028
405362
1611082
2820126
1183575
38780
167499
99197
260145
23984
961826
3544404
1089690
1885816
355977
313404
34527
901671
2389969
3760606
173540
673360
144780
159758
55252
1050356
1160178
4197325
155912
72473
2170634
824743
1545803
1260880
352880
4462023
2422731
1136505
434634
1967533
171244
1040649
453757
417812
163312
275989
47816
352140
129257
143847
133901
195692
747806
43539
298156
1518940
4113398
75686
794809
716656
1469284
133271
1330486
426998
91216
284260
3920718
117959
145546
2131227
681668
361554
329497
55714
1822224
159708
875238
821752
554455
735160
766112
506020
589867
3411190
1277087
487386
168043
71404
238833
733751
449542
527314
75594
919818
42165
561689
63198
43972
722237
622631
199294
338971
867511
545388
130072
1041738
63360
765340
878313
550612
417238
251846
568329
306046
3261034
932076
1487270
190960
1559480
151170
838654
976177
85675
767768
1786251
742805
4678483
59743
821789
505419
121121
568957
130511
370918
43223
355754
163022
2362263
786438
131748
266958
694814
2620915
89268
649371
281584
1075797
1145553
500618
143161
1714573
520735
3626662
48532
3526113
402074
792711
1062352
516754
78976
85224
3367240
425075
816757
2391310
1076343
1154150
3561026
151811
285230
1284592
358259
4461454
3913723
932936
520157
677962
754073
927699
45904
59269
781721
169503
1054661
653878
950243
3371436
177508
995681
303104
66370
1729203
514819
800601
1160829
832693
115086
96089
155277
34663
56555
130743
917091
57416
1039514
539906
136773
1285689
815208
1864883
812288
682282
1149619
725498
151366
118995
1312252
523933
56493
1542133
4059156
1327441
204019
154315
815452
43676
1120751
170622
824137
1826147
1194981
395946
303114
343673
1508248
456881
318365
426468
4883679
164042
931497
242278
941038
1517376
644601
1625590
1534522
94038
436344
865638
405780
116129
214129
3623518
659677
1109358
146224
1079054
173979
160237
93575
1826999
1137370
48979
1367746
987540
840750
2240526
369820
120102
593567
1075843
152949
352144
994523
2172908
838743
1035918
382293
4111778
285553
995172
1051358
1013369
859841
57491
87170
210527
175450
246202
1360204
336942
879969
756501
1469353
1270577
138258
3933604
1180743
1629507
386138
20576
57661
2288896
50340
741358
1015865
794481
110848
681610
882091
357802
171769
1119211
932935
1854032
67502
166323
730172
760464
1016203
916230
818430
1019088
787789
339056
300255
3883111
843477
1257357
1807740
998642
1445267
401345
70465
962499
47886
1107283
416043
1457909
515521
3426891
2182777
742861
249946
1496253
1033077
1020815
791943
677729
491784
215028
74620
9889
935503
1539044
692935
79474
976193
61663
1629508
81963
2521259
1308944
815150
865639
35124
990654
1457274
857602
1700020
1194748
1375727
935886
407295
1537214
2988162
312145
803137
1183260
3245110
472307
391740
1288293
1148247
2786063
1454377
42705
1061724
1066094
4574919
722514
1807734
838742
1288449
487555
1092363
4867760
622457
1023897
534476
665663
593825
794480
2048191
417503
1060951
815293
4426662
4408758
64613
4634744
741477
462736
4059151
35015
1528225
4376495
4796915
544419
931859
2101630
2004892
4244680
2737141
4147579
4493700
2721306
1884781
2026140
4570949
4059162
4047519
2628162
3874411
695162
4536514
1186901
3264450
4867757
1736327
2958102
3265469
3789340
3102206
3061336
4403447
4795772
2734813
4867758
1426926
2582895
Total scores: 8623
Average score: 165090.11
SSH: 5782, SH: 1056, SS: 302, S: 368, A: 1013, B: 74, C: 27, D: 1
