1808605
1860169
4742940
4838606
4886597
1064976
3946158
4850086
4749785
1990718
1241370
4055410
3383316
1582287
4641395
4641389
1225022
1714882
4187053
4833586
1701404
2319171
839627
2708949
3647151
1718152
3069102
1754777
1911572
2847945
3895775
2099491
3884667
1826438
1636104
2568117
1770368
2323911
1655981
1918978
2898312
2659724
4892236
2564014
2675575
1872396
3041577
2088427
2041050
4902123
4651531
1895606
1701940
1129193
4637584
2798282
3012798
1892340
2616989
2069841
1737899
2691949
3038997
5043615
2319170
4511021
4746232
4684213
5077239
2194234
1828346
4768112
1073279
1895605
4914436
5020021
5075617
2034654
1570203
865344
2759805
1742470
2129143
4874775
2280205
4863998
3945834
3586535
1487521
2116006
2419085
3781668
2594347
1951973
2979808
1911574
837694
869222
447145
5052424
3582899
917129
1805022
4682716
1258642
1759814
2586618
2615210
2513530
4445719
1649842
1955170
1849433
2189687
4972148
1936713
1769144
4979228
4882768
279140
1895604
2470211
4893706
4961894
1836593
3773248
1896447
3946327
1695382
4917244
2128030
1843481
795627
3574500
1736571
1395942
5048960
1772514
1343792
1576304
1890412
1883745
3619070
4638517
4647289
1736329
3483015
5059698
1756397
1990449
908042
1780800
4847965
4922629
2698188
1919312
4692204
1193449
1626537
1936782
1466557
1649989
4859070
1308975
2077126
2044362
2185148
1630565
1810150
1133815
4906159
4866452
1736332
2486881
920879
1642961
3090299
2026320
1892257
930249
4732555
3875908
1166895
1643270
3008156
2035291
1977528
4250172
1875396
2058788
4912563
1925409
1836484
1969946
1019570
2806598
1725588
1956122
4480585
2077119
1678956
1912276
4993831
5085372
767203
1651290
3036835
1742484
1091062
1633050
2112902
4794241
4457206
1484776
4933637
3070111
1144515
4519376
1659421
4301431
4900540
1556943
4832603
4961220
917369
2484994
4863996
902259
703794
951053
4893638
820619
1713939
4765046
1899764
1857519
4832395
4686843
5026057
4491026
1982341
4011524
3860843
4731228
4744347
4851768
1571309
4082234
1183255
1783947
1808741
1619555
4829327
4696034
4955680
4933392
1790044
1537817
4891486
1862062
1551135
4920155
3121104
1332240
1860433
1419403
1101611
1706834
1768904
1969005
2131079
2404778
4703812
819641
3092101
4949926
4520532
3808645
2389695
4641263
3967144
1827323
2078961
2040582
2112908
2084862
4872483
4943930
1725624
2533281
5029247
1056207
2839123
4529872
1500990
1902832
4718266
2080742
1706278
774965
3668045
4470232
1102552
880206
1701563
4851769
4731181
2011121
5110801
1490015
1995244
1907933
1944926
2574090
1158325
897571
4837662
2046653
4847819
942522
1401861
1125784
4913782
4864071
4767774
1770621
1968445
4899289
4861014
1734750
1073071
715637
2595335
4432586
4712823
4669009
4807213
4877371
4656077
5041598
2079597
4931910
661705
4922085
3893425
4763857
2357524
2022204
2703519
1127620
4907419
4768868
1809691
4704022
735272
459845
4911314
2302135
4877370
4898204
4658979
2906125
1007311
4921479
5016525
2965848
1979344
1840044
5062277
2121230
4697929
1911636
4842580
4132501
3080402
1800218
1501840
713867
1127615
4052295
4848143
1261191
1640330
1571448
991733
1722406
917574
1625482
4762314
2010006
1722487
1968836
3217116
1820257
4019123
1861010
4913822
1391928
4528432
4513736
4248264
1683433
1727980
2022718
2004799
1356795
1843589
4883682
1836354
957468
3855721
4954819
1392757
718643
1876015
1699366
3609341
1736327
1093605
1937046
1428543
4897206
4803879
1737169
1758255
1989857
1762431
3628308
2993974
1416966
1820921
816600
1587703
1752315
644971
3011628
2790135
1796420
4700618
1879808
1623285
4501688
1519860
1199955
4915225
1582549
3856494
794670
1816320
2020483
1578009
4863124
1699759
1716732
1769121
1501472
1689076
5027902
1941499
4872638
4895740
2479386
1783968
1844229
876708
297115
1365637
1854022
1400687
970331
1494828
3935202
1642274
1053520
1453846
2946220
4893412
1658474
2042323
4852956
1596706
2485543
1654383
2989852
1827558
4630419
1014241
4208098
602547
2048477
1762429
1848919
822651
725908
2038750
1412813
3320987
4053834
1679667
1474956
1341674
1487821
1972480
2702294
1736333
5059692
2536440
1971822
1702172
4926061
1844335
2077120
2096054
1925405
3003706
4726790
1588369
2068681
1726994
1003944
1831261
1078552
4969774
1718671
729986
4587639
4874181
761379
2037502
2112898
1671171
1649064
3957892
1917082
1810372
4411464
4889508
2067098
5090612
4124614
1763013
1765847
1736331
4870969
1071438
1657612
950234
4959880
4860988
889322
827317
3829916
1071242
2022202
4945751
2328396
2263159
1858799
1956123
1818428
4116304
1350927
1860435
1808848
1868484
1107674
4985693
4845764
4972439
4795457
1220498
1982762
5036289
1392442
4756317
4247753
1566387
2791409
1949535
4340600
1973410
1580814
1911333
1667486
4577577
2231831
1603621
1350227
4949868
980431
1582674
1741062
4974858
4633754
4644196
3868386
1562161
1611251
1935389
1130590
1519863
4852998
2639644
953586
4893637
4955014
2077849
4653339
1352342
2102287
1667803
1282628
1183569
1823389
1508874
1822965
1879801
2546607
2016501
3211577
972034
1514412
506357
2025942
1881840
1175910
1541907
1813052
937647
4699820
1577751
4934557
3762927
4874139
4823651
1731665
4912298
1216800
1983457
633993
4866668
1742483
1043170
1541404
4907015
5019810
673632
1484989
1650477
4347564
1630299
848345
2978156
2089680
1770623
1067194
970985
1783812
4989720
4769756
1836310
3108018
827488
1694501
4790336
4191097
1569378
2968871
2120669
5036611
876685
2083431
1913605
1165780
1731701
1034343
1666552
4853009
4579473
4885626
1720982
1183208
2125715
1287292
1281383
2549082
4808165
2041871
655300
4093739
1819898
948389
4878770
3669201
3032168
1982350
4687919
4920162
1849273
1639177
1827432
1993380
4468758
1725999
4529450
753010
2067137
907626
2112900
4877372
680875
1627148
1510219
1863270
1691158
4043384
1885374
1770624
5047068
138008
808848
1091249
4879629
5004039
4791284
2748808
4479061
658127
1573320
1637380
1153240
1675833
703657
4880587
4980482
2532278
1299322
1354594
4939037
1688458
779452
1354522
2805356
761857
1638679
4557457
1978495
1957638
1429533
4462150
1573321
4672134
4951966
3899016
1104057
1820110
1583135
4852068
1941498
1881833
1868131
3910146
4866243
1822966
1300260
4140922
5075341
5085735
4947208
4880590
1675838
4690436
3424965
925802
1108702
3480199
1725346
1150882
3220384
1313431
4949252
4393208
4872613
1121032
807482
4711474
4961639
1568261
494114
745360
1783813
1102688
949508
3926416
4955030
1621068
772774
2069748
554935
2329514
2116373
1131690
2617772
1654579
1795723
1843653
1965348
785394
4099971
4919463
3708195
1927665
924717
1454948
786379
4785665
1056150
2163531
1439489
1760024
1231936
4839642
2075479
4974590
415479
4968023
1890246
1962335
4759291
1625951
1402367
1786111
1949536
1419400
4881486
4887711
784411
1419681
651744
989603
5068859
2699138
1193476
2572105
3665005
1652554
4884741
1699547
1609772
1127768
1586059
1782778
2112907
53554
1972601
1762423
792581
3668547
5105002
4964135
1796418
898575
1860298
4947374
1029255
1828343
164183
878721
3977348
2091238
1831032
2335100
4247752
1556336
1799638
1700275
724360
1901963
4248739
766475
471598
3875363
1532339
1117869
2457075
2660294
2332941
2781166
1915794
725026
1766841
3758092
941197
775074
5102532
3705040
1095854
1586061
5053629
3841708
3862258
1722890
1628131
1626556
1678715
1070249
4880593
4624077
4783367
1576449
4961790
1811448
971528
4692520
4907421
1843086
4662127
731320
3322671
3812596
2198732
4121115
1725782
1497899
4922264
915210
786867
1668948
1174467
1695379
1822016
625507
1672513
2977094
1983122
1608414
737117
1608832
1273729
1193499
5049384
794624
1813918
1461877
1250271
2023927
665200
1041710
4916540
1027702
1863992
4883689
4520850
4910690
4928938
5003261
1075001
3191016
1301498
4675786
2701517
3069900
521750
1962198
4889657
1266406
893736
1421439
1357035
4896458
4863521
927781
757003
1243783
3015347
1593691
1836274
1306871
4879897
1826749
4056098
1653145
4829185
2067117
4884621
1400414
5028070
1573280
3598436
5024974
4926311
949011
1828537
1129148
1669719
4922850
589969
1077523
745224
1725648
338545
676172
1120405
1991177
5081441
625323
2962850
1767768
1172819
705018
2077125
5071246
1476606
898597
4972953
1934215
4924394
1301043
4466096
3558180
952383
770354
571620
657054
714175
3211586
908542
5092249
1740245
5090460
1099759
148716
5054113
1730889
1432320
627961
263070
894090
3984266
3250587
1201636
846872
5089492
1862002
1758872
4696634
388371
589477
3725857
4895160
3651552
471558
4299276
1975912
4840415
2371670
1324380
1401254
1504551
4992834
1888718
1583484
4852512
1046830
5069751
4923733
4675697
1610745
1820170
1351114
924668
4899737
1295546
722525
1982345
2225237
855456
482147
1261881
1080886
1891512
1745849
1690355
555797
2996123
1552342
1759844
1670393
1911768
1469645
4911434
997844
1512177
1918979
2258368
1412760
4915815
1871598
4891974
1404466
454109
1623093
5053375
1659553
1119328
4772080
1869933
4829152
870323
4907350
4940273
4866666
1250723
996109
4899095
1847499
4961734
1102963
1959500
1462155
1480779
970946
741853
2625940
529080
1958895
187791
1257656
734339
1180633
5126088
947526
4714758
4955681
4899291
851811
1829658
749156
672594
1824271
4313217
728318
1005100
3042887
1174565
4992837
1752311
1256376
3742665
1289606
4915224
1461892
5079719
2034841
1720423
1806803
151229
690778
4694577
1346404
737100
3130056
2098548
5045143
4952868
1130699
4119149
338544
1266447
1593573
4869473
4899428
1881837
720590
974378
1824968
442170
3982311
1309612
1681810
1650438
3320810
1600465
3684386
281993
780914
4858258
2088202
1859841
1701564
1042342
1526455
1881586
4278694
1524103
4748158
814075
2187780
1438066
3310535
1956919
4767955
1881704
1660682
1271985
2530840
4812468
1643862
725198
1425316
971834
762207
5074152
1911335
1672204
1931083
1500650
1473301
1898518
1101027
888383
814293
1380635
3057801
2174699
869142
4898466
4018365
4927389
1828340
537235
1155062
4906498
633373
1693077
4863831
5070460
1805627
724474
2434310
221777
638493
1154744
760894
1377957
4739535
5022027
1712377
947145
4847323
804683
4949466
137123
1259046
292645
3153175
1017530
4872608
4143861
1706210
786980
1307320
1160282
1437218
1526245
4765925
1619564
4041233
4872480
1461697
4197935
4885943
5101911
870152
1122284
1354196
3120316
3127869
1557461
1121378
1750943
1849580
1491660
909032
1554693
1886159
1930099
828242
1886292
2076261
560453
2084628
1370180
1812392
1191209
962979
1695973
1648966
2649162
333074
1572457
822643
1679022
4853271
1532288
1848985
1822108
4836714
5070572
4912279
1286459
4219214
4865935
262189
1913600
2059942
776632
2069999
845391
1610854
1764213
1026729
1315116
1541577
4787485
1262434
834589
5091691
1111760
317460
1938324
800536
1257487
1702623
891206
1861487
1867096
4859493
4770295
2125714
1801962
1007896
4885799
1032126
4626881
1121248
1527745
2777735
4869298
1799497
1956104
176006
2040715
5008109
1854204
4735056
4840809
1786977
1320129
1692260
1517923
1814906
3513051
1053130
883608
514874
1073974
4443022
5079717
519287
4682209
4886082
1379851
1080030
1871842
1791086
1102144
4886650
1220272
1315103
3865985
2102438
2242845
4688023
1264503
572449
1706309
1853547
434243
1158474
1270410
5016140
840686
1770883
3095021
1756897
858271
3934054
746315
1082403
486619
2382712
651552
660594
1911078
2139062
4280145
1083458
4836516
4559790
4790784
4197260
1879797
5030699
537989
329283
1910549
1717844
4963268
2049342
1010375
794615
1644960
733630
4363134
1988753
1718237
1146399
252238
1701892
1405927
1682749
559809
1492913
4272004
4637586
1755730
1128261
1654578
4876539
1493121
1736330
1723101
4992812
1694030
1099722
4952871
4966214
821336
4858474
1441054
4812128
3986856
723000
1270000
4288839
1906336
3863490
2271873
1699930
3381810
5055566
4843317
3086537
588599
1183262
1385398
1632673
779943
1098108
1580208
1725396
1432943
4900852
1413717
1837326
4746776
1775346
1220839
5045148
1955972
917061
1026628
1697722
1691052
1262433
939896
1474946
559673
736592
296
468994
4254586
2263158
637537
1934139
1637778
1640342
665663
1915798
1477278
2338617
4701320
1945005
3077972
1249109
1978019
1911769
1242784
3240833
777074
609691
4907698
4056033
4697394
5046409
3758837
4839353
5001219
923589
1398810
854616
1708070
565648
2317735
1330566
1916880
4862199
2070250
2107837
893696
1992745
135880
350132
1131424
1794074
1979504
4993390
1561812
1633693
1073201
1829131
749138
4984215
4669375
899398
1784600
2132775
4975145
1551942
1591616
837605
930307
1802851
1988065
74684
1696290
1456484
1855801
1712791
1530025
3875572
4858314
1985263
3356674
1413768
4840420
5028810
4953095
4850612
4794626
4758384
1025644
1461560
1329304
1246968
527712
4279798
4957833
4033522
1962758
1501410
952215
1770619
3576904
4921872
1383154
672494
1966553
173391
397476
4918856
539697
1070620
1865005
1854034
1941089
98496
1415168
5029246
1371450
3794382
1361273
4147245
1639052
4787645
1408381
1795059
1962275
2050696
314645
1853005
4833831
976187
1694013
785156
3415712
755124
1265800
1431831
832691
776295
1398881
1135459
1618799
4457542
4900686
4477973
660244
1571863
842017
936768
1659691
1597953
2220763
1869543
1860939
2508517
1702984
1088292
1652163
308172
4685264
2058075
829944
4771220
1451020
355136
2917229
795988
1941568
1595191
1984257
2842797
1180080
2915788
800940
1605598
1199949
1509549
1759483
1142643
550235
1557471
412288
785960
1853842
1901435
1917158
5052177
665543
4072984
1403240
358362
1643781
1247238
2952138
1251776
225490
522818
4771570
1576653
1774140
3627869
742549
4793210
93842
2162847
1207691
1008444
119489
1171316
403695
1537288
1950290
1366188
1273159
1685118
1873631
1743778
592167
4934202
238648
1636127
4215761
1528937
1501711
2530697
541227
4958434
783571
1011537
1810844
1779729
3367957
4735210
136553
2796103
496006
86324
172662
2831663
4739532
694350
665252
1369821
4264086
3123994
514824
431512
1004492
1535738
1650439
4810623
1515407
1119026
2443726
910147
1529839
996356
1951034
689804
1429979
4903680
1372142
1972467
2747884
1350175
1680593
3667014
4254373
3826990
531100
750157
993469
4694654
1160771
2750578
660622
507098
923329
1609253
369981
383224
3982806
1154100
128619
4924937
4932548
3431145
1915983
545228
1396767
2976237
667282
4213384
3546478
1494341
1640362
3326988
1919103
2950137
1863246
4449788
1427259
1683936
1551235
323769
1240086
1067358
1631028
1283568
1181741
5103482
1762428
1558238
950997
2595817
1938365
709313
4716539
720589
2077354
1888719
392525
1815491
1841299
1828341
4814944
4629924
4694170
1253483
887095
970417
852687
1416386
1758428
923762
1799197
458221
4856545
4637832
4811842
4576076
359663
3940768
1107300
1378253
1222417
355318
1702225
3907571
1690358
4577919
848143
4820111
1412016
1282701
1584008
1703691
1828961
1358299
1875397
1522909
4877849
4874475
4773447
1472912
1564607
1977956
154853
732360
474115
1103212
797658
907068
1082444
1857527
1829998
3479875
4841485
869285
2193011
1764115
2682644
456990
4573466
4860831
438328
1937847
1662871
1974323
581401
1741093
1272505
1097509
369938
4883110
734877
1827324
1991642
4544318
2280910
4937668
366770
4736790
4563928
2339801
960985
1989318
1397837
1778267
1066801
272524
1840374
1469140
4875068
1818097
1678753
1989448
297668
1467820
4958940
737578
1194953
1059292
1383451
1808359
4677569
4954793
382930
1056889
888975
126645
1039165
4948361
1801416
944722
988793
1259155
3992361
1414527
904914
1720295
855762
4448167
1950880
1098527
903280
1018938
1628216
1489207
2841241
4728558
392028
4928288
1713168
2160555
1809202
1829925
1324737
1099752
3607697
4921938
1754659
2836795
1533603
586763
804411
4980813
4961971
1820338
815071
1652571
1710700
1687897
4576783
3357329
1839403
4337202
969681
1112193
821785
1401190
1952177
4001866
4647063
4758787
1676639
3552839
1704915
487589
1496709
315
1825828
515914
3011793
1506155
978965
1369610
1562308
364473
907594
1913606
4772162
731975
186407
2510998
1672250
2783543
783861
1214829
1873630
1922284
1502250
4240709
3979770
709517
1992617
1898523
3025593
3000270
321379
1506730
1791152
1462836
668124
917176
1701590
3731599
380646
1041934
2995216
1830206
965545
1613624
1200272
1702226
1885475
943858
1470184
5078595
1749294
1743105
899859
801663
240488
726289
4685227
1610773
4227371
4507220
3398047
1419975
1051486
1427838
2040981
404687
704161
306279
4951997
1091115
1863201
373781
2044585
1165847
1898522
3804218
1702186
2772934
3168434
1913603
1786086
4963266
827857
1935596
863532
3475215
104229
1015314
484036
1037933
1656727
495538
367175
4980049
476149
1568804
401126
1046339
1360583
1349478
4876743
4167895
1777497
3721856
754991
2034862
45221
799190
2081961
4750676
808505
831241
2102360
4330996
1677967
3485428
1569795
4018370
4922786
1632339
2036903
4915087
258059
645229
1762534
542249
2121317
3967211
418762
4950326
2063570
192697
4849786
1634226
343302
4135239
4826956
1086184
1837859
3045583
163973
1270538
464521
865199
626475
1762724
1545660
1352602
1431005
637939
4852664
3079044
896898
548414
4827529
1011472
186036
843906
265643
1417615
950866
2575008
452508
720746
352863
1746869
4831782
266778
3690969
4836688
2819736
1805910
524096
4748019
840338
3545479
484890
962800
1288857
1792999
1439335
348605
890901
1954758
1583342
638017
2933161
1385957
1179849
3635407
1886617
1885531
2265858
5036616
472309
1699620
1917098
2787354
1724600
3945565
1802456
1763410
989228
1688333
1593690
4068661
874101
4331019
1160292
1706011
687865
4887640
762852
3934746
1404304
2311802
135370
1166497
1218838
3948588
925955
1559851
353834
4908266
1794350
1151879
4777016
4816582
948490
3503279
1443674
3953949
4694584
1804970
275562
1560533
1670456
1729805
1838414
1114723
955690
4799513
4926318
2572104
311864
1254830
1042243
1345154
308991
1517653
1016092
1589444
1521031
4328779
878109
362998
1021579
994495
140821
4677190
4771571
121767
4668890
3045745
3901025
659450
1444745
4852514
607787
2170568
126229
5049383
3959862
1864177
3171845
1819782
1297035
533048
381302
3923489
4359190
1083053
1895569
1437926
512128
1126915
1171688
859607
4760125
4952869
1099437
1370207
293573
4915763
404568
902997
2132142
178506
1574314
1877363
1500991
1505924
1844416
1736152
951171
1014580
378178
189861
1543094
811127
1019311
1104572
3023180
1691360
762047
1967177
539263
238714
3261566
4872484
1181264
1770197
997650
966243
1424773
573626
762864
1563044
1304099
3692900
1431981
902888
823257
1571308
951635
2469345
658120
4863525
1400375
443195
1797628
354094
1122277
2125723
1856299
408128
997648
205618
1945956
402026
1572506
1567511
4844515
363633
1575621
1698745
1837082
454632
1816192
554401
369868
1452809
1431949
3967210
1521481
669102
644993
1661477
1605451
1152929
840020
1112600
1604076
5070490
4628499
1294194
1532202
366910
848161
3259092
3857954
789632
1701400
5027548
501049
510643
652500
813051
2844052
1730178
1368465
692031
154727
3906448
4907422
1100046
622755
1079698
4621898
1891389
4675812
1350419
1177789
1401891
2125717
1881884
2547084
742829
687089
4116499
396761
1441943
4860833
1953921
1624388
678364
1658726
4014539
562192
1228531
1730658
1178526
1639084
4963394
1416924
4934991
1345459
1879794
1240783
1213607
514449
1657661
1482002
1648606
558451
4845198
1174262
1510744
966463
4979232
1163867
1300513
1289183
1311918
1643649
1532918
386728
1987908
1185276
1758204
3704268
5064667
4956947
1395949
1493486
1295253
602379
1311613
1012279
1596178
957154
1636304
1885376
1205897
860311
428318
934369
4552088
1456307
1240611
2837531
1610746
4896120
1177398
263614
2038367
1064354
1609602
2783494
161787
668216
4189977
1863272
1112290
2058088
4693311
1321377
1332774
2017538
937556
1804553
4621473
2217566
1815839
930498
1406494
776970
1707638
1417128
956195
471829
2066685
1224754
1498091
943270
759638
4785132
392637
1884131
1649597
1488808
991749
3468474
3318031
407041
1914735
1752596
785130
1021592
877728
234923
2494073
1870441
1752464
1319820
1742403
3057067
1837184
1500994
542996
1927666
296432
1891490
1193468
1488073
1824802
744040
3671921
4833931
2834390
1041727
106156
4705823
1147151
1751119
1919018
593441
1938201
1721284
4907420
1863228
1979462
1005018
2344072
297812
693642
1914722
1702850
1571676
850854
2885483
1806154
1294881
1842852
1128896
235880
1053845
964065
5030701
5066837
310385
4248800
467609
2538808
1762422
1500645
1749322
4846679
4463423
4932483
905047
4718414
1893439
5000435
1673021
382887
1153992
1037478
749998
1368678
4845234
744221
1314420
1846881
821965
1863464
1804060
1955829
1618753
589071
4756121
1241420
3687079
436793
1532375
3267957
1799760
600473
1498152
4757454
313594
1570181
3743375
701254
1911308
1687369
410051
3563499
1176565
5002971
1261879
952010
2742986
801054
2084626
2114276
1544483
1485947
1838159
328676
4662012
3590785
2090844
1738992
3201606
2797473
1704367
789819
1694860
1658063
1763062
1410815
2588348
1954766
646713
784893
1491209
918930
4750990
5030973
4816438
1272477
1069835
4875407
1714013
2391596
452044
93836
1482959
3105772
4449473
1839915
2099714
3623807
687685
789765
403006
1865744
559447
4885411
323883
1783991
4859843
1643170
1857605
590197
4871872
3159352
4506538
1684824
1243782
1838666
3785728
1973577
1728697
2022724
1922293
1649420
1944231
879807
1140695
517308
1565293
4871418
1522613
749271
4164152
3634185
1863199
1093078
2533964
113750
1515961
980667
1002874
1368231
74287
1308411
3088564
1045000
3131969
1694393
700321
1185233
758233
1252022
1009793
685141
905745
4820631
661902
242948
1650657
1079573
1378061
772987
1938974
727636
1830502
1770620
990527
166116
1409923
2171935
1437794
1229702
1242785
1477910
1965307
411544
1889450
315798
792408
1831051
687624
703725
2650194
1097510
2044890
2104522
532841
1807913
235879
48416
5016529
1688157
388877
960171
1757005
379090
1093507
798801
1814018
524774
1619335
969668
181253
1812660
4901839
1551810
1899815
2036650
481813
589693
1254678
1607407
1517665
3391594
1935933
3186407
4920667
4898878
1693575
4965364
1018019
1215151
526967
1713945
1655728
4942284
1765085
2047019
1317542
1817228
1407152
1633532
1865385
4819601
1840816
2015472
2058786
1932446
275195
4393858
286472
1740463
1943424
1369375
1183811
4758784
1693956
1796685
1468210
5077757
1607114
887621
966203
787768
1404975
869145
114446
3414590
131891
961023
2028782
1733039
1126510
1346000
656916
1539040
827990
1690356
571621
4825744
866500
1160769
1799568
1959884
1161449
1517726
3356545
1037313
126671
992437
306932
409033
2854770
271370
774762
1844417
539522
882182
2733841
5092132
1817548
2935781
2482107
1821081
4639961
2232319
4955170
1295250
1709401
1688177
3889650
1500044
1840736
1892789
1497813
790550
129891
3476090
808479
235581
1974367
2458202
4252621
1935932
883125
1836302
3347689
1312697
1398288
1097096
1809440
385544
1603376
780020
4984951
4639141
1217241
756424
1826135
4916014
1839479
1032374
1913126
3146323
674349
4851656
307289
2060305
169450
1778560
1732279
841899
1170505
1063907
632127
1467142
1966951
381470
3911418
352693
2573914
899534
1348414
1290691
1555461
765018
1262832
4926746
1742530
658387
1565884
698708
256892
4312132
1282215
1237435
1803056
528220
1842512
1353936
813005
1621867
1912651
1621084
1609384
166126
919468
3868452
733125
813775
1403907
1863289
4747893
1618546
792409
1856888
300923
1754352
1818789
818368
2023925
1819777
1024010
206102
1720983
499373
1810299
1735858
1545076
1661048
352531
2211074
3430044
327164
969438
1053236
2002605
1679127
786636
4811028
626285
53864
1184341
81594
4940706
1530057
1941639
408632
991632
3764198
1426769
438624
1114882
1628257
3136800
1587090
1278251
4847648
611751
1654076
1031991
678466
712147
1649874
1669658
800730
1796421
795553
220245
1461252
2015394
1619097
4980840
4664885
1906932
248490
1526255
4892019
1838165
1093434
1762426
292725
895077
4991536
1034190
389703
1527463
1255429
5068083
2084150
3691452
775807
2177707
3251863
955697
1582541
1826136
4755366
316421
408870
891442
663674
814615
882185
1534059
4141288
1583228
1225664
539252
4889331
1082771
804164
1332969
1569153
1917058
1428999
901854
1018149
895331
4874040
83974
4982819
802311
1784666
4877360
675316
4828157
928624
1053842
1624775
363639
4839859
894744
1419875
1365161
3500174
3520509
1969007
32866
523032
4901146
1700402
4729616
4834702
3030590
1496810
3040104
1237091
1028733
819861
1862925
1672466
4940703
1156498
759821
1705648
1744644
1893461
932141
4576604
131362
1492168
1559974
1741736
619891
861164
1647158
734927
952787
775380
1158221
4868672
1072131
4763025
3668377
1822157
1919744
1863863
2374428
892414
1512820
4930021
1977961
3748437
4929999
1744514
1169773
1863918
1487640
4605711
404440
971975
4458092
764082
741572
163789
4939642
4839147
678120
916627
4860099
438316
1784485
2017496
1204335
428931
1677424
1449913
1169597
4820248
1391631
462678
4370693
792365
1693862
4576240
1294885
1385056
1382036
130500
4715406
5030703
1258217
1562306
1939172
4660980
1389756
4659634
1773499
1499065
1724940
1402167
29000
1801973
1304049
4952693
792712
3882205
1276141
1674644
1573887
1652992
1428949
554287
550578
1815665
1571231
4964131
4206243
4756034
1806549
1172784
4963270
2016274
4900691
722479
1863462
3505833
1885048
933228
4123937
964534
1558613
1274637
1069949
1697883
3901957
4932572
1579562
1107761
728877
893739
1591949
4970093
1159672
495500
866938
1974246
1527747
3110398
1577415
2912049
2682796
3378294
1575160
1552896
1869619
1257060
4667208
5101912
1972186
1067073
1129139
1686044
1538383
4921705
1838426
1346600
1587405
1864006
968742
1728008
1220396
1229038
455262
3888384
5014384
4479142
486513
4912529
4734882
959233
110915
857431
1562317
1952135
1317124
1174838
11095
1801873
509510
1671172
3238305
1808485
1931597
2117268
4951682
1945948
2677460
654742
4868754
1841188
649113
1763187
2750925
1179007
1540283
1515089
888015
2963126
1022252
1569488
4857400
1635980
1977958
3294349
1754395
768358
1464448
1554502
66246
1370179
3586372
2549390
4840972
1932689
1968486
4924292
279607
457833
958038
1217417
1800924
3409827
753014
784369
95382
1781015
271037
1603683
129489
1713104
4660981
5113949
1696314
433005
1538301
2039850
1613687
403167
1516343
1196388
544701
3793506
1909554
1984587
969943
736213
1814068
4829379
4544317
1950959
1306932
1701539
1523631
1778108
1570798
4323905
447035
334549
1451004
1745946
3352778
1557370
890190
1160610
1660992
800901
1820794
1816113
5021528
553854
1555430
1951094
1878931
983155
976409
672971
1588075
3731297
4588789
1573999
1774124
1564921
1278221
1863224
1852786
1679023
2040105
1647010
4521905
5128413
2666335
1995061
2973383
1604236
4140528
1687532
2453247
2351193
2277997
432032
4917247
1804642
2033132
264261
3277659
1238045
1305862
744036
1796309
4025529
246059
2124919
4596302
1831842
2641365
4923980
1247226
1875140
4884314
1738018
908183
4208734
1799797
1613453
1859001
1759915
1601880
4796534
1869049
2019478
134596
1538272
797131
1797366
2983325
1609741
1154766
437139
2021776
4453800
1395749
2088201
4126148
4725442
2583618
1564191
1250198
800620
1069224
4864379
1329273
2631924
882916
1986949
3243457
4865506
1973466
1707910
4564329
4001085
1627157
4939070
4785130
3209863
1561529
1839222
1612129
823757
1694583
1454987
1366681
1655332
4936369
1371599
1607377
1291225
1007522
4758783
889087
1863412
1572134
284084
889327
4331387
1132818
1631290
622987
729619
1183809
4879029
1287528
999944
1436235
1262763
4835799
4664147
2560356
2169346
657917
168031
5059741
1831435
1844019
3801747
1308410
3228488
152127
4737792
993529
1857434
1805549
4785069
732688
3791486
1620698
1115737
1865366
929999
1853553
3740872
1114720
554519
2058087
822765
1670008
1702903
1891348
1807291
4559792
975588
1495848
3497331
4412438
4794599
4948402
3501901
1317186
633375
1301562
4655887
814150
3649199
1294632
762631
1592165
1845585
660593
1922550
4113363
1786180
1926750
3941047
1165064
1628302
1307291
4940345
164020
2254470
2018512
4868755
4974688
1272890
1865363
1390577
611931
1406011
1855887
4943649
1564457
1310581
1828400
1987342
1086057
1551874
425779
1290916
4304137
1863209
1222822
2609957
4567593
816327
561335
4304136
861239
1909555
1630998
4919461
1656879
1157868
1514465
1609721
4881930
818304
1226524
1897317
1809151
1948378
1432041
1773386
992223
1773961
4942317
196888
3536444
1649528
938174
2527030
968065
4519211
4622476
4762949
1607736
1765081
1322507
3173880
828806
2837544
2058288
2082843
1473304
999064
4936779
985141
1013534
4975894
5014834
4068221
100858
1828556
1911665
3047205
1544689
680689
903049
1158040
1635388
1859282
102736
3366226
1731655
4795922
1411985
1532338
1934193
2960558
1252711
1482745
1899581
613351
1603791
1775314
1398848
991825
1574003
1813622
1760861
1162433
1431540
1917857
877625
1289705
1882794
1567481
4680629
1982581
726381
1492628
658994
1249325
1572198
1709121
433613
2731544
4952136
1811243
4583712
4116266
591347
1479927
768942
1808400
4635403
531613
1481624
4881965
2125710
1052795
1804040
191805
4893260
1186227
844014
1505448
806376
1302583
2182032
2125716
1128097
994370
70998
1369527
4717544
1281115
1367147
4893847
3626128
281632
3238282
1149423
864055
623699
1740092
2159143
1626406
727637
1670874
1027065
4616709
4897202
1175599
1267222
1991882
1768837
966160
1029307
1657536
1415376
1495657
4963178
1365772
1548125
4937446
1612281
837567
1370029
4277322
1602809
4908111
321559
4215279
1591892
2374417
3117666
1139440
1920769
1775699
4454510
1219991
784791
4226605
1218337
1332018
1500772
4793617
1981908
758189
1097543
764517
1396342
1715917
1582621
1861781
835314
711209
1857484
1728493
3292816
95716
3123843
1619453
1899759
2869288
891079
2007268
3913792
1295194
1807831
849466
2194261
1733381
1194232
1838427
129875
779179
862088
678106
987133
1155085
335041
40034
3142477
1814069
839947
2719326
1861434
900957
646391
1319547
4147939
4643979
1412281
1643106
1981708
1537566
1723473
1132240
4176938
1313971
3833439
681813
1548347
1579673
2880178
4866873
1429457
796693
4850273
4756120
54915
1126228
138830
2046445
1347486
2791233
1086956
267275
1802225
1066243
4224418
1480798
1948524
4576238
1056202
2059892
142954
3150892
1134237
2701095
3371379
1512691
1111047
1183256
1587059
2590221
1109595
4462023
4403711
3533716
1399651
1141858
1754266
1822957
2332088
975418
737878
2096102
544419
1681634
1714634
1468736
1243461
1911123
1209160
1092234
1902818
663725
1816793
1187506
1896862
1734907
1725369
1438232
1115844
898577
899942
1563000
93426
4882477
1498630
1163440
1829771
1657917
4906153
1105826
827803
863038
2022237
1729283
1415526
1451537
4729713
924414
1102143
1351956
1680868
1028755
1091114
846907
4208733
1103732
4485419
978326
1668949
1414928
1908487
1231229
5043508
1930793
342423
1544629
2326935
1640115
933827
889632
718156
353135
3509524
1083052
976159
1026666
1126310
813573
1563135
4947078
926644
1631588
2129097
4871297
1076862
924759
1843575
3778960
1071416
657519
861971
993361
2196289
638551
649615
1296370
203906
2057489
1437594
2027313
690982
1603635
668662
1103903
2735748
1226973
3890723
1125406
1173113
2130588
1011471
1657723
856738
2183215
1967216
1665528
2233132
674188
2807077
970163
345189
4746103
1682412
1610189
4045640
1569904
1478218
791274
1785659
1722791
2067859
1255495
4902079
2861729
1702072
347360
4858576
1496794
3583583
1760666
1170453
1706995
922600
58064
107698
49101
1584957
1142884
1044610
42763
889228
1559394
822553
462736
146957
2454006
843155
1028910
1118311
1694855
1100071
1523011
1260116
3730283
1728720
1451282
4833604
1816243
1038400
1613232
337686
1838624
1353828
1706958
671413
200045
1538880
628343
Total scores: 3971
Average score: 211639.06
SSH: 971, SH: 864, SS: 8, S: 47, A: 1830, B: 156, C: 51, D: 44
