4742940
1990718
1808605
2708949
1241370
1754777
2034654
4698947
1860169
1714882
869222
4886597
1838426
2099491
4835404
1805022
1918978
1554502
1157868
2079597
4704022
1000747
2035291
1836593
1805627
2437233
917129
4641395
1919312
4947312
1083470
658127
2088427
2481962
2486881
2267564
1002940
1537566
657917
1736571
1199955
1563000
1073279
2097898
1395942
1861487
2444276
1895602
1492911
2026805
1892257
3104339
1354319
894090
2069841
1016701
1955170
1028733
1484776
1500645
2241580
1296370
1123155
932432
2315558
1462224
1893432
1654579
1816073
3551549
1537817
429800
806325
1895606
1860433
1097543
1596706
1579673
970331
821785
1046536
111680
1895604
1571309
1630299
2650738
467689
795627
1570203
1095855
1938974
1816113
1642274
1092516
1261191
4187053
1866087
2530755
853625
816600
804164
683970
1690355
985141
1377957
784369
4000950
2118444
1829131
129891
1771619
1108593
765873
980431
807074
801158
4699086
790415
1667486
2874408
1989203
1193449
1872396
1252711
1053130
1857519
1783947
681813
776951
1969946
1603635
736215
614323
1895605
704360
1274017
1558876
1849433
1746492
1725588
338682
1621319
1899511
1062394
1695382
954254
953586
2058788
1419403
1573320
1890412
668662
680689
1783812
2141888
1487821
2496318
1709022
1306992
865344
839627
2269544
951053
433005
1258642
1111047
1046339
1162425
1656727
1997307
1082245
433168
1822108
948540
878721
690982
3128795
129847
1752315
1583228
894189
1174467
2512396
688886
1402392
790048
858241
2629595
890467
1041481
736214
958038
2699196
3038997
1643270
2014750
999720
142954
1031991
1419243
1619555
889327
1102552
1551135
1102144
1087664
550235
1230854
779179
83975
201811
820481
969681
1400414
820619
1474956
2014389
942522
335628
1353480
696225
2659368
316995
1734750
1473301
1836484
915210
1527747
2095311
1029562
2833172
2022718
1181761
1154744
1639177
989244
1947968
1003944
1736329
1027065
890190
2168768
1640362
1264503
633993
1788628
745360
380625
864055
1026729
954692
808848
1911308
791274
1861434
1637380
683409
3550923
1544643
638821
881123
1063410
663889
3646969
326864
1053520
1026666
2013843
1065821
1706210
839947
1103903
487951
1512820
795988
1690356
245960
828242
2084862
1454987
2231706
757664
774965
889322
1419400
526757
905745
1056207
1625858
1586945
827488
1722487
2514739
2111505
831241
1655981
1640330
1895607
1518125
1330055
1127620
1029255
764292
1879169
1476592
1414282
1654383
1251181
574471
1909555
1153240
1656000
960875
1885374
858271
1366190
370612
719517
917061
720314
642687
2522352
1682424
1125647
885153
848994
929999
1072897
2428358
1626537
1610745
117580
539394
1123161
133938
724015
1675844
116128
2081844
1519160
2204720
2037502
894744
901854
875761
660593
1352342
1092090
2241579
974854
1398881
1630100
1816320
1053415
812590
932141
1113332
1591616
889729
1286726
1024480
1611251
795232
780914
2863658
861164
1107674
2946713
53554
1289927
677938
2535650
974662
718156
1076701
1602802
1182613
1818428
965243
1402367
104229
827803
665006
1201636
877625
968065
1569904
898576
889319
757003
1177269
994495
716176
256027
380646
1589931
711209
1936782
1274573
1193476
786018
1665526
1608832
918819
1494828
711758
427586
92426
1306493
2881756
1921377
3643457
141722
1682373
2017435
1558869
239037
509510
922600
924337
1021579
1582287
931860
929905
1187302
1627148
814293
959426
1162811
722844
945279
1829925
1827323
1746902
880206
1984889
3275891
1091249
142772
777074
848159
690778
1669719
1245365
1371599
770354
735272
949011
1306448
848345
1073277
2231705
235470
638493
1015966
1984886
1706834
2107519
843155
891867
1943046
2109961
948153
851811
1354779
1172819
1287350
1045304
812161
983680
655300
1982645
2036093
126645
1489207
2058789
1830123
1577478
3203760
978382
1071242
1572868
1068383
1846275
635865
1569153
2565986
157861
221777
2020385
1796420
673632
1219148
1591935
192508
1016169
2008748
455829
734339
1288341
932400
1041078
782021
1567645
1320129
467821
741853
495776
828806
203906
1219310
1571497
1481747
817929
947145
909032
3533482
3236099
2025205
880321
887621
1578009
499343
2200806
1796418
1115199
1047758
914220
392220
1200757
1786111
1401861
2016375
1827432
1126915
839569
1112356
552068
3563444
750846
1675837
1142884
60089
335041
3385971
1665829
926644
840538
979155
1815397
1281115
764082
816327
657519
1073278
1349766
1528015
327526
422328
962959
1621068
473210
760488
436723
983165
161787
1209160
1838427
878963
172662
799913
645342
1007310
1030374
948389
173391
652234
792989
1902624
1169773
1897567
1029307
977770
1891512
1583484
603797
690461
948431
889632
1826438
1067194
888305
1087334
1320292
698254
2179629
822651
978877
1605598
2872154
525278
1816243
1626300
1709121
1131135
140665
2101986
1083052
807482
1032126
2522366
696461
3309882
787307
1685633
2732588
305227
1193512
1572058
454024
830322
341891
772476
1960428
1610746
2483622
1578185
869197
777303
1995061
721158
1102400
888010
727636
386728
976333
1312375
874048
1498079
725718
744222
1812392
792581
1344602
2211018
676172
1694501
3645144
164183
1412805
2150733
2582566
2273031
789765
1282960
1401547
847314
1034482
3078877
663887
1654578
2211019
1807642
1527884
617429
1860435
2223303
1893431
2794936
1718152
926143
1398810
913231
953106
318950
703584
1024212
580941
1024483
408378
1259155
666445
380475
1602803
69129
221950
1669721
164020
910124
988793
2595335
1529189
1253986
1172150
3334722
1601598
1686683
564188
2063570
399756
878479
897279
930249
1102147
1996809
1814486
679131
790428
1971660
766938
516452
2560248
830607
231825
495633
1321823
863038
970048
471079
816221
877312
144320
834589
1023086
35015
1003565
278451
916631
1262832
328472
1123966
1008851
1797692
3756074
889634
907850
1627157
2309955
858746
693195
3452950
1889232
726068
1004915
434870
1681810
1783968
1501711
1836274
553854
1546425
1849273
1541384
688907
801303
732951
974352
2755722
549659
848084
1023355
784249
391228
555797
660345
1026628
1961963
890911
987133
110347
760779
1524103
773398
436886
734769
1228631
111439
660818
1719416
738063
541392
3133715
1613615
534946
297811
1127615
1675830
941197
1795805
1483372
39549
1384781
3220698
718642
1193499
66623
1351114
478437
1023307
385544
1645164
971834
910134
785899
211154
1002613
880761
209276
910147
1757416
2836380
1810154
1805910
1809151
741469
1543234
1144257
1702903
846259
318340
412288
465548
917120
1342179
1520526
1301562
1265800
622407
789130
898597
828243
1231420
1610523
1028954
2045906
2512395
973744
333074
1876015
859246
1785659
787430
856430
767203
1356795
1925029
1179007
764310
1026787
2040715
1056907
151229
939896
763520
995837
2249059
2041050
646713
1670401
2659987
1436247
816734
2638309
1873147
817174
1971326
468994
847592
1183569
1046293
459845
1601387
571620
1129148
1565265
106965
799916
1843086
1230741
1200272
1167438
235880
1102688
1774124
1500058
1569704
1166087
3438148
2507141
953394
553293
900631
712376
1897802
1315116
1517923
1391631
1830206
1454378
922661
1643641
315260
3525392
1175254
324516
1780800
750244
446378
95382
1829998
2625193
214252
1697722
527704
2719893
1524104
323883
1618800
1383825
459939
759056
925838
308917
2835281
1128411
57133
1328177
1399992
131286
136553
824329
823257
1242897
744184
1109753
1051587
857431
149549
867391
1690353
44347
946962
347360
57405
1169586
727637
471257
485125
1229141
2048026
705760
831845
1651309
576789
891206
788625
475805
199882
715014
70052
1174838
1257580
501107
1059388
2822500
2988681
1809964
3682177
898575
755932
308350
497556
1060576
118226
1973474
1345676
3104522
1585787
240689
508558
1294882
665907
628637
252238
204536
1854139
243983
491785
946136
2150735
2450629
762086
933827
1127744
1515487
852263
2037924
967546
281843
497392
118068
2732587
1529763
1812247
1827558
1315468
996357
1355829
1786086
95954
1728259
1704915
766939
1620946
485477
674349
3645642
114635
1561529
95583
533775
1134237
430371
1968674
978026
374405
1133212
572051
944717
255694
1221687
655794
805256
2118828
139634
1915983
544419
33415
795798
698252
1073789
2379756
60743
1201618
131009
969651
887095
1071369
1596752
804683
766475
657916
83674
3338851
431749
675569
490154
1408519
1092364
948490
1129784
2522353
1297260
3552451
399738
3008842
878109
1024742
1209163
1093507
715013
1039801
719594
983645
722238
155855
325845
3462806
1673615
1102760
981641
244691
559059
555965
693288
930307
379411
713867
649585
2266069
794779
297812
457257
256839
243487
327229
2144183
785394
993529
83968
801663
983102
1419398
31819
402496
194798
1069158
2817347
1110320
1075653
805030
845391
1670393
1436138
883094
991609
828302
170608
972457
2365752
1120184
870707
941137
1538727
485109
58062
2270137
2820568
102980
91462
3257183
140821
2768994
1114721
1077370
714175
896843
854824
1073275
1527960
1289926
147327
256840
619051
1111515
635743
1493667
873919
743818
733943
875945
2231704
1754329
24695
821086
140937
532664
484890
3452162
1083458
828940
344715
827528
1239979
1726866
858798
738929
1043326
878259
1603621
1076706
138529
831380
687624
1558874
374400
1655332
1396152
780865
1177789
388623
1477910
1077686
713442
949650
1071754
1082145
768781
744040
177973
872110
673736
848061
1403588
1021421
1484777
671750
1676793
974072
1807736
660594
831705
2200809
519080
1330114
1759323
771496
1537587
186036
1053845
1169864
878035
1894655
703042
178645
939072
129961
1573324
246584
1017374
1834598
202756
2732590
1454845
258059
345099
1807735
342543
1480224
841630
1641497
951392
772293
87570
857182
698477
3622209
1082444
893029
712071
2048191
1574003
1403276
490113
1746840
733638
1972244
556638
1300513
63499
1276292
3208830
47152
3035854
75831
1603376
943270
964065
931698
87502
1437261
322054
1520956
92037
1636722
1454087
1112521
314645
1914105
193515
467726
1401281
633373
2522356
1396342
270363
635679
1457148
62963
995835
282166
293193
65756
2016104
127138
914578
1086008
789819
1562551
933746
1328726
241578
778603
1431981
89362
567103
100695
3220124
656916
42152
131891
1400252
36196
1566064
464973
2469918
1862525
984498
828527
1658399
336229
487759
1492913
793727
1109306
746296
820944
1123160
1799197
744673
502029
771506
1082783
815984
1869619
1429457
58063
231917
665240
1749822
221219
2913269
588599
1614054
641441
1802637
100392
53182
1569836
1770623
47462
163054
1662097
252482
699471
794985
1009097
566085
59381
1332018
1405991
1460444
837812
1366188
822765
65417
2144225
912808
764014
534989
66514
656312
519401
1152929
669496
1908514
665721
799166
843597
209576
1159359
518731
306683
1728493
677903
1342357
1770620
92780
1563134
1018869
131564
829903
736920
529358
102441
1077527
87066
1139789
314449
683120
2933892
1454085
663888
1352602
2728092
1053519
1654647
574107
155404
874974
476048
1406494
1088733
86269
487589
403180
119803
756423
1605451
462700
2234162
263807
1147263
996139
756065
506991
1962277
688942
804727
39299
295985
176280
441920
3226141
50354
1056532
44384
1796164
874746
688289
759823
155438
679779
1058754
1279343
822682
52128
1055312
744897
3231680
960985
1621175
655679
701940
838482
631963
687685
128935
45996
1439335
930498
966177
1977950
954108
845803
1623092
339640
3451214
956270
2875802
403039
207659
2046445
1477241
329283
374238
814266
1723257
356498
1490588
233070
1123162
1696846
153857
69131
1563135
48416
1018776
772067
383521
1663107
736213
1704984
823630
487384
1648505
2061192
628687
327230
318142
789815
64780
1157812
1074647
2084150
408298
1529756
299041
1316477
943399
1053378
53760
3320810
522773
847296
64896
580249
561335
928371
850263
1765081
440547
753968
1127745
1345670
1512691
1872553
3305684
745308
749998
2009432
558049
1876016
1612129
695162
1895569
1716714
135142
1370029
1911665
1399402
762025
338797
2330574
528757
1662231
1399651
2296022
1366207
87171
835314
570975
1134545
676017
446612
26726
1830502
1242786
820835
857586
173567
984516
131579
800237
146540
496006
786979
41647
62590
1103732
942788
1782802
115457
1056698
1688154
597469
307618
1615502
1021583
851518
299167
124321
235879
1943424
682020
1100071
165532
956254
1609251
804246
740976
445177
1669955
26436
68036
1383388
600101
847452
130800
1573205
847659
374403
1050582
441637
1913126
610097
939618
1823007
1611276
522936
315356
1078421
1091115
35203
2200803
1542373
152561
184536
513347
1973315
71140
427455
1295849
781124
919757
553034
1293772
1796685
728870
932223
412968
309127
691549
1033154
778641
70943
53759
647685
1110353
623699
2451189
726357
1530057
2234166
837567
665787
337229
2902384
1021825
1109513
800385
26397
1573997
455361
110628
50719
1208919
2735049
772987
758298
96763
1015113
2232947
790229
1086434
378126
945157
1815526
66465
1450182
859248
95980
791320
833605
533274
1309862
869286
859001
1071424
52352
2200805
663674
3611981
207846
143853
371621
521111
249257
1909761
889320
129489
943246
642577
1231408
856743
337500
211395
2059468
490910
972658
962060
958537
1896469
695444
1469339
779567
832152
1826401
124570
3582938
495899
226351
522171
930497
765392
1437419
1670874
223726
1693575
1120405
746415
1843653
828154
1055880
226563
27980
1146306
82962
1367405
844058
136336
556313
18801
515366
720172
1651310
2211017
128606
714001
110175
1623892
941254
772294
3597021
1022252
691572
1156738
2522355
1456429
827926
853734
46853
81620
701018
773567
404429
1257855
2903366
105891
3426490
890915
846872
136322
565448
1347486
1857003
320712
98923
518383
256018
731905
1469338
3653688
45459
137296
220231
1468970
1562497
436277
433646
1773961
1509639
619391
2234163
1682830
676512
992437
3515393
559853
1658400
1587405
1424854
1245003
29844
1659260
1121504
336228
1177094
2132924
460513
1151654
468714
929453
781766
75074
137166
2831037
1481746
121197
2779422
1618407
2367232
801610
1085584
84485
549630
2067594
1662095
734434
824327
885257
1033882
1027702
932162
1784089
244802
424260
196839
675330
178966
2202603
1236601
897869
2633231
1149423
641071
112817
1345677
1701590
1056202
2907457
314170
1011599
1402538
1828562
162237
40034
53736
1071565
2948988
538765
2039544
365637
166624
83969
2145629
232673
1787848
1809850
1082882
1949561
2976276
1854034
2200807
1208673
578163
1166435
1229732
214248
258251
958098
44782
1125642
33260
831868
1213004
1415438
1383988
339318
72585
391229
2006027
83974
957
103118
59993
2179472
1907933
306018
1174565
132466
129407
3119737
206567
1759213
270490
119375
52942
386940
86902
1870148
2095312
454023
100981
29843
639865
545169
456786
342074
1943551
100237
557781
1529761
81498
462736
38530
221862
131977
520576
142622
40017
1044610
1401231
29595
318822
804882
232720
966243
31013
28065
668460
791967
788979
829779
1821814
1126510
724832
2148623
804387
1469136
801373
1736085
1420
591445
1175090
1641323
241732
52677
1318243
1726857
760034
385548
1082768
1670394
1236683
345189
675157
378781
1101624
1402167
1416248
1384827
1177753
1186901
631677
1870149
1131424
1123157
255863
47970
743458
1389757
629027
1282466
1377588
549629
1717787
135141
1583147
1890973
177862
1756027
1583561
602973
1949860
404350
2124420
553093
1044694
29816
177972
683825
1410
875324
1395749
1647915
1509637
687683
486513
3112111
1419402
1115737
38528
265643
217493
1022472
672758
1138154
762034
2098940
342075
51798
992563
791322
58970
137325
1170505
1125406
3054812
1760666
1840736
400231
1809853
663725
3450928
969698
3591067
98229
82734
649539
465543
1332774
784972
841599
1365213
490153
1427
161770
1558338
1994599
1807831
234567
949874
490679
823640
942356
808847
1499699
1609602
822553
2099955
42244
94101
815252
991014
307440
768493
948695
563895
51308
591347
848551
3133404
1529762
983896
1529758
791319
1074466
1925633
347745
58286
823710
1013839
27737
950679
52338
917062
1022325
1492011
1150868
872890
1176571
786680
784977
1218649
2201307
650735
1989198
1125866
3534671
2680455
783860
131019
97156
1041727
1294709
1091114
785904
1343293
876869
124028
1839222
93325
2113754
2116237
2065514
1456499
1354842
924759
1902818
1398809
948696
1167475
137326
368238
674278
2082945
2082447
762207
2101630
98415
791318
927487
480561
1797363
686421
779759
2035966
1451703
1092234
862088
969324
1076862
1061200
652467
778396
942085
702788
932140
872885
1126228
1453452
47875
240488
1439336
1023897
948694
1124313
1636879
1807643
1009330
239058
2303916
4425879
249491
1415526
1619969
1734907
2078680
1714634
3501901
3369714
1118614
1182462
3037722
1214421
1821815
3565718
249635
58064
790355
1492007
2870806
2044338
2731312
2004892
176960
1705869
3553569
1502221
1955829
2269161
1231400
2279617
Total scores: 2174
Average score: 255149.99
SSH: 157, SH: 633, SS: 22, S: 309, A: 839, B: 161, C: 49, D: 4
