2403677
1808605
2689931
4651531
4177434
1860169
3802844
611931
2209202
3854743
3070066
1582287
3147541
3579281
1241370
2603845
2946220
3019859
869222
2187211
2100822
1044728
3648544
4742940
2321562
658127
2671379
2323911
1083470
2573914
3040755
2365752
2319171
2382377
3128003
1849580
3093271
2128030
888010
2099491
2684033
3383316
3762927
4641395
3135149
2069841
2935781
2633231
2257346
1816243
3586535
3397388
2176404
3220698
3322168
2660294
1013839
3548649
2084319
3012582
1593724
3884667
1432041
2117268
3040104
1274573
3899964
2278930
1911572
1866087
2659724
2486881
2631078
1296305
1919312
2785254
2267564
1656727
2624331
2962915
2659368
1990469
2444276
3737266
2901666
3863122
925812
1754777
3666536
3284709
3232558
2801428
2470194
2675575
2861267
1872396
2615210
2510998
3640228
3849847
1828346
1737899
1631588
3294694
1719416
1911308
2657557
1405991
2677019
1895606
3604997
2185824
3042803
2173528
1399651
3071981
2460779
776951
3908671
1997892
3551549
2383590
3893425
2535899
1073279
3313127
2641556
2173926
2933746
3006997
3438148
2301351
1845585
2127114
3145600
1782046
2667802
2282512
2331169
3501901
2594347
2082725
3045513
2565674
1655981
2189687
2204720
2078195
3119369
3050529
3703862
1725588
3970329
1895605
978213
2959945
364532
3054701
1157868
2041050
4048208
1092582
2326754
3078877
1861487
1199955
2559558
1936713
1955170
1554502
1489207
3846505
2660053
2097898
3549213
2743756
818304
2971241
2059822
2410948
3752975
2990619
4610836
1635233
3983866
4276045
1065821
3647939
2310700
2481962
2995944
3557924
1377588
2182100
664787
1836903
745360
3887983
4275452
1890062
2297417
1289927
2597616
1150868
821785
2201145
3369714
1895602
3637091
4186244
1148905
1010596
2037761
2103968
4078685
2628955
3038997
3227871
1706210
3287758
2744798
1219647
2503284
1286697
1820817
2354378
4028364
845378
926644
1306992
2274874
1709022
2574259
4284414
2797470
2609608
3337690
3772513
2485595
1991882
3380022
2158670
2989057
2665294
1500645
1816113
3117154
2674297
2729594
2898086
2484994
2258084
2149131
2176280
4042579
1788628
2658147
3607872
2564222
2457532
1111047
3022072
4001454
789765
2639644
924337
308917
2368489
2533642
2141888
2437233
1084742
3212045
1494828
680689
3650854
2014389
3926567
1619555
3963430
2847847
1315479
2524196
966243
660593
2941386
2740482
3825430
2762534
2703055
2061192
2020385
3950769
1969946
1031991
2269544
1377957
2079597
3594959
1041481
4009159
3109204
2834752
1603635
2240526
1843481
2818772
1302583
1746492
4350948
1793625
1997307
3149030
2237357
4160827
2097426
2642164
1828400
2404778
1911705
1903809
2263415
1172819
3290202
1286726
2677188
3820910
1091973
1918978
2610039
2496720
1649528
1554312
1895604
2998945
3006996
880496
1842700
2958102
3641902
2058788
1858652
1951034
3206007
1344602
1899100
2296022
2509953
2142921
1127798
1989203
2562794
959426
883670
2961551
2276210
1075797
3089375
3349095
4070109
2587226
807074
1142884
806325
878369
2206954
674324
2796126
1227359
1984886
2918482
1313029
2273031
2045979
2346624
3946759
3040791
3862594
4131039
3710758
1838426
1492911
2829376
2304303
3145415
4393066
3374669
1843589
561335
4076864
4095499
1701404
3534671
2118540
2753891
1813803
4142643
1873941
4283977
3283445
3708195
1632562
2278525
2058087
1765587
2083676
2568117
2469345
4313786
2902384
3697682
3595734
2902513
828242
4645541
2637738
2964434
3025113
2336764
792236
1217417
3073983
1584957
1706407
2295077
3301339
2270715
2249059
4001453
3890723
2719462
1476582
2234808
3789556
2640834
1345676
1657723
3880919
3093274
1219310
939714
3844552
3873445
2141415
1990718
3022540
4368642
4001494
3582418
2569254
1409923
2556347
2790135
1527960
1830123
1537817
2639521
937709
683970
1855356
1331610
2553242
839947
3637960
1676851
2413242
4376830
3650832
2111505
4003754
2555112
2133576
2791233
1743930
978026
3903219
1934624
2512396
1831051
1776723
4712823
1126915
2102287
3098371
2294643
2870649
118068
4176938
4063846
3322065
2045115
3137396
1861094
483164
2336864
3333745
1518125
816600
3557474
2381090
3902488
1530938
1021579
3091249
1476606
2453247
1142669
2294617
1125642
1955867
2050696
3967023
1838427
2696829
3287767
1892257
4031440
2399207
1519160
4321781
3243427
2218537
2689921
1187302
3019857
3834006
1803397
2553777
2064615
1257855
3718868
2515132
1296370
2546190
2203212
836339
1909555
2156318
4104249
2461085
3523645
2666060
2290441
1979409
2709014
3620693
3161211
3462322
2586420
3370546
989228
2138577
933875
2632763
1862241
1312375
1862525
2504927
2332178
1954858
1692260
3751460
3107506
2994352
3917671
3977916
2026764
3322635
1872564
2284947
1969005
339795
2226085
3179279
1569904
2986935
1554358
1914037
728870
1865418
3688968
2094402
3921649
1561529
2116146
2689473
3340195
2660097
2144017
3635192
1932597
3333255
4043954
1226524
3226413
1029307
1784600
1385398
3697466
1995061
977770
1313635
2483555
2781369
1414282
3520087
3311309
861415
3230981
3497649
1912276
2249401
1728493
1108593
1384053
1918979
2640882
3841084
2025205
2693244
2282368
3674037
3250375
2165744
3573970
1114721
1670874
3171632
755124
2784275
2124420
1809151
3985631
839711
3638672
2585550
988726
2722655
3194831
2231702
1681810
4046814
2813781
3020123
1232752
3658332
2995539
2063893
2800923
1946834
1474956
1162425
427090
3127889
1625858
3082601
3320181
1642274
2360153
833605
4294727
2725403
3246922
860022
3755316
1749322
1034421
2477261
3526068
4027448
2364768
1977950
2678437
2995631
3148234
1695991
3488458
3239382
525278
1283568
777074
2328043
2439848
4020053
2493793
3188043
1093078
3530608
2380030
3081546
2413619
3290808
2169525
3395094
2225299
735833
3593409
1761422
4029717
2958956
1852605
3104522
3500105
2327132
2452860
2554582
1300513
1103732
1679789
3534950
1955829
3229091
2008748
1572830
929999
1603081
2512990
3871780
1524103
3617433
2106925
2479479
1028733
1509693
1247184
837604
2906211
1398110
2046445
3238282
2132924
4476059
2446847
2610170
1537566
2545234
2235465
1857434
3353491
894744
2229349
1208919
4082763
3876086
808848
1535180
1259155
967546
1804553
1690353
3040198
3625849
3629575
1994599
3412600
1618980
3756270
2457401
1175599
1895607
2140220
2769784
2249551
1681634
2719437
1228840
1657285
2678891
1646193
3574940
3566847
1294709
3369861
1477910
3977703
2932019
2906051
437139
4063840
1388399
1231616
2839767
2269122
764082
3047284
2351094
2246465
2966215
2867706
2536179
2844963
3275914
1141858
2245774
3755614
2719283
3547468
2198933
3122902
857624
900957
4131132
2574880
1643106
2914646
856743
3041193
1454085
1208664
2968055
1846898
1401254
2098783
4166238
1926750
1457148
1181761
1679799
1742483
1262832
1926958
3270303
2413749
1764213
1427476
2137778
1851537
2149453
969681
1373482
983609
2054557
1657952
2377492
2650732
3257722
3020314
1500058
3023414
2887762
2234162
1396342
1694787
3075536
555797
3767017
1047758
2882439
910147
1598784
2229689
1432943
412057
2413824
699391
1826438
1973361
1556336
1003565
2139992
3579873
1579854
4284415
2349470
2012009
2495917
2732587
769590
1542373
1839222
4186855
1219705
2654506
419551
2817542
1791318
2710628
1970829
3108533
2047677
3939765
1301354
676017
1941064
2637029
2198640
1785659
1314987
1321846
1909230
3166325
2556724
1905396
1527747
1512691
1233778
3108587
3333706
1332018
2375390
1380717
1768802
3284710
3223452
1807945
1993418
1398881
2104881
2161122
87570
4295242
3526953
2388297
2623955
1113332
1545707
3907830
1509639
1983406
1682373
3265963
3754408
1857519
2102292
314496
1963403
2694999
2497263
3037872
1782215
756423
2449729
3645482
1467142
766891
1742625
1578505
2918249
1931138
1573997
1640908
2226722
3305281
3862357
2779001
1565265
1984256
2042429
1406907
3963274
3892142
2147615
2134823
3668941
254656
4493040
1892253
1097543
1706410
2514909
2259810
3964630
1942473
4276792
917061
1354319
2122460
1605533
3107406
2596018
3602784
1728259
2409978
1693956
2400926
2546607
3595879
3941094
2060305
2103267
683825
2192825
3377513
839627
2908653
2555405
827803
816327
1454087
2960557
1740993
3397001
347360
2161305
1406011
883953
1082510
2201460
2809623
784791
3056718
1754266
3274710
808856
1989563
1481747
1604236
1563135
801303
1327000
2992705
1668840
2113754
767280
1981708
1406708
2702907
2240404
1571309
4813225
3313094
4704854
974662
3870286
2663151
3790613
1004823
1897317
3279110
966203
1840736
2046351
4295540
1535062
691893
462700
2463764
2038186
3338304
1587059
1325741
3455732
2112385
2530448
768781
3768762
3217551
978877
2064453
2345637
633993
1481624
3509826
4321803
3116177
4029716
1794985
2242173
1173001
1429457
897024
4285230
1252022
2516387
2449792
2398423
986837
3646292
3120531
1204536
2009880
2445438
1453452
1601284
1654883
1158221
1483372
2520633
3020256
1714637
3283681
1013534
2063931
2291305
1516650
2065883
3481595
2869875
1763222
4274637
888621
4605491
2156070
2580981
1527475
1586754
4302971
2523668
2299178
4243845
1353828
1960286
3683429
3572698
1595667
1961271
1600415
1115844
3736423
1854558
1480798
1246449
1785750
3666371
129891
2407880
1864795
181253
1442992
1250652
3815518
2255738
1918015
3569579
3110027
2048458
1878931
3244647
3547780
238766
2631202
2330574
2250398
1860433
1896581
2249387
1889232
4178373
4174539
1229651
2333525
1922293
858241
1193468
2221441
141669
2554676
4313789
2004799
1530797
844103
725198
1646483
3553569
4003657
3864487
2137969
3454166
4052458
1915798
905745
2132928
2659911
1320129
1853800
4093362
1242895
3369471
4089506
3152325
2022237
2961339
2153775
3745820
2662925
3755021
2641365
1068383
1768264
1910987
4017088
2255524
3396707
2199470
1893461
787430
269294
3227488
1963977
2270137
1622044
3760479
2759110
2443190
2268730
3940504
3236300
2293429
2084545
2085694
2786980
1373950
3934310
4134856
1762037
3320342
3499015
2705258
1877419
4053406
2579665
3957347
1329592
1544629
3257640
1749822
2981986
2260875
2628556
1839789
3870932
2211017
3331635
3871738
1428309
1553251
4302884
1628302
2562756
1906932
904030
2347052
2870245
3753922
1593674
4140323
2187014
880761
3820907
178966
3358774
3535523
1839701
1850409
2706308
1488838
1558337
1218337
178721
1570203
1675844
3946691
1033882
2630863
1883952
902888
4164087
4303991
1574314
2564395
3073499
4018769
3496770
1158040
3117364
3346789
2155617
3081700
3977191
1464591
3085497
2679663
2061081
2301163
2200806
2487271
3732612
828243
814293
1902818
765018
1632332
1007642
1440018
1869933
2563946
3233265
1484886
2264207
104945
2689434
1396152
2932798
2012300
1128403
1978196
2722432
2766527
2184124
3678344
2136959
2963216
3443974
1023091
822765
2561971
4113492
3818733
1869619
4013881
47152
2159525
2048477
4046759
2561517
1137172
707204
1537198
892853
1675837
1112356
3984404
1075653
942356
2601508
1344836
2319009
1294632
1621319
3160790
3216836
1236211
1001682
1853460
2395150
3812912
2132775
135370
3158738
1076862
3279668
337998
2254470
2043124
890911
1952037
1498891
1844019
2229266
3333703
3536137
774965
803402
3070176
1787848
3784569
2955802
1370029
1204537
3920671
60941
1163521
3680721
924759
2135519
393953
2348896
3019749
1219148
3173788
1575142
1462875
4131187
617825
4821685
1765081
1704984
657519
1609721
889632
1479927
1909554
1905293
2021776
2376713
2014201
2135493
1730657
3238785
1890412
422328
591347
1434844
3843161
1382561
1967216
1911346
4238983
927819
3280736
3829478
737100
1270888
98415
1257580
1282960
3153084
410250
4044653
4027058
1412805
1121909
252238
1079089
1602969
3273140
248991
1613091
2791873
1828343
974142
1051587
2028950
328472
1425112
1307142
3309764
2395645
1307320
1256330
1927666
3352759
1358299
976008
1805627
2277236
2043125
1630299
792989
1469136
1612453
3026248
1843575
1517055
2243773
1870186
1149303
3316181
4312255
1063867
879062
2026790
3902320
1567435
4140868
1598696
1646845
2659837
3961756
1351117
1192895
3275681
1848803
1637011
1095855
2028795
3020246
2041972
2630685
1923476
2102289
2096523
1495634
1496794
2043123
2956920
3505535
1264972
1245003
1450182
3366772
4425144
2287891
3136646
1655728
1626537
3613647
1813857
2223338
4313984
3377514
4082577
2643204
2250214
2462245
2246659
2161036
4384636
1043169
2786058
1593361
3873015
131891
1895699
1759213
1854283
1558636
1464584
1286241
987514
1827616
2256378
2331037
1153219
1273760
2677191
1762937
2279950
1155547
4284486
1636811
1860435
2036903
4246671
1291225
4019121
1906336
1608832
3172759
1897316
1724319
1149638
1400414
3261636
269773
1612465
3322526
2970999
1189078
3461183
4031654
830322
1509637
1350353
4051892
3299402
1859223
932223
1843653
1852786
1154100
2033294
1402167
1818428
3716158
3802323
1623285
1820840
1783010
3438591
2148623
2318901
2278232
3860803
914220
1977469
3193011
4020050
983165
2218609
3195227
16266
3282697
3802734
2702673
1705176
4021332
1909553
3304843
3019409
3003419
3330501
1690355
3229008
1040647
1119026
131564
2116237
738980
1573320
1345677
861164
2735748
2899154
1410860
4013498
1171316
1596083
58970
1157344
1169559
3716156
1925194
2724213
733432
4353220
1416954
834587
2404675
2105163
1490588
1209109
1492654
1700275
1573762
3515039
2560657
3680348
1963713
2026924
1512820
2022718
1809913
550235
2073848
1865037
2876407
1551135
3871511
1095854
1843663
1846237
2406120
2966682
1506794
1219210
2830281
1911333
3996216
1461892
1917158
953586
1746902
2163580
3526113
3877128
2286885
4082981
2844649
2911993
1505029
785904
1625191
1894825
1174467
644971
1201636
2395803
1722011
1346543
1786958
1694855
782160
1399834
1594426
1468910
1501410
3450779
3287591
1076706
1625963
3385419
2200809
1651468
2259381
1986949
3273002
1149713
2479006
1414928
3717906
1828339
2651838
2240682
3950672
1861781
3734612
28578
3948056
1570798
3874351
2705371
1329774
2719334
917176
1973410
537235
1461252
1609688
837567
2049362
3863533
869286
915210
2987243
1091249
1883681
3688729
2909625
1351114
1464587
1915794
2156913
1594009
1857321
3398012
2097562
574471
1968283
1243461
3397669
2099567
1623883
1848919
1342804
1410548
1397599
1781876
1300906
1711830
4030294
1941088
3624869
2610994
649861
1541853
3851147
2611132
547598
3285233
2444148
1819898
1960574
1401984
3891233
1867874
1432783
992437
3661657
804164
4061935
1377271
2556534
1583228
1868567
1576337
2996741
3037642
3976192
83975
2622659
4295249
3311337
3093269
3141635
2842104
3339802
4020054
2498577
1535708
2084661
2238683
1817450
2237466
3517482
296384
2003923
786680
64266
1543159
1977553
2870806
3565718
1387177
1768093
1224754
572727
3967162
1785185
1562551
994495
2693462
1249325
3228592
2293450
2300525
4020049
853412
1523637
514518
1123616
2183215
1509460
232673
3495348
1714634
1405185
2799357
1983648
1786515
1464448
1298998
1881625
1594713
1354531
530250
2360072
1264763
318950
1949083
1245760
1342612
3791668
2430978
2952114
2459903
2433641
3669775
614323
2987108
679131
1923145
1241924
1151494
2300175
1962157
1518770
958038
4313921
2881593
4048501
3370358
3688644
3967773
3927904
3722076
1451992
47359
1810188
4072249
1294884
2455380
206567
4189842
1677119
1150597
1300413
3345193
894169
3831812
1591138
1828342
3034396
1493052
3471168
1443448
1417797
870707
2715815
196977
456247
2044362
4163794
3688501
2599504
1693575
4313787
3578634
292319
4302998
1961024
1983647
209285
1139717
1701715
2734059
1445924
4321955
4249197
1816571
1203993
1699547
3096363
2878235
1621175
2737173
1218649
1378892
1073711
1083220
1944412
2792912
1647659
1524133
2200510
3792291
1608475
2342187
1603103
2364427
2874408
1665638
1056202
1668950
4029709
3583774
4098179
3070802
1408449
1451703
3396352
1639261
2889229
1403907
1909836
337500
3074108
3188920
3905725
3243075
4480795
1610745
3528324
1464026
3812908
3656603
3205097
4065519
3577374
1687642
3614514
220330
36658
1216988
663725
4302973
1668949
1827146
404663
817623
1134237
3025631
2034057
462736
1888862
216272
2048026
2521259
3169255
4322403
956483
1165959
4302972
2361328
862088
1289755
846872
1490978
228919
4029683
3912664
4323073
4358132
544419
4095763
4302249
1917082
2271054
1083052
3301849
791390
3869560
4029776
2284893
415479
1671171
3567527
891757
3311170
4047799
2044338
4019294
4001404
3533612
1844239
2750312
2942890
4029682
1636879
2775397
1126228
1365772
1366190
1965348
4303783
2265694
4059770
1932649
1564873
4134503
1156536
1415582
3578631
1926301
1397854
917062
4047519
4321780
4029686
67714
412288
4059970
492064
2281045
1043348
817929
3102206
1806531
1348658
1814107
342075
1320292
3543581
24023
4351425
4319952
1592916
4018669
3506297
2710014
850854
146957
2004892
1721284
1071438
736215
2294521
1768837
3051162
3032351
2283327
3360782
1966563
1864175
951701
1500990
378781
1186951
574165
3709823
898597
2162263
1672204
1930104
1951188
1270000
3543942
4353703
672100
1507125
3876716
3159026
4183351
4442826
2570115
1569153
300746
4534810
3247754
3765522
1436329
1350835
4347684
3728856
3827811
2360394
4519913
3625240
3995168
2545604
2446555
3721142
919772
4491213
4376532
4287016
3152587
3045747
4534855
1350200
3905613
757067
3263174
3608097
2454006
2067859
4467049
3864489
2705665
2719326
2245707
1258579
2576943
3251884
767203
3601629
1783812
1817464
2238881
2040764
1692395
2196278
46298
2535968
4221414
4606740
3046747
3118383
4635796
3447527
4253102
Total scores: 2131
Average score: 313708.11
SSH: 39, SH: 397, SS: 10, S: 120, A: 1374, B: 82, C: 23, D: 86
