2775397
1656727
2315558
1044728
1199955
1919312
2189687
2632230
1083470
2681192
2444276
1955170
1725588
1069949
1892257
1002940
2088427
1274573
1566024
1828400
1836593
2495792
2187211
2185824
1563000
3884667
1872396
2059822
1754777
2058788
2164997
2241580
1845585
1655981
2097898
2404778
2185148
2048191
2354378
1462224
1274017
1895602
3104339
1157868
1737899
2628955
1701404
2514739
2914646
1746902
2129143
2069841
1838426
902259
2485595
1778560
940396
2295882
1843653
1895606
3071981
2269544
1918978
1895604
1241370
1808605
2276210
2410945
1626537
1813803
2546306
2331169
1793625
2428358
364532
2034654
1489207
2128030
2041050
1208664
1736571
1690355
1816243
1746492
1857519
821785
2304622
2419085
1313029
2562794
1414282
1911308
1969946
1627148
1925409
2154507
2237466
3397860
1261191
1816113
1695382
1041481
2188031
1028733
1141858
1844622
1893432
1571309
1860433
1062394
2026320
1977528
2796473
2477261
1983406
831241
1943046
1344602
2201460
1769144
2660646
3707958
1162425
3592622
2245774
1720423
1619555
774965
1749322
2752284
1172819
2082725
1385397
1642274
1354319
2628166
1869933
1365772
2022204
1752315
1252711
2014389
1640362
2338610
1644535
1353480
1091973
2195530
1108593
1021579
2050536
1829925
2149446
1909555
1861487
1860169
1261879
2540399
2044366
1843589
2468866
1829131
2444148
1936782
2200806
3036835
2327962
1031991
879062
2469345
3019409
1500645
1952177
2860521
969681
1603635
1969005
2118444
2365752
2294654
1306992
942522
2077126
1925194
2025942
1046841
1286726
1848803
2044362
2673453
2485438
1827558
1989203
1226524
422328
2596015
1640330
1709121
2304303
1947968
2240526
1580814
2497064
1637380
2731892
2034983
1820840
1973410
1558876
1895605
2102287
2034057
1573320
2201824
2596018
1671171
2022202
1600465
1706210
2040582
1183255
724015
3107578
2105251
1621068
1181761
1296370
2615748
1984889
1949106
1849580
1569904
1129193
2510998
1788628
1817847
2061247
1527747
1763013
1498618
1400414
1010596
1610745
3173880
2249387
2112908
722844
1484776
1848919
1570203
1377957
1178526
1200619
1810150
3548649
1649842
3034573
3093269
1630299
745360
1989857
1990718
1917082
1971822
1679667
1890412
1968445
2200805
2241579
1854022
660593
2226722
2035291
777074
2046445
1843595
104229
1350927
1476606
929999
1556336
2273031
1846275
1796309
1187302
1419403
2505956
2518847
1706834
1474956
1737326
1809151
3385971
187791
828242
1836484
1595191
1651290
1918979
2079597
1775286
1907933
555797
658127
129891
2437233
1306448
1620144
2457532
3509524
2078961
2328679
252238
1838625
1993380
2235465
1760666
2149819
221777
1076862
1827323
2633231
1797542
1600415
1970829
1608832
1742483
1988753
1453152
1354779
1289927
2075847
1029562
2229689
1115737
2058288
1029307
1932649
890190
1451282
1783813
1968283
1882794
816327
1844417
2010173
1262434
2016359
1537817
2112898
790048
2654458
1992711
1876015
2176002
2020258
1500991
1474946
2060305
1623093
2200809
1895607
1289926
970048
1630100
1046830
2466406
1889232
1897567
1385396
2750832
1982645
1893461
1816320
1573321
1902624
1796418
878369
1307320
2328680
2523668
879061
1531547
1783812
1141084
1782795
1607736
633993
1410549
1121834
1643270
862088
1762429
1911333
1828343
1995061
2014469
1546425
1783947
736214
1865075
1675844
2301351
1851299
1402392
1989332
1079133
808848
2058087
1783968
1969637
1401254
1843593
1578009
979155
1321542
828806
1726994
1579673
1679799
690461
1764213
869222
133938
1623285
2058586
900957
2986112
1758255
1752311
794670
680689
1594727
1331931
196977
1822108
1645698
1609180
1704794
614323
2048477
1554693
1134237
1032126
1231232
1537566
1201636
1975912
2084629
894744
736215
812590
2324863
994495
1358921
71080
1951188
1587569
1083052
1400686
764082
1027542
1514898
1881584
1574296
1675838
2022718
1097891
1820257
1915794
1915983
126645
1131424
136553
817174
1515526
1330055
1059894
983680
1898518
1627157
2223338
1373950
1385398
1828346
635865
1095854
1557461
894090
1895603
1354522
741870
1509693
2023927
1220839
1917158
1562893
1503470
2383590
1849120
1566017
2184521
308917
769590
1897577
1996809
784971
1935596
1218337
1728259
1713939
1758872
1805627
2032535
2062588
1886839
164020
1294709
1762724
988726
1690353
2437060
786636
2021776
1869619
1039869
1858799
1255789
1665829
1219148
304602
1816330
1797548
1095534
784977
1977950
2245772
1675842
111680
1885374
1060568
1024480
2233760
4189842
1401283
1945007
1649528
1215538
1521304
1632673
1495848
2067473
2004799
899732
2083422
1826438
1613232
1495498
1353828
1762728
1675832
1030374
1810188
1621319
966243
1264972
1603084
74684
1574314
2033840
674349
3145600
1862525
1692260
328472
1643386
1916880
1150597
622407
1987964
1970565
47152
905800
714001
690982
848143
1380717
1610994
1956123
1295194
2033294
910147
891867
970331
1569153
1407152
1911335
1142884
1612454
1609741
3752975
2065584
1768904
828243
1562308
2267564
2158625
1593361
969651
1891182
945157
1720903
1454085
1071416
1722406
1128411
2259652
1474947
1414507
674128
1605598
2270951
2149545
1033154
1849273
1369375
380646
552068
1726474
1059388
1264831
1694501
1898632
1658695
1621175
1820817
966160
1965755
1148238
1055147
1031604
952620
1668949
1403240
915210
1973805
1522181
2018409
1898522
1594009
116128
1796685
959426
3497649
1885376
2221376
796012
2088907
2094974
722607
1460419
1774124
965549
1610022
777303
1618411
1262832
1524103
1351114
3135149
2310700
980638
1405980
1405981
816734
990527
2164039
1534523
822553
1119026
1361573
1071754
1215641
1713945
1070639
2340796
2063973
2367340
1289705
1844624
40017
1895589
1289657
1992745
2088272
1262435
1614054
381251
1717413
1231229
1065224
131891
1092367
841707
1797628
2192992
2012796
1987945
18801
1527475
977332
737100
1051486
1074249
1180037
1876016
4246671
1300413
946773
1451992
787430
1851366
1572367
956502
980637
1762729
1689294
614215
1899581
1385399
1810299
1716916
1496486
1796421
1588277
898690
824970
487384
1941209
2286137
841899
2017799
1087334
1892411
1320129
1597247
1893431
1828298
1826587
1269592
2492632
460044
1343703
2019213
1707638
1012197
1685245
2368085
1681634
1161448
1046951
2026941
1843594
1921230
722238
2286885
442861
1845359
675394
1295814
1688226
1083054
784369
1229702
672429
1469467
865851
1752439
1010879
2200063
1645699
1896298
1289755
1531044
1724319
3513159
60276
992563
2332178
2863658
1849718
2187087
1608726
674308
1675840
1004511
780914
827309
2313269
857431
2027911
961907
1434844
1020931
142765
2080895
801054
1538383
1574312
1933499
177162
3697682
861164
1852618
1643106
1715917
1679789
1348764
2495112
1477910
1007525
1073711
1174838
1013839
784974
1986126
1523119
889529
756448
663819
1008850
1870069
1544033
756249
1967179
42113
924759
451612
1519137
3365585
4252607
1528368
1594728
943246
1103732
1247976
917062
1690358
1831051
2737141
1402367
1373482
71140
32031
71067
1564457
1075653
86438
663725
932223
1570183
1801873
1157344
1209160
1594969
1714634
1186901
2599504
48632
1543208
3037642
489533
3093275
1944412
1343517
1562307
48836
1631588
123391
65454
1723473
1126228
2165744
1399651
760488
2731312
1768636
3976192
1118614
1915340
131286
1245003
404663
779179
544419
3646288
3233265
1787848
Total scores: 898
Average score: 213056.81
SSH: 31, SH: 214, SS: 5, S: 98, A: 485, B: 52, C: 13, D: 0
