774965
1069949
1695382
1762724
3018109
279481
1822903
1851299
1544408
574471
1413113
676172
2250747
1419243
4047828
2002882
858389
722934
64558
1294043
2069841
1619564
1820755
1483372
2397136
1350175
1797549
1628021
2404778
1844417
1557461
1758874
3121079
1597765
1028733
24695
1385398
1823164
1762728
3223955
442905
1494828
1807737
2238398
1832259
1988963
1846447
1389135
1371436
1758428
1556336
1625858
1584191
1677118
1264763
1967531
1059894
2098783
1970565
776951
781124
1786106
1128411
378781
2030843
1317124
1097891
1503470
1849505
2014469
2791432
2038747
1264972
429989
96033
991357
1992112
1373950
1498079
1571309
1377957
737025
2132415
2850905
786547
821841
2060305
2404837
949011
2066989
31334
2102292
1808605
880587
1640908
1092090
1262795
161787
1429001
1594853
1297953
3231680
2518844
2041972
1263997
1331749
1093636
124501
326864
1454845
1110320
959406
790048
1417254
1759844
2161155
1300413
2231267
164266
1032126
1518701
867055
1270000
1508978
1813741
1838079
1996577
1771658
1020713
1875396
1565293
1629264
2349469
1997180
335628
623699
1892789
1476604
1443198
66820
1001682
192697
1090928
1546350
1612453
1604286
2092396
4053834
79856
1484776
1981240
1962068
3154788
957468
2270137
1551873
1562113
2826268
2132775
1519753
364473
3415712
55656
1969635
1955074
2847754
3086337
2143572
1607736
1029562
2788315
164005
2149446
1752596
1844335
1557181
3460137
54697
1025210
1867443
1669990
2010421
1382091
3064464
2030968
2153942
3029339
993270
555797
2038837
3283802
52741
2822322
2917347
3204618
1737702
2014470
1725871
1273321
1982341
1473795
1466471
553854
638493
1220839
2815257
1546425
33404
1136506
1934828
1231091
40709
1460444
947708
2026320
2201460
1988753
676923
2245784
2021259
323769
2618935
641441
1090932
2073335
552068
1699930
3183738
1809769
110094
1974604
1503624
1944231
1969005
1706834
1966099
1654305
2394645
1682475
3363601
1486738
1549349
1082260
1300419
1264367
1515526
1033154
1290690
1644339
1749322
1882794
59311
1762730
1655728
1291658
1829723
1610046
4403180
1876015
949888
672594
42152
1454622
1764213
1532489
2223144
1951733
2099714
1627148
979155
476149
1932702
1113037
1506155
744673
929905
86324
307618
1783814
1596706
3329838
1006822
1704915
3021835
2164997
699594
125102
1655981
975517
1070620
281036
1644700
1730202
2932491
1852797
1278814
1496486
1385397
1988750
2123394
921857
308040
33842
1810188
1724279
2847753
2037594
1519282
4374648
1762729
1704984
1396072
26245
2365983
157861
53340
1961714
816600
1484777
1649884
1559388
1643386
4428535
1573762
1783968
956103
1194389
1289964
1109552
1972186
3102460
211697
1676233
1119026
2596015
2471418
1970401
1549739
1855427
120066
2316317
1601083
1712933
1919103
3026473
1524104
1688906
968742
308593
1315116
4330996
1619555
304602
620909
560522
2794531
1889563
736214
693195
1601353
1814702
814293
2164274
51159
2666261
1500990
1236720
1689162
1059388
2991281
861381
1988748
1400686
1649989
1432508
160106
2028818
1069222
1474946
1676342
1943046
1071416
1551942
1654261
1555610
555965
464973
1930793
1786977
1018250
2922418
888975
1783947
2199381
1690244
2125746
1574296
1303641
1489207
724015
146385
3085668
225490
1695942
2619918
68036
129555
1957037
1849273
1586059
2169428
2062305
1770215
1912368
2405223
1932016
1543159
791636
1822108
1779086
1514275
2034980
2349543
1783812
2078961
1526226
1610745
2245963
1997261
351189
1329592
1982342
3410889
890327
1704995
1982164
1536928
43550
1150938
2096780
1705675
114635
1180037
1806531
3029817
1769144
1820794
1735961
2938023
38085
92684
388541
2149545
714001
1462801
1065571
1911078
3936022
3153175
2052794
848345
1621319
1934215
1857258
2540399
3148259
988397
28156
1610746
953394
295985
1586892
1694501
1414456
1698745
366140
1380497
13350
1702186
2926505
2086442
3467573
3181978
535808
1986032
1658695
1178184
2991146
1933174
1314186
1621175
83968
1411836
1762727
1010030
1615500
947145
1760038
786018
2084862
1477261
3223031
506520
3077757
4381419
1651955
3026871
1528889
1067240
1972662
2821003
90024
1870556
1881840
1949641
3290536
1725588
1608872
1759878
909032
1133815
1126445
1911347
976333
1637380
3397992
2958201
1593361
2923009
1619562
2134948
1097552
1936782
854824
4444080
1091249
1518683
2521210
1562306
1585970
1649990
2328680
1568701
1970133
1982345
327164
2962793
396105
860017
1855012
735272
1623220
2225737
1362551
542640
1264070
2989852
1858799
589965
3056495
41139
770354
3082637
1950482
1515687
1836593
1745849
2125407
1759822
1757005
1129480
2245962
1797544
1464221
1849580
588599
517595
1893432
1696290
1966084
3373754
1829998
1740182
1501472
2609957
1888719
646530
2018004
1702827
1474012
1605598
1617945
2659870
730162
1917673
1796420
2801090
1513529
1956448
1840780
1608832
1269453
1562308
1595191
1695482
429797
3099150
1524357
2060302
1729807
1969007
1618205
1295253
101713
822682
1822957
1077686
2449781
893739
3320563
1803876
366241
1843589
1476582
1777057
1396152
1649961
3240833
1562551
2755564
3651552
1610523
158587
846261
1811676
1551874
1018019
132946
1982762
1619561
1745037
1990247
1266406
1479802
1812658
3093678
1724319
2102287
1956123
1722406
63499
1911333
1115199
1193449
2803005
1046830
163054
1303587
1287025
1343292
1141084
1922050
839711
3340677
484661
3380580
711305
1752464
1515487
2064221
713935
589969
1210660
1690124
1758660
1786484
895806
279140
1939642
1582674
3577163
2063622
2467121
28025
1350672
1939636
1911076
1404171
1502678
1419403
221950
1271007
1800249
1192810
1612148
1858571
3299391
2916911
1523011
1988816
1153219
402496
1925405
1642274
1559935
1686838
1927541
1392757
1177398
1650477
1116838
1658801
1494829
1946302
1848743
1705445
267052
2118445
975519
682966
2044368
954692
553131
1984297
1814149
2948988
142145
1730139
4188100
2135495
1901804
830360
758459
1720295
3326367
1474455
1263876
2121051
48927
1829038
1889804
996109
236850
2798276
24655
823257
2815998
1747321
3221046
1831842
2028483
1932446
1683664
1801962
729681
48926
2396518
1571816
537377
869197
2131347
1892052
1852572
1623285
1230910
1680868
2563913
487384
1951581
947166
2103566
1655510
1455779
1968236
3060395
1594856
3156682
2023120
1315334
2090137
670892
1241370
1159687
1892411
40017
39388
2070432
1892257
1862925
827932
872890
1290997
677903
1520788
1909553
2051808
1431582
1065224
2792767
84398
297421
1306992
1787941
1382052
1551941
700653
1599393
1677967
746738
1816785
3470475
1598592
795096
1994840
219307
1675840
1738876
1354657
1733039
2050026
1636508
1881837
1854588
517963
2055688
1771879
1807742
2518847
1675844
1358482
3828880
1218649
2578838
1702172
440820
1538480
2048477
1828835
2152416
737408
39329
1987536
1949398
757847
2060304
1127341
1989330
1540892
1897567
1257437
715074
2121230
1824921
929777
2359829
49612
1815491
1464219
659540
713867
2307744
1369375
2197297
1255391
98599
2056071
1398206
1589607
2276916
2923965
1431824
946072
1852860
1927045
1971660
570975
2349467
2794653
1670366
2119349
3221096
1201583
1807735
1985769
2221455
2423227
1771656
1236211
38116
1347841
1831841
3062388
663881
1298522
337998
1643270
3336339
1609620
178645
1407931
1282279
1520653
64689
137038
1610022
1391928
1952177
3077032
1975292
436442
1328328
1582583
58062
3400066
1969637
1618986
3108227
1771657
684970
113991
2084845
2798019
569636
1755730
727882
1838381
2099567
56578
2449791
164007
1701404
2099728
242822
1820170
1284220
1487213
889322
1502635
1569704
1786742
1730889
1954108
1854022
3765129
266108
3354417
2010604
1899714
3472890
4049435
291996
2031002
2069207
1641266
1037415
2158925
1507681
2283640
242002
1288860
1275831
1848919
49059
1853347
1119201
119803
1511760
442243
1441095
1941499
1243784
126240
1495498
1917313
1377739
141100
2532278
2034978
1951721
136336
117424
1969096
506991
874939
1556636
1069950
205097
32402
1982350
2173742
1260403
1982079
1325315
1925014
1883937
1524241
3158964
1983124
1768636
1800409
109939
2078661
1861434
1428482
46486
1894320
1909493
3320177
1754523
1627157
1707536
1716714
1737389
3276769
2058788
86757
759638
1812660
297673
733919
1070639
1559778
2806598
1528281
1864216
1262049
1269345
2094974
2977095
3228974
902873
1901963
2817562
1734206
2534559
1514276
933666
671750
1511837
962060
1872812
1571187
2053796
1139717
991059
1990449
945157
88502
397535
768986
845391
428874
1888032
1968445
2270813
712376
2827550
1621068
2153558
998769
1312785
143885
1689136
1876016
2118440
2102289
2172109
1647301
1528842
3108018
2131617
943270
143113
3262952
1899951
3045021
995001
2979115
2869874
2099172
1455781
2115117
3470473
1484989
980431
1378704
1726848
1717844
82709
57257
1659691
2349470
328523
974662
45250
1531842
2789120
1707596
2761378
1059390
1383388
673484
3070878
1855011
2322600
147146
720172
3211586
3112792
1967532
1266405
1712063
786021
2533964
298176
954254
1030219
1391631
2129147
2092200
1697646
1351114
1970538
2954172
1439240
1173114
86364
1585787
1924818
1300513
1649842
1917397
2868897
1295250
1957843
2330482
714175
1262832
1824271
816734
3822375
1772897
1590373
1831435
1848097
1797542
2017512
1053231
1149638
193436
2922060
1675834
1791235
1320856
263614
1530797
1051486
137766
479668
1760024
116273
1534639
1948941
1512891
2109702
1510355
1796418
1925407
1830635
1639118
1951973
1773237
1405981
1262796
93323
1775840
154357
1925409
1778051
1661885
1717851
1925456
975982
1612454
1354778
706779
889327
1658726
1749294
74273
1872989
2245775
1806154
1369208
2831663
2755633
2885479
2848244
1400414
1816243
320025
979231
602379
1162425
1590239
1573320
1155987
1249502
1166404
140821
1771564
2034967
1500846
40034
1564191
1505901
2549082
1703605
2565616
1509637
78774
31800
953586
2162848
1762429
1573205
989018
1707113
1781691
1304276
1609590
1939727
56063
1617047
783860
1356012
1834667
1134302
2326267
3354721
1688331
796012
2121317
3036223
1129193
2070070
3176082
1773235
2953158
1797363
3031204
2131079
1981053
2081001
930497
1863414
1291565
486513
2709331
1994992
350132
1682467
1893461
48082
1168663
2079634
1314913
2172108
1957780
1149713
2123381
2096781
3118446
2118444
3334951
1488698
1919045
1417132
1922277
838030
1758872
1500994
894090
2899217
1787984
1632692
2170029
4288839
2409647
1599266
2925833
1651290
1517345
1569836
1640219
2961839
1895932
2318302
1478254
1360912
1777108
1385396
694701
91275
1586572
1165847
2125305
55437
1879644
942060
1478678
1571245
760488
1681413
1370082
1636244
780914
1974867
351992
1354138
338593
1885374
996397
1282701
1623093
1685118
1451992
1749900
2830874
1243782
1450380
1613232
2794354
557963
1104572
3554698
792410
2016274
1972327
1344395
1703066
3541087
2170342
1017976
2872860
3001358
847313
1242790
1558497
2397591
1994802
1783813
1311564
1245344
1520526
2933042
2168768
1685774
1593847
2904026
1746305
647685
3095143
1632912
1571507
1765847
3318054
1851366
1165695
1911526
1670139
1594855
891293
1493345
1622463
49610
1582612
152179
3156884
963261
1599267
3247645
1030374
3457575
663819
2246465
4077313
1911308
1437528
1949083
4238131
2625940
2032789
3379820
2222887
1562
54564
1883745
1784304
1892206
1695181
1198930
1816273
1104798
1535708
114716
1885376
1331498
968220
1935721
1185926
1858850
1773538
3258234
3100537
1502636
673821
1728697
2607032
1779729
2957971
395474
1817450
3685509
1576449
2977099
3702456
2098548
3103301
1929567
2067104
2596017
3262310
1623206
783861
1677119
1728720
1385399
1900434
3127798
1359787
2038792
2133119
3164185
3197400
3189047
1457925
1639936
2104958
1650440
766475
1844413
2933166
2030853
131891
1964296
969438
1464448
1964454
2968299
2278694
3078656
3277906
2097898
902259
1567613
1751630
1283506
2868033
1688157
1541404
1454625
232661
1743778
1970539
1678502
1723257
2145232
1154509
550235
1814489
2396517
1834766
1067032
1734403
82785
1784328
1074000
605003
1169865
2148796
3272642
892853
1605451
1720983
2097830
3095039
1721919
2210045
1754068
2131344
796721
161742
3308755
761722
1901789
1536685
1844416
2443349
1726474
1969649
1343383
2650620
2907728
2853012
724348
1735168
2117287
53926
2245774
1736727
1971160
1759171
1888083
1028755
1950484
39373
2833129
2258687
1530772
2143044
1260116
2717037
151008
691083
1567612
73780
889319
1977349
1431530
1149303
1870503
1054503
4363082
1026729
1848803
3148852
2070409
674553
1653038
1611276
1400195
764517
2845162
548944
135370
1602151
1654883
1559387
676445
1621084
1106604
2036762
1802843
1846898
13630
2922483
1640225
1513047
2072959
1860939
1797628
1819313
1405980
1464591
1468647
1765147
1554693
2944619
1683700
1657468
217249
1814486
186599
2983192
2149558
1696805
738063
1773236
192508
50625
136655
1762422
2170756
974148
1741062
1963209
3190899
2477878
1693077
1090930
1669955
3114186
1850300
1267571
1974023
1964146
1746993
1763585
1642169
3008139
3297242
1969676
147365
1359903
1514412
1654913
1783219
158870
653489
1889232
1219592
163077
136400
2961261
176960
451609
1569904
2157174
285296
3359825
1884044
1623092
1948943
1733344
1955867
3431145
1615501
1015314
970550
1618407
1188954
2805421
924717
1915096
1383988
1395942
221948
1148238
828940
1675832
639865
700546
2697920
703043
381302
1235189
2225530
1153238
1514771
201522
2658931
846259
1474947
2824752
1901787
1626430
1502634
1782852
1469339
744897
1291657
2246967
1610994
3401918
4372941
997648
64780
2170151
959194
1802834
1649528
152180
1358299
1381994
2125398
1603721
1817769
402590
3385296
1538777
3183737
1468670
1303586
1869048
1034343
1693573
894011
1385415
1307531
1153255
3204627
4139761
2861729
140665
1773226
113625
1398810
2952287
2064681
1966308
1087026
216133
831035
1437878
637623
733753
603797
1496389
2171333
1519160
261705
2725790
1722791
2023147
2257833
1987903
1918152
312036
490154
1514277
2104522
2011121
724832
1939646
1454407
1558338
160825
462678
744036
1783310
1802983
1788377
3394955
2118443
1475722
1093245
1564802
1728721
1775394
1658251
262189
2219479
3419793
230310
1171688
1860938
1797557
1922808
1634887
2017408
1258579
3134378
1419398
3515777
93527
1481914
1462155
1685777
1723594
1721060
1694392
2622151
1562159
1917082
1707593
1938466
3191372
1847974
1522760
202756
520475
1342357
1128725
1855074
801054
1945790
825308
1537198
1960253
24733
1637690
3046419
616929
2316005
2280179
2787354
1614054
150360
1085988
856273
1691293
1625274
1960428
1794350
1762733
2020146
298126
1601126
366142
973744
970417
243946
969681
1505416
1364062
1539202
2633856
1975305
1658312
2534930
1836456
726612
315552
1915794
338594
3263851
1577415
1737701
96161
2163449
2042992
1262009
779523
1649593
1181061
1618411
2986326
1890237
172681
980740
1859160
2787352
2116173
1791802
287018
3058210
2875003
1675838
1975855
1615502
495538
3503278
1959143
2476791
1073275
1126510
1060683
834587
1493820
1617640
96566
1628483
44031
891442
107410
743034
2031676
1530642
1814493
27204
1859841
1816958
1694030
1520445
655794
1368678
442170
1931863
1577423
1675839
1725369
2769435
958640
1062037
2814588
1301354
1529804
2977094
1912651
2927342
2794654
3459829
2144116
1965348
1985591
3334672
2644766
1027174
1865009
1582809
1382042
2769848
3346061
2792766
102557
1852937
3313830
2111531
820944
144737
1676707
1819160
33535
2525839
1582605
3209999
1577751
1370179
1740157
590695
1794074
1285420
2956882
2009327
847314
2054200
1813990
2117271
1987247
1931294
2834097
1235792
2885483
2489320
2139855
1731468
1805005
3369504
2055674
215906
2439776
2988681
836907
2356185
3167029
1680481
1697645
2058786
1536573
3255469
679242
1262485
843989
1301206
1362933
3094645
926178
2449792
1899511
2437365
1716713
980743
1971795
2133171
2452634
1011226
1934013
1782343
2101878
2423226
1358045
1899581
1839093
500194
1347794
1201618
1654882
2533765
201570
2266414
1938201
1040424
1852786
113587
1399324
1849718
1464026
2996918
3503279
20821
1657662
1519137
3653088
2551294
3459827
3472783
1834146
218802
1766745
3099686
2785109
1869933
1586083
1053233
2132761
2842837
2574624
1756907
1939643
1288858
279558
2783494
1510219
1777847
2619012
1989332
1053235
2755563
3133585
482453
3338239
2147837
2838936
1758310
1814488
502581
276451
2833818
2002672
1950893
1487640
1488511
1948760
132256
2730461
2138178
1320971
1917398
1979835
1884781
1510351
1254392
1916878
1169864
2617203
2848365
2670817
1982343
1716732
2436954
389703
3982633
183769
1243786
1752439
1954860
1559974
2089202
1007896
1624606
1787869
667687
1911334
2830353
2304706
2446379
3129873
3470799
2935875
453357
856743
1828346
2028782
2956448
768781
2068130
1955738
1652992
3503280
1675843
2401868
1253771
1189078
3106294
1691982
1777995
1263323
1534523
1988279
1634985
180418
3419792
1392016
949508
2717039
1098527
2049457
996349
2952279
1082771
3984915
1365637
1685345
1688177
75065
557814
842815
1720978
2798020
1787985
1720980
1687369
949875
3117101
1407734
1090291
1682474
1569936
1722761
448000
1536777
1020502
540748
1150597
822651
1425722
2986417
539909
778479
55655
1676829
1291653
1827911
2077642
2129143
2980743
2983698
2121524
1519885
1843594
1799197
1312158
164020
1138401
2772765
1722890
1328726
1058918
1401861
2470712
1644648
1486151
3577161
1531609
1919142
1269444
1165848
1647914
53555
1602921
1648606
2518845
1949246
2772766
1972800
1922262
1958596
1802687
566373
1717855
1408296
2180883
1307401
1218337
1965257
261725
1411701
1088291
945461
2615722
1505878
1290536
1521209
725718
2896682
857477
1608897
1474956
1632983
3305919
1564803
1673890
1609565
1996791
2183542
1810372
1827228
2058075
2140092
1594851
3007943
2664322
2168425
2012301
1820393
908059
1568884
2239337
1996790
738231
1924816
1795146
1799101
3048434
1797366
1843593
1875292
3321815
3309532
1372702
1732279
2237468
1891490
1691360
1652163
3024187
1898523
1862183
1442773
1309079
959426
2873378
2223734
1384287
1312373
58063
674308
1618099
137205
930498
140937
1367861
790249
1689336
1723197
2707584
2983699
726608
3156368
1315468
1492588
1609695
1857648
3430131
2944618
1173115
848511
1453452
1863415
623563
3307169
2822019
1715176
1814503
1812515
2059940
1099752
1896298
3139947
2054204
2130652
215238
2225736
131564
1814492
3353402
3503281
75608
562333
1754072
1283463
1960255
3234400
1782836
1381991
1955170
2200880
979230
1708266
214264
149942
1399240
2245785
1071565
1974024
1646082
38507
2986325
1082780
4436418
3028795
1784017
1071424
865851
91215
3048435
1754868
1795090
1854139
1538882
1464581
1841483
1032374
1881838
1905281
1465099
240488
2671949
2977916
1418911
2022718
1627442
2262452
1827843
1675837
1894469
3200075
749274
1724656
889323
1501582
1836302
1848332
2868551
1881839
2245767
1901784
1701711
1911588
674347
1869050
1669719
2104772
2978156
2033680
1228200
1969006
1452531
1767385
916788
841899
3144908
52275
1765640
787430
815690
2831360
1926666
1829478
1053378
2789054
195305
1648937
1891471
2650943
257793
2028600
1689539
1456929
2367232
2063907
3434010
1700344
1070687
1756356
3134174
1621283
905046
119071
1594713
752331
1815321
2138942
186721
1466402
655682
3461299
1266635
1736244
1501236
155393
1773877
2283637
1580808
1706328
2357806
986943
2939821
3370831
2019478
1681517
1765142
189220
1574002
1474944
999726
2163019
1093507
2856473
3355432
1962336
1052987
1125665
1807739
901194
1219148
1574003
1840444
2086929
2868389
2957703
2829910
1575510
2842731
490679
1628719
348550
994495
2877085
3768521
2310865
2837544
3470474
1751349
1795224
3465069
3109887
1382696
1853841
767835
336228
84996
262188
2788997
2761380
1069224
1737169
1977528
1579823
1822916
1981164
467689
1963417
1972570
1765081
1639738
2328228
1900682
2006067
306278
1264831
1587677
2115928
1784007
2641466
1814460
1261191
2183905
2129145
1296370
1758984
1702072
1462917
1938881
1617279
1594729
1361845
190951
1701539
1729283
2119061
1720982
359411
1751858
1781913
529080
1464587
762034
2925832
1660761
3334181
176069
3001356
2790546
1765853
1092646
1270874
1778020
1939849
4433726
1775107
1813055
2044367
1969946
2315562
1744595
298175
1985593
1258440
1656498
1823248
1655441
1756228
2953893
1733839
1820965
138552
3298319
1959413
1756905
1837666
1590637
1065491
1894591
1188131
1762430
955218
2729451
2276085
902048
3157624
2906624
1403948
1827879
1831799
554519
1759915
1764226
796675
1382694
279477
1025595
2889189
3434976
1951094
1870502
1718672
1158221
1557471
1442992
1608833
1909761
1672165
1647917
2123415
1582989
1983108
1843244
2837136
2827810
1793422
726191
1754205
2017496
3136863
247999
33192
678461
1498150
1828449
1675841
3039018
1121834
3348216
1530346
1308975
1665868
1661047
1397880
1850938
460044
533622
1680849
3427360
2008482
136399
1599046
2135342
1838165
1694860
2042638
1608849
1938934
1606883
1656971
2316009
1661048
1990348
3210648
1515892
1733345
1923145
3434979
259256
1799100
1700275
2730928
2147836
3050361
1305841
1179849
1819898
720096
1860808
1365079
1696087
1864175
1726857
731624
1511836
124701
1602494
1295252
2109961
1657612
2195806
1082784
2014389
1576337
1768093
2638387
1898137
1614042
1404020
1412467
2901058
1669721
1699952
1748667
117427
1794882
1801416
733755
1772632
2794533
1985592
1628717
273772
1634735
1712065
939618
147824
1036133
785982
1791803
1312787
2113971
2075222
1821815
1869937
1636195
1569283
2752051
1582618
1991349
1911701
1003915
1321823
2071921
2225036
1794942
1705745
1585754
1531603
2150740
199678
1645699
1814487
1071369
2939818
535131
2841370
86044
4352324
2132927
683409
2305009
1742483
1826561
1728696
1350007
1515151
799208
1883154
1782316
136138
3246915
3093680
1765767
433664
1753408
2349544
1919688
1120184
1384827
2087927
3153536
3560365
1811190
1786749
1522240
1649183
2939819
1469338
1278168
1751470
2400926
1800744
2951372
25296
879476
1942546
2103429
558821
2026007
2101986
827802
1764722
1639264
2939820
2099565
1644535
534946
1213580
1310880
713442
2643263
1803208
161744
1690355
1744498
2229286
2316008
1520964
1411797
1757052
796621
1070793
1946856
1831843
1124857
38856
1660078
1938125
885030
1382021
1559384
3319172
1160810
31781
1863256
1084821
1803992
1985158
1627149
1421439
1226973
1729805
1809486
95382
3086572
1579923
1814107
1562545
1543888
2413327
135052
997650
1939029
1889456
912808
517432
2986854
3434177
719051
648081
2011144
1619563
26726
775076
1887504
2842820
1500993
260349
2717662
3514465
2830674
1864566
1345673
1671172
1766664
1359683
2514909
1814494
1425563
2894021
199304
1126915
1093107
2197250
2961702
1347840
2869013
1825814
1752432
657054
1805910
1266192
3276605
2168737
3461901
26728
1707074
1386123
1766232
1658474
2833804
1796364
3471735
1155228
1675830
959407
1083054
743688
1911799
1055880
2649506
1506699
1662302
2894142
1753456
1431722
2030431
3420529
1863235
3099518
2863524
3208952
162864
2002605
1027542
839569
1899826
1597247
1762731
1302271
1917098
2103350
1351972
1906336
1483773
2155451
2246152
1791095
1782851
1843481
742963
2650194
2922514
1562547
1973475
4440065
1415290
1345672
1253351
1814700
1817927
2349542
1332900
1505415
1569153
2796477
1572141
1745946
260348
1540790
1763938
1603296
1853842
1678850
2973848
1824472
1813052
1345671
1242788
619891
1610852
1707233
3083894
3289956
784411
2809534
1778453
3062080
1700990
1746722
1694106
722968
1851537
1907737
1587405
1982349
1486576
1796684
1954129
3412619
1538481
2014028
1074466
847452
2121136
1958623
1101356
2138943
3307042
1787870
1493750
1059389
1619912
1793118
1163440
1767386
1979227
1890216
988197
3356545
1178526
1232328
1889454
2650764
1156558
3105221
1093629
1650971
1860169
2721648
1918025
3122912
1694395
1634084
2054205
3099250
63559
64674
2713281
2124848
1383389
1809478
1779816
898576
2682465
865167
2872093
48449
1941271
53736
1402392
2519852
1397836
804727
2036851
1312375
1656000
2223134
829598
655684
982913
792863
1655167
386728
232294
3426226
1929566
1247896
1671739
691549
1521481
1650772
494818
2820568
1221541
554401
1890494
2784411
1786086
1420861
1780825
3243457
1051233
1647780
1762423
4164681
1296538
95716
3077972
1595303
2939817
2245773
3095041
2615210
1524103
1761422
1981165
1307142
2921013
3503277
1585178
69219
1225627
722844
2530810
846613
1671171
336229
894744
1949860
1885475
1811435
1583561
1223690
1242786
763294
1226524
1832351
440547
950679
1498152
1995061
2320451
1762425
1694393
1050582
831241
1571568
50407
1668950
2363005
775513
76717
1741989
2811422
688416
1804394
1572367
1582902
666445
1484344
3216732
728872
3253634
1570547
1042089
457833
554935
1399043
2797473
1252560
722596
2471823
2330808
2678652
929999
1260037
3119271
1786111
1723144
2238522
29883
1765140
1549121
3046773
1947687
1400321
1659767
23847
53554
1885048
3192619
1288857
1741421
3299245
1304553
736215
3300928
1843595
3168327
3040273
2037327
13017
1308410
2857448
1268406
1687532
1797548
1910465
3351262
1838665
1652894
1056931
1516778
1200235
1737992
1036656
687275
351188
2616085
1083053
2478408
1711751
1530620
1699346
1940768
2778512
1882222
2245772
1716712
2077126
1483946
1266392
1897577
1652846
1897551
962800
1649420
3467633
853918
1796421
877335
679943
29731
32609
1518179
1082783
3119024
26729
982390
2194972
1752431
1418838
1141858
1733305
1331610
201523
1501684
356375
1305761
982600
1843086
1931270
1973534
2814151
1944412
2968616
2556534
1733441
1518125
2222967
1979344
1863226
2414472
611931
1983405
1815397
2095314
1917359
2152166
3082589
442861
3156885
437721
1813054
1572147
2245778
312282
3107885
1596105
1196610
602917
2095424
2282368
32230
1842675
1053234
496762
732318
1822301
1308411
1939638
1714320
2883760
1032103
2326783
1343878
1580728
1459488
2908653
1047313
679131
2608130
1306932
1657661
1748908
2556238
1650438
1059410
686421
1889660
264228
1493486
29457
2084629
2937778
1575366
2923999
1816330
217651
1772633
1098338
433005
486220
1675104
3099626
1829722
1001286
1083052
2222861
2906715
2596018
1565144
1253622
1800431
1758873
1939637
1971493
2363784
1792343
1265800
3291178
1573659
646391
1973487
1223770
1532186
1914735
1054502
1268353
1670874
1495848
2755610
2946768
1821081
1838664
3099167
1221602
247241
599815
1969491
728870
1630299
1551961
2953274
1537449
1848456
2966904
837567
1840046
2624522
1403838
1406011
1649243
1684964
1811486
1919312
48874
858241
1754329
2998445
2485793
3291179
1360895
2245771
1697643
633993
1805758
24594
1286416
1829131
2320454
422328
2886136
306207
1112356
1308993
2276915
1744717
1637090
2245768
2784409
1799568
2954182
1289755
1721390
1366190
1114721
2740609
2914811
736213
1916880
1942340
1431482
1036655
2907086
1507125
221602
1381993
1707326
1580794
1227359
2906707
1324163
2778415
1365214
1137172
655680
1349775
827081
4393066
500183
1649597
2844963
1834598
1233941
451612
1216854
1734135
1249039
1853553
964130
1807642
1344213
1361514
3184138
1772635
1965332
1763013
2883759
2892764
1732940
1219210
1726866
1008122
1232752
1071273
1106704
1962182
1765587
2161305
1857880
1871598
816327
1810154
2187303
879061
1234400
1649596
3095036
735021
1492913
1266404
1400320
759056
1087334
1975112
2825892
1464220
1257855
2652498
2528358
2681037
2222070
1451537
2095310
1332774
2906211
1578503
2479479
1097543
1632332
1893431
2573493
1844019
2023927
1398110
2489378
1294632
734434
994940
683970
1401283
1648505
2269544
1344602
2721644
1345670
2003209
2808006
1134237
2769850
978213
1551135
2748904
1073278
1973410
1609741
2021776
1818428
1031991
1836736
905745
1685633
1824802
2004425
1643106
2351193
2046445
2670693
1842954
396537
1131425
2153771
1659962
1126228
2267564
1529267
1219126
1220396
1033882
2866498
1053415
1681634
1572100
1571448
2044362
1902624
1869935
1863231
1227055
1093455
1762937
Total scores: 3460
Average score: 185315.48
SSH: 78, SH: 505, SS: 18, S: 130, A: 1959, B: 548, C: 192, D: 30
