1754777
1714882
1737899
2368880
795627
2315558
1770368
1919312
1537817
1501472
1570203
2164274
1097543
1484776
1166895
1808605
1630299
1736332
1251764
1678956
657917
1736333
1895602
1860435
2034654
1859166
1955170
1737326
1902624
1580814
1828339
1699366
2112902
1626537
2081844
1412813
1836484
2389623
2245774
1579673
1742483
1002940
675734
2686032
2122460
1046339
1814494
2168768
2164997
1843589
703794
1587703
1905654
1893432
1514105
2044364
1651290
774965
1804393
2058789
1972480
1809691
1276141
2078961
1848803
735272
1649064
1621319
2097898
2112898
2245772
2044366
2079597
1258642
860472
1911308
1666552
1271985
2058788
1860433
1969946
1749322
1861487
1413257
338682
2237466
1857519
1866087
1860169
1053520
2129143
1683433
1737169
1763013
953586
1419403
1632362
2150812
1593573
878721
2246465
1872396
1968836
1990718
1400414
1925194
1627157
1992711
1770454
1637380
1816113
1770623
869222
1123155
1573320
1221602
2245766
1655981
2168206
1419400
1949715
1640330
2149816
1947968
2022204
2149823
1643270
1102144
1854022
1649989
1762429
898575
1892257
2168568
1917082
1965348
1828341
696225
1977528
1495848
422328
889319
1989203
2250747
1165105
1449416
1301498
722909
1353480
2185824
1762431
668662
1973410
1795805
1659530
2570594
1246395
1476606
2149814
1331237
1882794
1810150
2222070
1979344
978326
1961300
1343792
969681
1736327
1722247
994495
1621068
1541907
2188031
2038750
1473301
600515
1844229
1215958
644971
1633675
1311613
2245768
991733
1332240
2151912
898577
1129193
1895606
1071424
1899511
2149822
1193449
1657639
2077126
1252711
1770619
3018109
1752315
1571309
2245777
1509512
2108925
999944
1710712
1736329
1843653
2686029
1153240
1845585
2102287
1601598
710881
1885374
1572868
1720423
1895605
1968445
2069841
1372542
1468912
1956122
741572
2193895
2037502
1783812
1915794
1796420
2112908
1790044
1593061
1893431
1241370
1600415
1157868
1827558
1630100
112922
816600
1650477
1003944
920879
1518394
1639177
848345
1121834
1675844
1827323
129891
806017
855762
1808741
1384919
1317258
1828342
1988048
1807566
1461877
133938
889327
1911333
1499066
740044
1031991
1706834
392220
1453152
1642274
577517
2118444
2166311
888305
1607369
949011
1571448
2167382
1619561
1993380
1910096
1610745
2099728
806325
1982645
2231706
1645523
1742484
996109
889729
2112900
874048
1759814
2068783
1761495
658127
1619555
2022202
877625
1028733
1972802
1119965
1556336
1963403
471257
1278113
2044362
1395942
1572198
1385532
1984886
970331
1630904
1879801
1402367
1271007
1172819
2185148
1659421
1955242
1876015
1952177
1249175
764125
2022718
869240
2245860
1296798
2112899
1706278
1586059
1573321
865344
1690356
1596706
1790104
1931083
1737489
2016274
1018776
1578185
1828136
889322
952215
1951733
436723
1071242
2025942
718156
941147
1063410
2027927
1851299
1701404
1398002
1127768
1645698
1603621
1355255
776951
1181761
2226486
1368107
2077119
1034482
1030374
1480395
1428949
2118440
1823389
1040044
1675837
1898740
1377957
932141
1537566
1716732
2150733
954692
1969122
126229
2064221
1820840
1984889
1932649
1843593
1898518
1218337
1007522
1996809
1848919
2140745
1357035
1354522
1844417
1736331
1796418
1474491
1843595
386728
1969005
1830123
1576147
546944
1620144
1474946
1764226
1685633
785897
2149819
1586945
1512177
1583228
807074
1071369
744673
1414400
860022
1046830
1829925
962959
1893461
2163089
1595191
1056907
1401861
1676603
942033
1797542
380646
1129148
1949536
555797
1586892
2112907
1643641
1599266
723891
1574470
1262433
1623093
1511760
853919
1474956
1378155
1406448
1764213
2098783
1918152
188835
1603635
126645
1032126
357638
2222862
1949106
1843610
1500645
1431582
1023307
2237465
1702172
2020258
1051587
1701940
1970829
980431
917129
861164
1756397
1918978
1574296
699471
973744
1843608
879061
1752311
785394
1577478
696783
1494833
2245783
828243
973014
917736
1750460
1608832
2332240
514516
785899
1971633
941197
2106328
1614714
1349686
1989857
1512820
770576
1619564
1633693
974352
1092090
555050
843155
1141858
1895604
1065689
1127621
1758255
1718671
1969637
1536489
1110199
994940
1797628
1121435
2044368
1612454
2152330
1700275
407788
1795146
1074246
1819898
1806803
1199955
1301421
1898787
743034
1849433
808848
1723182
1027542
1355247
891867
2227344
1661486
1558876
1983405
1705675
1668035
1029562
638493
1967262
736214
948540
737100
816453
1497709
1671813
1701564
1820921
1602456
1978494
1450273
1839001
2162847
703657
725908
1852937
1114132
2156323
1988963
2039544
784411
1970565
1934624
1124136
836907
1469240
1474795
1932924
1451867
1128411
1385396
1153255
946711
1797692
381928
693288
1572058
797889
1128220
1498618
2189687
910147
794670
756065
2022468
888010
1694501
1828340
2108924
722844
760488
1524183
711209
1431722
1343292
2030843
913231
1849120
1978495
1187506
1541384
2077121
1762724
1762423
765455
1910549
162405
784240
1441081
1711680
1695382
877312
792057
1353352
1615427
552068
909502
1649842
1211828
2223057
1521717
1657612
547566
95382
891079
1416966
744222
1720903
942522
366140
1402392
1415441
1301562
1838427
574471
1566017
1573280
1897567
1675833
985141
769389
1764227
2030431
1756897
1400686
1562551
1849505
848994
839947
1602803
1468467
1669990
424925
900631
1898986
1059388
1911335
724360
1536687
1607978
111680
1684116
1193476
895604
1181218
1722469
1519753
1640362
1935596
1027702
1632673
1849273
1433283
959426
1975370
509510
1127541
2151745
1056320
1459091
1618799
1264503
1158434
1297787
676193
2149815
139634
1897577
512000
891206
341891
1712377
1770624
1451733
1654383
1026666
1654579
1762728
108021
1846447
1783310
1783813
1371599
1172150
2067117
2099714
1400687
860793
784249
1558872
864446
2014390
1127744
1956123
1360672
1809964
257793
1659100
1628503
1859185
1810188
1412811
721158
1810372
1820257
1190510
1503470
762207
895822
254370
970204
655300
1805910
196839
1809107
1562893
1321542
816327
2060305
1378285
962979
1039869
2159665
1682412
873295
1858799
1165064
1304276
820619
1127798
2142543
801557
1397544
1432512
2118443
2063622
1144257
335041
1052124
1917158
933746
1899714
1948378
1245276
840686
915606
1815397
947526
533775
1299942
1580557
970048
459845
564188
1245365
1046870
1800249
348903
1675839
1027065
1075593
1123160
1612453
1653145
910124
1665716
647844
1067032
47152
1589619
1094551
753012
704360
1558638
724015
976159
1969635
1355965
985875
2141888
1818428
785898
1685634
1401254
581401
2008748
1569034
1201636
2150737
467689
308917
2077125
3121664
1468735
898690
887095
1269817
487951
777303
959427
1610994
983102
1283136
817174
815857
778641
1750684
1091249
1099722
767280
1797549
834589
1056931
1113332
1262434
1889232
901234
1631954
1068383
766475
2245781
1191209
1397837
2102289
1266164
1946909
1141084
1916880
1979226
1611235
1233778
874974
1032263
1159687
1854237
1115737
1193344
835314
790048
1918151
1383388
481057
1884131
1982647
1701563
1898522
956502
826968
1257298
2144226
1231091
1401283
678347
1228631
1636508
996356
1413077
1046444
1690355
1307019
1849580
1557471
539909
756448
225490
1298998
1263997
870151
1142960
1332774
1558870
1969007
181253
1706017
1575480
979155
1602802
1949083
2149812
804828
655679
1941018
1554713
792581
941270
744672
1431831
1576174
795988
1092364
1065863
1461594
931791
115384
1025348
1915983
291284
1053415
1472912
1077686
1107300
1248817
1215956
1124630
821070
1043661
742717
1609253
2149821
1569378
922638
952620
1316977
882182
1909493
1374031
1437594
1496389
1797544
1974323
1725588
1243784
1602967
979684
1236211
1429979
1788628
1514898
1604315
1527745
1354779
746738
131891
502418
1850585
1517511
1220408
1477910
1289927
962194
1427838
1529267
996054
690778
1574314
2088427
1717182
983680
751180
1319547
1024496
1697722
1270943
1675832
625507
1886274
742549
1610046
1583484
2039543
1401543
1663107
720746
1688458
476149
654108
855456
1294882
1686753
816734
1675842
1648505
164020
824970
785902
791264
1649528
1785750
1962182
701033
1414928
1434351
1849904
784791
768355
1626406
1797548
922916
1624291
1317124
1150882
1990449
1911346
1277926
1254830
2069999
857477
2077354
118068
1814486
1537216
1590900
1897802
660593
1627148
1762730
2159667
795232
1071754
1059894
1264972
202756
1576395
968065
1675830
1729489
1165694
1634421
1371131
1619949
1527747
841565
2098548
779452
1373950
1300413
1014241
1213457
1640342
1095854
1183556
1317992
1169586
1007546
1907933
778160
804246
1343703
957931
1397951
849466
1658400
1378623
1675838
746736
1187302
1095270
1951630
1575142
1315100
1227946
1524104
438316
1106480
1382091
1815491
2223134
1643999
1898523
245284
1186445
1605598
932142
611753
1007881
1984890
1485851
1074985
527712
1533390
1411709
888465
1025871
1854139
470315
487384
1104323
1600778
1826438
796721
851614
1790103
915154
968739
1028839
1012384
137296
714257
1995244
828242
1592917
1639281
699318
1309215
1613624
1695379
1360912
1501761
749274
784977
1413258
757823
1822108
1028092
1934864
1558873
1741061
655794
1989318
1475812
974072
1609741
692088
727636
252238
295915
784502
114635
1074894
1807736
2150735
1208872
1231294
519080
1541288
1558877
2102292
941004
178353
1453420
753445
665663
2020320
1807735
1316417
1895603
762864
804021
507728
1436435
670450
1396072
1178057
1736330
1631647
1741062
527708
1573638
1790200
845391
1569584
2123907
672621
2065883
1946044
1352360
1607736
764441
1355778
1123162
725139
1127861
1414507
1045304
950997
715345
655682
1093434
2012300
1419243
1118311
1911347
161787
1251827
549766
1746722
2129147
1303587
717133
1580335
632523
885153
132551
949102
903049
1014371
759638
1567481
766080
1521024
1402272
378205
836936
1150597
1022252
768781
1892411
63499
2028600
247241
839569
1396152
1477241
1836136
1632327
1324737
948371
593823
1294884
777074
1306992
559673
1082542
1025588
821691
1024480
142588
1411708
790218
1848743
1206034
383939
1990855
2197401
457257
1282789
1895607
1454087
1963209
456042
472309
1215127
129847
1066244
687865
1502044
2061428
722968
1699348
664265
1762729
1372384
1914105
1385656
786021
805256
434189
2014389
2061815
1215688
1743616
1124137
2168425
1160967
2323911
1405981
1690353
1809719
366142
1158221
931860
1519474
1342154
1982162
710986
323907
1426926
1772924
2150736
1611251
1661491
321521
1601613
725718
1509549
728186
976999
1510355
1605664
1087337
26707
2245784
1006822
40017
983410
909244
1421312
1474947
169387
341005
95431
187821
1530057
1851366
1610022
1589444
1378154
1115583
1885376
1456307
1480862
2040715
1449826
2014391
2040764
1480932
524018
785904
1071438
862506
805030
1411707
853918
1491793
1420671
1521305
1584604
846012
827857
404687
1439840
1420669
1666338
1659165
1410343
1762422
960985
1153826
787430
1728493
1009768
903280
878035
838063
1954260
293224
1262832
1481624
1045000
899732
895806
1018019
1592916
1602634
740946
1948760
1694583
1879794
917817
117182
1361273
1676342
1762727
1021592
1623092
668124
979547
413141
958819
1281081
1677435
1206875
1349635
1743954
902873
499839
1580330
1433516
857481
1269345
1317186
309127
178448
626001
1807642
912431
254332
229493
1704295
323769
1722870
1264763
973046
933267
2084862
1829038
992281
974142
2162848
2144228
656337
459939
595161
1120086
1762428
1605179
415887
1707638
1843659
1594727
772987
1350927
1607370
1278814
1256718
953394
860220
992223
136553
2245775
1621592
1644000
1466728
1387233
996108
2117847
1479006
1543201
1431824
203986
104229
1056207
1454089
1675840
2245771
165519
1224537
1593361
1091511
938174
890190
555651
1104572
1345343
1367152
1707994
315090
878109
381251
869197
1377033
1909555
1053378
1142643
1169773
1484777
743818
1365253
1315519
1541293
1917098
2168204
2128030
699167
1269453
406738
1062394
1951094
1266192
81252
957792
1989201
225226
1821081
926178
1879804
1398259
1619562
1267491
1381991
859248
262302
134563
1018869
275250
1153219
890811
1770621
150621
528757
558049
615141
1836302
1818788
663992
1594730
1462834
2149809
969668
2098787
1265343
1127622
1773961
1433789
1658801
416403
735833
176280
1595303
487589
1741421
941569
2040812
72718
1521304
1597806
823423
923907
1621263
803704
783667
1213607
1571507
357381
611011
678461
738063
399974
1243791
271370
1032103
1805627
498644
665559
1531196
1552314
1587677
155914
1183492
2087332
968350
1901435
1814460
1634897
1818785
195151
1926750
158309
401894
1593545
453042
2098786
915124
645783
764560
792409
801054
2245767
2150739
739999
1170480
714190
679242
705310
744221
1777803
821071
157022
1429745
728878
525278
1397192
230641
2134428
1043089
922600
756249
1406907
1389839
1350187
1284141
1306932
1639936
1909554
1350672
2098897
834587
1796684
1799197
1613232
89856
876810
837078
1416272
924446
1199350
1675834
1894591
1121368
1796421
930498
1405980
728770
1025431
798617
1814489
386140
943399
997648
902259
1243782
674553
407314
1643844
903567
1526823
1839002
905745
1275999
2113992
813331
1809202
878684
958282
786979
1738445
209285
710985
1643862
1843594
857431
1194831
1412952
819842
1614094
1431153
847296
659340
283190
1573762
1310626
1468472
1626479
744040
1149303
1860938
483186
1043348
1392499
1947202
2245786
947478
780914
956103
708421
3111401
874785
1441095
869145
2823539
776749
1818789
621983
972658
728872
1243575
1301434
1677424
899449
1706571
1064909
1264070
1981062
1406451
1752313
1037117
1318031
29802
2245787
1025276
853625
1876016
1556636
48098
898969
796012
305454
1390195
1496486
792712
571591
1933112
796675
328396
1399400
1415360
1099573
1074466
1397191
281632
1281079
307289
1475945
1623220
1607294
2015394
26436
802440
1468473
695155
1608726
1134165
1625157
891293
1522181
1714756
1102145
2016104
1640115
183511
1617047
1256136
1702072
1991986
1696465
1315103
1653519
988429
1796685
158587
982390
1110483
752615
1492011
1581644
1950559
1444745
1783814
1067859
1010596
1344860
1435653
1857516
549139
786680
1694582
819944
1528015
1473830
1743999
1103732
353384
1370595
983692
2065548
1898639
1532429
1248136
880076
2245785
1245003
954108
691893
1060683
368552
1627982
1654647
1456417
814293
1524357
1426330
1510351
315010
1860434
442170
1171239
866621
145561
1071416
1396591
364532
1522240
1633183
874975
808849
1369375
1896298
1644003
1436970
1192895
1911799
1070639
1898521
557963
1646754
823324
1635980
97621
902037
1899093
828806
548414
870295
949888
1449913
744675
1564521
1762733
1797557
1696314
847313
1355829
973159
308009
1810299
1437118
536300
1315102
1583545
1403948
885136
1619333
1053519
1914722
1555610
151229
1802843
374841
883753
967713
1308411
1782090
280677
1644001
1257060
606613
1414456
553131
1898552
201560
1341795
1188777
362940
834763
647685
1064354
889632
514518
1037457
34211
1421055
1438912
1708902
1258137
673074
737025
979231
2060304
1807742
992437
226279
1054502
1681026
1318244
943990
308462
745308
1033430
1637102
1208919
1576397
1777160
295504
37166
1041036
1017602
1279551
778097
1828346
368558
1287025
1649063
1818843
1015966
1831051
1255789
1506605
736396
1825834
841101
932162
663819
939743
1669955
1040855
958423
1125665
524776
226839
1432320
1512691
757505
1183577
1295867
1158040
646713
1639114
1768387
821339
1396695
522773
999566
784974
498051
1252489
693686
249596
172662
1452708
135247
999724
903735
1480266
1600812
1539202
1730869
728870
1092367
1074893
744740
1606044
2121051
1557933
1223916
1690358
683409
1187674
1129139
1269573
850854
1607377
147377
2103101
1365637
814615
1308048
212045
1162425
749189
1240783
615303
1544689
739212
1569283
1411701
445177
1173115
1718672
1370179
1036393
21010
1590194
909622
1149638
246014
879786
1828903
2004399
1518059
1041551
918087
1095271
673532
1775561
437139
877335
783428
315
136411
1199897
40034
1033154
978408
1083470
454107
997650
1217004
1295814
1358299
611879
677687
147365
1001682
2245780
1797366
688416
1709121
1431590
1262009
1568923
1608872
1154509
2245779
2041050
490263
1625592
1005548
1383192
537377
1418477
786315
2223135
722448
1728720
725061
894744
1390927
1590901
1855218
530358
1058754
136649
1112600
1258440
859246
443195
1370029
340104
827317
1250328
952528
245377
1966451
1262435
1302552
1618411
976187
716398
1388891
985854
626285
1216065
1129784
1172171
1496766
2180369
1210660
1828400
1643649
665129
1816243
184401
1631999
1992567
865034
1312944
85264
1524996
1814493
1529762
1111047
657519
1256373
1116570
1158325
1575468
944864
1608414
2065554
935029
955218
1905396
962800
1505914
1670874
1420861
1013310
1529804
2173072
2245776
2223735
1734232
178966
938402
1509460
1111515
1383988
1770893
1827324
318340
115891
2245778
1751857
637549
1825833
1219509
1553356
1008079
1707074
1255349
205941
1642169
1264831
1645699
1306781
1950290
495800
27637
1563445
1981063
682673
1584957
1654883
1995061
1831197
2223734
1021579
2070521
1230854
1070793
2439848
1456899
2022237
1890062
1802456
975963
2161305
406970
683970
306683
676172
326864
1846226
318950
339055
1259155
1658312
1253771
1696136
1075653
1628302
1995114
1226661
900957
1592915
1427476
1649967
2179629
1561529
832691
1488259
2045979
1029307
1042794
1115844
664387
1370630
950234
1776628
1238045
1329774
2470194
929999
1270000
1199886
837567
1026729
776632
1768241
1366681
1559394
690461
1838426
966243
2641365
1524103
1706210
312910
97397
1587059
49101
1569904
580941
1713929
1643106
1944926
1454085
1180080
726381
1419398
1229400
611751
1294885
1351114
1571082
1819313
1312375
1857434
1543580
663818
1009330
2061192
862088
1772923
1505901
1358921
1432943
924759
2569254
663725
1451282
915210
545143
1073279
1614477
1354531
2048026
657916
1076862
821785
1170505
1768802
917061
2654506
1474888
917062
1559974
1050582
2046445
2082725
1464221
Total scores: 2243
Average score: 199960.02
SSH: 193, SH: 878, SS: 0, S: 28, A: 1077, B: 59, C: 8, D: 0
