4835404
1990718
1860169
1808605
1064976
1754777
2100822
3548649
4742940
2708949
4886597
1241370
869222
1582287
3361951
2294912
1714882
4202719
4298765
4070109
1997307
3773248
4698947
4850086
4187053
4641395
3946158
4122187
4445719
1866087
2323911
3854743
1911572
1919312
4651531
4641389
894090
3466914
3648544
4177434
3666536
658127
2707826
3884667
908042
1861487
4019149
2659368
1256809
1889232
1537566
3727753
2993974
3781668
902259
1069949
4438740
2404778
2128030
1044728
1778560
2419085
3892050
774965
3018109
1001682
1989203
1255495
2041598
795627
4892236
1872396
767203
1911574
1895604
1024483
4185779
2282512
3355394
1199955
1652503
3494148
2444276
3956011
2496720
2520220
1811527
3526561
4111035
2935781
2335553
1537817
1144515
2025393
806325
675734
668662
724015
2574090
3119805
1018776
1129193
2185824
4074165
2610039
1828400
2315263
4704022
703794
3881559
2330357
2211018
2520049
2197401
1007522
898597
3128003
1621068
3643457
1918978
765873
203906
907388
1791963
969681
1097543
1990449
2069610
1551135
2240526
550235
1258642
3206402
2983479
1816113
1329273
1255288
1494828
2469345
467689
2979808
1366185
845378
820481
922765
3623807
2477069
338682
2872154
3551549
1649064
3615775
2129143
1474795
3151979
1634933
2471173
1569904
3403437
687303
4318971
1221602
2684033
1125784
1127798
1554502
3891621
2058788
737727
2677494
1441081
2079597
797018
3077757
2033294
890467
2034057
3852943
1031991
3306465
1172819
1630299
4748878
821785
4323280
1443674
2744036
1884781
1529189
736729
1218337
2237466
1895606
827803
1219148
1083817
1702172
4803756
1804393
1400414
1977528
2141888
1110281
1852572
2026320
4127421
3715477
4000950
948389
3885119
1752315
1805910
959406
625323
4630419
1985735
1523011
1911308
721995
790415
696225
1872812
1695382
2014389
1572198
2259800
1836593
996109
2316176
1395942
1343792
2802397
1746902
1843653
2540399
2736751
880206
2657557
2044362
932432
664851
4859859
2225736
3811857
1899511
1843589
4415584
864446
2173528
2239445
1988753
1626537
2496646
1601387
2077119
1307291
1620144
917704
1204683
512000
710881
3928577
1893432
4026470
2223047
4055410
1706210
4565944
1473301
1398002
2118444
364532
620789
1385397
164020
718156
953586
1286225
1571309
1623285
3385971
552068
1983406
1056207
1591616
1160996
2102287
3160790
970331
974662
2164997
821525
1083470
742975
4145854
501107
4392963
2237467
2118443
1844417
1848732
1292998
2166311
1907933
3692895
2826730
1522329
794670
1074246
1462224
2022718
2036340
1718671
4227167
2078961
3044298
1412805
811925
941020
1464961
129891
1495498
1842954
1534523
796161
3942556
2086065
1391282
422328
633993
2086379
1262434
828242
898575
95382
2331169
3215934
874940
2122460
1257732
1975912
2133576
83975
1810150
1895602
2249387
877625
2061232
1746492
722844
808848
732951
2086978
2527018
973278
1103903
1570203
2231705
1343383
495776
2651771
770744
2168768
734339
2357806
4236962
1961271
4368853
3078415
867747
4646485
1628131
326864
3988444
1573320
853167
2389303
1556336
2098783
1219310
483164
2289834
2710948
1024215
910124
1054525
2572295
2181195
1693862
319694
1860991
1141858
2328751
1027542
1973410
1384287
1892257
703657
1609180
1501472
2020258
1951733
979155
1172150
1843593
1700275
949011
60089
1944926
861180
1498774
1815453
2533281
786018
3030463
788979
1893461
2097898
443270
1911333
2507884
1969005
974352
555797
1091249
1485947
1648505
1607404
1594116
1086057
1915794
151229
1752311
1321542
917129
1929564
690982
2223893
228425
1736327
831241
2677495
1627148
1626556
653816
910147
622407
3112823
1619561
2245772
1112356
2212453
223397
4377067
1849580
1474956
2016274
907479
1071242
1351114
2323773
737100
1512820
1857519
2869288
889729
2622787
1897567
1623092
985141
2151203
717632
1128411
2156323
3834006
592113
1668840
2502889
933875
2211019
770354
845391
614323
2099567
1353480
777074
1893431
999720
1343293
736214
1969946
2309955
786867
2102292
2534559
69396
2156842
205282
764082
415479
864222
744673
1955170
1917082
822651
1552342
1165848
3983866
890190
3880919
117580
792989
1972601
722596
888010
2523311
221950
790048
1870002
1026729
1046830
1601880
676445
1558869
1053520
1029307
821273
2485259
1595191
1836354
602547
4805054
3528700
2762787
971528
1258579
1932649
1495848
256839
3121730
957468
786980
1925194
161037
192508
2249059
1483372
2482032
1992711
814293
1643270
1514412
485109
1860433
853625
731320
2339070
1963403
878369
948153
970048
2060305
1221423
1456306
1618799
3752975
2023927
1971100
994495
741853
442170
1093704
1059388
2237465
1157868
869240
649184
1917158
1970829
980431
991733
1178184
1827323
2168568
1828556
65233
1193339
888016
547566
342543
1609253
2333933
1396072
2246465
1783812
4476752
2050696
221777
93474
1776628
657054
644971
899467
815071
804164
1270113
2332941
1969122
1141084
1916880
1989332
2099714
1092090
327526
1093078
1706834
767774
2088231
3623693
1343703
4127115
660593
2608130
1529839
1902624
539909
2338610
1312305
2744034
1843595
1995114
1626530
2677176
2058789
981641
937709
1572868
3882484
93842
2671379
776951
1962182
1650477
789765
514516
345578
1848803
2048477
1170505
1758872
2988681
1858799
1978494
2201876
786379
328472
2349497
751984
1736329
3272896
2216530
1547955
848994
341005
1419243
385544
111680
1295253
1047758
1133212
229695
1947968
803418
2134538
59643
1578009
875945
846872
1085554
1819898
806017
1564191
108021
1675844
746315
3561625
816734
1317186
1358299
4684761
1640330
874939
408378
1093374
1949535
836269
1120184
3287485
1313431
1962198
2898085
2549401
1632673
714001
1240783
1291657
2044368
2317735
1956123
1675085
655682
915210
3045583
2790060
2037502
2010006
809469
1786515
652234
2626718
1610745
2489378
1032126
1385396
3542365
1462836
96033
1764213
917176
4565772
1264367
954692
872275
98452
983680
1696290
1510355
3802617
231917
1557461
1468467
229180
723891
1690359
734769
1045757
3096069
4342216
1765847
1623093
683409
1783813
1709022
1565884
1972244
1886839
3541040
1969095
38007
2512702
790551
933666
541673
1262832
119431
3158964
1712377
2399766
846259
1969637
1849433
428047
2129145
1556943
1653145
3624919
1689162
744222
47152
782310
803964
1287292
256027
735021
114635
2063994
1949520
403050
780914
1484776
1653519
104229
169271
1106034
2189687
2056844
2064555
1859185
1343292
2082447
930249
1630164
691893
1965652
951392
1139633
495543
1941208
1619555
1836274
816327
1642274
1311613
1288675
187639
1794074
1528368
719517
968065
1401254
2044364
4602817
489533
1810372
1722406
952515
2152441
2937933
1915983
884418
1741093
841630
3238282
517160
176960
1909552
1813910
922916
1455779
2164274
1236582
2069999
1013839
678306
126645
888305
2224855
1405981
1822108
915675
2113992
2118440
2326754
732360
1260007
1073422
1884131
2245777
2829420
811675
1988748
1082614
1324737
790218
940378
1537198
847314
688942
1598181
2112907
1849505
815857
784369
1717648
2791233
1989857
1479006
1131424
2058833
2590119
848084
2269544
26707
2199470
839711
542336
2004425
2044366
1400686
1970565
1574296
161787
959426
1829998
3155890
2090844
1988963
1574314
3613490
4784179
1897577
1990559
2409854
47857
869197
252238
995837
1320129
1962275
900379
865344
728770
1342357
1397837
965243
568290
1551873
1743778
1372542
1645698
1417920
1729489
3498454
3552907
1031597
1640342
2034654
3464305
1596326
24612
1354319
1124488
1290855
1649528
2777604
1073823
402496
1968445
3572698
896843
687530
1473299
1658474
1438917
1054395
537235
1944228
711758
792011
4020068
655679
1774140
2815870
4237482
215801
1911346
2112900
2150733
1849120
3221529
1979226
1612453
1193449
1083052
2728092
1569200
3208192
1962161
1262433
4233481
142954
1127615
660622
355510
277522
1594009
1142643
97416
1742483
836339
1287979
4013493
2844963
1366191
973744
991014
1911347
1861763
757823
142145
555965
2635971
2937500
1962758
1402367
1212692
246584
1804279
1093661
2998945
3527367
1692553
3339802
2168206
2099728
134443
1968486
244781
1639177
3076004
1503731
1982345
1972535
731975
1677118
844014
2459394
1616500
1713929
1974323
951053
2469346
587547
1595303
1872562
1612454
1474946
63893
1056140
1554693
1231616
1619682
1571863
1457925
858271
1093703
1500645
1829718
794779
471558
2291305
3079877
1946909
2584871
1665829
1454622
3406394
1318360
1244426
1028733
2250747
973046
1120405
1503470
1620946
3597653
1911335
1119026
2496318
1662810
1501711
2719327
1492913
866192
2635981
1268477
95431
1316977
1656727
1302881
1973474
1716713
1156642
889087
457257
226563
3325194
1851299
962959
4602547
24517
752980
1166448
1676342
3903219
2367340
2857448
2016499
2073818
1682373
4390203
131564
2133726
1558872
1153255
2245783
2562794
1848919
1030374
1578185
918278
1694013
776594
571620
887621
991015
1534587
816600
928937
1263789
1249175
1786254
2071069
150837
1938324
1343515
1834172
4602818
89362
1181761
874975
635865
1139440
1514465
1746722
2158783
1131984
1489207
1119328
1897802
2829376
674206
158954
821548
1373950
3920639
2743756
978965
1428949
1217417
1584957
1319964
1603957
380646
1669719
1228322
1117448
1456307
3787453
1204537
2693308
908800
1266447
40001
5020600
1134681
1860434
2167576
853926
1993380
2108217
955737
1558876
1886274
1586945
1955242
800930
3696570
285086
1737489
755124
2231704
1657612
2719326
345189
475190
1591949
1655728
677903
1990541
855456
1906336
3002756
894744
2534930
1918979
1246968
909502
3709823
1608414
828243
1511760
2245774
861164
2563984
2060302
1082510
3748437
1258993
2077121
1590883
1210660
525278
2327247
958819
4178950
999944
3547141
804246
1643380
1345343
857431
2862417
2769435
1810188
4045639
713442
946535
863542
2242173
1039164
1101063
1400687
1477910
1740092
261725
1786111
39825
827015
1331237
112922
4917483
1600415
1843591
1108702
1650442
954108
1696207
1083816
2014469
2666136
949553
1675837
2857447
961757
3509293
1672165
3182653
2030431
1828343
3293035
1509460
1556692
2132924
1679667
3371802
55214
2849253
1071416
1610994
2361457
1611276
951778
655300
3340974
256840
1983405
2509145
394141
1610022
628369
1108593
1112521
452508
453042
1414507
4550417
1127341
3618854
3067167
1083053
1814018
2657109
1385941
673916
1854034
1262049
847313
3365217
480599
1660602
2807077
2921013
622287
589969
4036313
2789861
1111515
1558874
667857
3359370
851811
1087334
4606700
17909
2069841
3105129
791636
1736332
1487055
860022
717133
1610746
1828340
1397263
3784997
1522909
2030843
1318244
2112908
462678
1572457
1938365
2231703
1602966
1180209
4847096
360345
1720948
674979
789815
859246
1213579
712376
1634526
1716732
2281045
735356
553131
2443188
1874990
1201636
1532288
2958956
2196289
1820840
2088427
1609741
168031
2289268
1344602
1183811
2657705
1676666
874048
2185148
943399
146235
1843597
1519137
1690353
862338
3640375
1252078
4412269
792712
538404
3440632
1270000
1830123
3978313
4414541
1302567
1175910
312959
970163
1518059
958661
507099
135142
680394
3324335
3959365
902048
1828339
1369388
1077370
1509549
4689737
136553
1829038
738929
3466157
1898518
1505568
1278814
686421
3164032
557963
992281
1476582
2863524
614215
715074
1397951
883094
978026
1895605
42152
1816243
1702186
1642169
1306493
933228
1700386
1981142
1982162
1451992
893739
1603080
2011121
960875
111439
455361
1623892
714175
1631290
846012
1762724
1279815
2384823
514597
36077
1080851
1668496
793697
1033154
1515526
1636811
4019868
733550
1694583
1517653
2020385
1587909
3583414
3337690
1044610
655680
801663
1208035
1205372
1642591
1576395
297668
989228
891206
790229
2443190
1992745
855724
4181770
1178526
2358960
2911827
4075203
999064
1783640
3614314
1309215
641441
3242265
1650439
3554698
309127
3444608
2221010
3851983
1413768
4154244
1972327
1909530
1655981
1657926
1670874
834589
1372527
3046595
1007546
1570183
293134
1403240
1751858
1183809
1643386
3108533
386728
1983122
689803
889322
3652298
1173074
1607736
2112902
4140282
591445
517308
799415
1961270
2330482
1765081
1917157
1018238
801303
924848
1569153
1639084
820619
741949
3440631
4003754
1180037
1083054
1034482
228919
720314
3580149
3660035
1725532
1609590
1374019
4035909
3661943
1391631
722909
1401283
1378154
142588
240488
902873
306683
659648
554287
93893
680689
1978495
3018622
1882588
3891647
1168082
4415561
465543
683970
1637380
966177
465548
2112899
2061194
930307
1501582
3452738
553293
1417797
1579923
736215
2023935
2238956
1255789
1709121
1041481
2137969
3411122
1193499
1627157
2728977
623699
2553777
2696829
3337289
1385399
1865075
1936122
2244060
1578946
197004
107875
1688154
3447150
2331367
664265
2304990
869310
4866637
1274573
2182924
2594785
124993
1074470
1474947
1797548
1002613
1809151
2011173
1948378
1102400
467821
1827324
1521031
3419879
2245768
878721
1692248
1180753
1965348
1530057
433005
938174
3534671
1709151
2899195
1573321
1640362
2332178
2153771
2409855
839569
1258557
1827558
1260037
1579673
992437
966243
1675830
3418189
3256129
1573280
1165847
1714705
1950290
4622089
2529372
2881729
2044485
2048026
959194
1365637
4075559
784977
1528015
1535588
962194
3534950
490316
1829925
1991379
98415
1531196
701033
2677189
762864
3429732
485475
4154314
1487821
1956122
2245766
2657558
2858422
1512691
524776
1378253
848159
1849273
2254470
1705675
1759171
1052353
713594
1853842
316588
813775
2118786
831380
1562551
45601
1022071
1456309
1611995
861971
2546040
2084862
1538272
1742484
2579405
642687
2101126
704360
672594
3768165
1690355
1433283
1193476
134334
3432909
1181042
823257
726381
70050
1401861
804411
3833777
1222034
1252022
1200272
1150868
2329321
1315468
3177532
243946
969668
1573762
611931
1102688
733755
3360013
1847730
1991380
3207047
1694501
1898522
2085452
816221
1099554
2114276
813772
3432910
1527884
4131123
1385398
3573970
4371968
3077593
1399240
2082725
3404946
131891
1675839
2211017
580941
3536444
1499066
1656870
340652
683387
3822204
727637
1563453
3912663
1596706
4651125
1639261
1828341
1253252
1279490
1097891
880431
1971822
2322515
1573205
1378155
1083722
788788
41044
3635192
1181061
744036
4529671
2514739
1736331
2399767
2200806
1343925
2200809
1088292
753100
1895607
1690358
89171
760779
876708
746302
1593361
949888
766475
2744035
3972386
1818777
843155
3089379
1095854
2096523
1634984
1149423
936026
3907769
337595
1226524
2628955
1610854
1947084
932223
1372142
1817790
217977
2135261
655794
914220
1039163
211154
877728
2245773
2040715
631963
3722427
3082601
1596506
1102552
1949083
1655692
3531367
1410549
1296370
1744286
1142884
4861014
1501473
1945555
3581775
978213
4565975
1397599
1714634
1367259
1082245
690461
3638672
2916949
954254
990396
1982341
2077126
1643106
2237579
1603596
1365214
1125866
370612
458638
733432
1409615
1649842
1839599
3908671
1368107
1838427
1114721
1899100
147656
2041050
900957
21454
696783
891079
3700824
968220
3853594
2267564
1925029
1544408
929999
1911334
1714636
47970
1403588
1457148
4689249
2996940
3520087
1754266
2200803
3019859
2077120
1949715
2365752
705091
1309862
2112910
1944412
1408519
1348908
1725588
1289927
1318245
889327
889632
983897
144026
1066257
2326157
3592622
1838426
1595304
1129951
3619544
3195642
1162425
1656000
2535899
783127
692088
1952037
4489979
1294935
760488
895806
1378285
2046351
2345714
3462039
1952177
1583484
4158756
1558871
1861781
2046445
1438557
1729177
4246671
3907765
1690356
1377588
2132928
1962838
1797542
2099575
3557474
878963
2298473
1911345
4872796
1696695
1028537
1680650
1236211
3912664
2287856
927823
2009327
2184521
2063931
72585
1366681
2218609
1579823
2479479
1925633
122693
1696765
112817
1715955
1079133
1811909
1828346
1282960
1103732
737408
1741989
1991374
3438148
1512368
2486781
1843236
3302302
3414894
2341682
1041727
2778653
1888022
3552451
4778695
41646
2675756
357602
1263323
1826438
1807642
2523668
106965
1992818
827317
2021776
3135149
1206499
3155167
787430
1592916
2221627
1988028
2809623
1916878
1681634
3057801
40017
1362871
858241
4155112
685397
1636195
1551874
3041193
3710098
828940
1042088
1396152
1628503
830158
924759
1950559
4839949
637935
1257580
2599450
1543159
1559974
3985387
3093275
1693575
2004799
1651290
691549
315
732318
2487880
913231
1227359
1594426
1714884
18170
1218649
3373417
1971660
1399651
1322054
1406011
1084056
3841003
571291
1754329
3206007
3821207
4376532
2338623
133938
637937
4689698
3623248
1828136
1221687
1113332
1572866
663725
3542719
369349
1402538
1860435
4054809
835314
1099081
1385964
1923145
783399
462700
795810
2497064
2300083
69129
1023042
3760479
172662
3503023
1938974
1846270
1580794
707187
3613647
561335
69131
989244
1406907
2121051
1829131
1961300
2589292
4804325
3390210
2054191
3446204
1299008
513672
4113363
2651888
2061192
1286241
3125070
1844019
1527747
793646
3911766
1134237
1909555
1294709
2194972
4470172
1168080
657916
3767017
591347
4618179
4313787
2231702
3118604
1121860
3591213
3550482
2886136
1636879
1895603
2395787
853779
3768437
3514742
3128396
682387
1995061
3313127
3704352
4886194
1787848
1565144
2284893
4375019
50712
3748396
4196437
4186244
4826294
1621319
3508931
2049467
862088
1897317
3650854
1805627
2509953
1826476
924414
2849194
462736
3001532
935029
3560365
1909553
1003013
895999
890955
1110112
1828342
3109881
1033882
1578322
118068
4238695
2044338
1009456
289704
2668755
1454845
1968283
1238045
1095855
702788
2307721
1126228
22538
2781571
2276210
1926301
3934310
1535062
1962676
1451282
890084
1863201
4140323
1909554
318340
Total scores: 2206
Average score: 277226.14
SSH: 10, SH: 130, SS: 0, S: 9, A: 1363, B: 525, C: 161, D: 8
