1759814
1861487
2368880
2213673
2203622
2315558
2287401
2330357
2164997
2596015
2487630
2791233
869222
2419085
2058788
2201460
1619555
2360153
2193895
2519704
940396
1845585
2064615
1969946
2469345
1828400
2610039
794670
2530810
1537817
1872396
2508522
1476606
1981688
2276210
1911308
2441909
1977528
1803401
1822108
1763013
2331169
660593
1809691
2126990
2096800
2005307
1997307
1860433
2461085
688886
2365752
1735649
2518845
1556336
2025942
2336310
1752315
924337
745360
2625911
1756897
1844417
1772514
725908
2091238
774965
1749322
865344
2248980
2044148
1843589
2410947
1046339
839947
929999
696225
724015
2336252
2034429
2050696
831241
2111505
2109961
2149819
1640362
1649064
2192267
1630299
2089680
1588369
1809113
1988753
2368758
958038
2596018
1582674
1815397
827488
1700275
1955170
2586235
1843593
1603635
1958895
1672641
1531547
1913603
2133576
1630100
1551599
889327
2991731
864055
1670456
722844
1501840
2798019
1171069
1760666
2022202
1218337
2601893
3034573
1895602
1120682
2587226
2360152
1838427
1449416
2034449
1172819
1919344
1527747
1983457
1897802
3466914
791811
2803459
1413717
2632230
2468865
765873
1951733
2112902
1947968
1519860
1100327
2462356
1667534
1750669
1935389
764082
1846674
1407818
2003361
1987946
2181250
1876558
2559127
2122411
1635388
687303
1002613
2512375
1971822
790048
1094888
3127889
2502643
2105097
2237466
2610170
1925409
1502678
1402392
1178526
3424120
1773235
2487271
2179629
775513
795627
3105129
2166311
1405981
2681192
1925194
2069841
1642496
2201876
1810372
1469645
1056140
1233607
2059626
1997892
687246
1120405
1317258
2226722
2666060
1495848
2039845
827803
878479
2173718
2485438
1921160
1366190
2530752
2631277
1608832
894744
2237465
1620271
1436082
2153557
2461086
806017
2075704
1720423
1836354
1623285
1926434
1306992
2549401
2717039
1131424
2245774
2742521
807074
1786111
221777
2486881
1736327
1945807
1385398
2518847
1918979
1508485
2530755
1846898
1849580
1558876
1611167
734339
2677494
1885374
1029255
1569704
1838625
1968445
1875421
2447348
2189687
1142669
1754777
3160882
1451282
812590
1512177
890467
1632673
3601629
1537566
2555841
2022718
2382822
1350927
2530761
958093
2223057
1026666
1640330
1986498
1667530
2409643
1169773
2179560
555797
1162425
1131690
2156842
1832259
1796418
1577751
1712377
820733
2812977
1844622
1778101
2058902
1301354
2676534
1181761
1838426
2527026
1963682
1955867
1801586
2591255
2102287
2152484
1519160
860022
422328
1046841
732951
1268934
1700220
1032126
1975912
1758793
1810188
2129145
889729
1569904
2365443
1681360
1682475
1917082
1316758
2048477
2231774
2550172
902888
1911333
2894054
1938077
1573320
2382711
1868484
839569
2403946
1816113
1133212
2779000
1201899
818022
1607978
2245766
2092400
1416124
1759615
1031991
1677967
2197401
1956884
2014469
766938
2164274
869240
1541293
1969122
2755722
1804393
1028733
1754659
1796309
2010173
1649528
1912276
2017880
2835408
1898913
1808605
2394642
1157868
1580814
1852860
1860169
1954858
2559126
2047406
2059942
2102292
1702903
2621030
2098783
2389623
1515526
1822903
1251181
1654383
1508978
2674297
1988907
1938392
2689633
2336317
917061
1398002
2730593
2099567
2615049
1281383
1268477
2852070
777074
2462439
256839
1996531
1649108
341891
2166410
2699190
1701892
1934098
805798
2222880
2022201
1082245
773122
661243
1819763
1456771
1941088
1536690
2058586
1982345
939072
2413824
2485565
2143181
2314614
2342739
1541853
2008748
1885531
2410264
736215
1029307
2245783
2486606
1843481
2330438
1474012
917120
1474956
1854204
533775
1915983
2097898
821548
848994
1949536
1097612
2184680
808848
2201553
2035779
2366453
648081
1919312
1494828
1063907
1155062
2485259
1909296
171767
2582053
1973410
1937774
1512820
967546
1438066
2294643
1714637
1986326
2034057
2475907
3189756
1491660
1972601
646530
828242
1582624
1315102
2249059
1786977
795988
1172150
1810150
2418825
2154507
1601598
1879176
1957429
2047632
1654579
1165959
1582287
1638679
1353828
224514
2067473
784791
1167438
2654729
1962676
2503401
1642961
1972327
1612690
1981053
3215357
2958102
1468912
1102144
2118444
789765
2167382
658127
3200116
735833
1640115
1560476
1917158
2154030
2406461
1737489
711209
1236211
1989332
890190
2239445
835941
1414928
2468862
2140939
2742986
1626300
1678956
2393325
1299287
457448
1962198
1108593
3327827
1412813
1093245
2583505
1836274
1483372
1071242
2112758
951399
2640144
885153
405059
771858
3312446
976159
2023927
1843653
3400712
2790026
777303
2311453
960918
1407819
1757416
816327
769590
2538741
154853
1744385
1962945
1695382
1578009
1624249
2014521
2118440
1443510
927819
2222669
1054416
786018
828302
759192
1391282
2031002
2151912
2277298
1648563
1210660
2304303
764441
1506910
1451896
974662
1736323
1644700
677938
104229
1509590
995922
880496
2818112
1112356
1540269
1553356
1599266
1592165
2161926
1946377
1114754
176280
1792026
1728720
1099383
2590119
1485851
916958
2699196
221950
1890972
1820257
2078961
2530762
1251914
1758428
1401254
1989718
674933
1882982
1324208
1909554
1174519
1987383
816453
952383
2252249
1626537
745224
1252078
902288
2127643
2150733
2445438
1983406
1916880
2108925
846259
1645687
1657917
2112992
1460834
894011
1881813
1263789
2120669
1662810
1439840
2639521
2428358
986375
2010006
970048
817174
2073489
702778
525278
1266164
2062073
2428357
1872989
2742959
2317735
1527884
863999
2025938
1659421
815071
1970829
1678457
2081844
2790397
2444149
1586945
1783812
958661
978382
1541907
2445806
672594
1302567
2941386
2168768
1200272
1398848
2042992
1371599
1412805
1809374
1574314
1876015
1321542
919747
1124179
2064453
991733
791264
1062394
2066867
2022204
1377957
1939186
780914
742975
1631290
2328042
1480366
1313635
1765847
2674928
2336765
1400405
1008998
2607691
804411
995563
1993380
2235495
3695350
1289927
1770454
1571309
948153
2577893
1690353
2460925
135177
964269
814293
1509549
1309705
992171
2443726
2617772
1839474
1685444
2128030
2142744
1357035
1262906
1690355
2151745
994934
2450629
2861378
1771619
1385396
1059894
1217417
304602
2697861
1614421
1828341
900631
1383825
1354319
1453152
1252544
1077675
1166087
2480796
1415007
2386287
2485595
1474795
1695991
1725588
1655981
1317992
1040980
1715819
1725575
784369
1823389
1647044
2794737
1270000
2341259
1454357
1201636
1436138
2058288
102736
1412811
1319699
1902624
2044364
1220425
897279
1003944
1788628
1541094
1194953
1720982
1985769
1482959
770576
908042
1820840
2522366
2129147
1266691
1018019
1898522
2060305
1746492
887144
3324021
2382179
2522352
1573308
2161122
2112898
2593619
548741
1797548
1973474
2217244
1215688
840338
1569153
1813803
725718
1500058
1879169
1034343
1822454
2279617
2144193
1580208
1869619
2008173
1314420
703905
2167881
1497899
1717465
1594727
2512990
2348878
2038747
1512368
1613687
1828343
111680
2156326
966203
896753
914237
1720295
2637743
972364
1651290
1730658
3047001
1642274
2596586
1806803
1909555
2753990
1848803
1503470
1994527
676172
1230854
1745849
1481618
1173612
1570203
1969005
2726492
1076701
1102147
1961271
1551942
1281115
1870503
712071
843155
1555610
2170386
1033002
1707563
1934828
2708955
1372586
973744
1010596
2084629
1630565
2187211
1665829
1454378
1785865
1895073
849466
2336704
2851636
833432
1699366
2043178
1890216
912431
814075
627239
969681
1705869
408378
2204924
1658821
1092364
821785
1462836
1993418
2346184
2002477
975588
1755524
680875
1492913
563946
1775315
943415
845391
949029
1611060
2505956
1053520
2535899
779950
609843
2288381
1828339
987133
1150882
1489207
960875
1794843
1079055
1621319
932619
1330828
1112193
946962
1535031
883094
2161929
1706210
1813918
1918015
1892257
572051
1146399
792989
2204927
1804553
2178087
1369207
736214
2475402
1093107
656337
1419243
727637
1730868
1348158
719902
1506402
2194972
2580566
1753084
2034983
1829927
3007202
1267222
1368115
732318
2333273
1782778
1737326
24695
1298530
782844
1510212
979208
1026729
1657639
1736332
959426
1810154
808167
697092
1949535
765018
2600354
1848015
844103
245960
1221602
2479395
265157
1841481
1353936
1115737
890955
2198494
1106276
2188031
923907
1850409
1768797
1370029
1828961
1257660
2693369
2021287
1934139
1841480
1046830
1820965
3206043
1241370
812161
1962654
1444591
1945975
2258999
848159
514824
1217097
378126
2507465
710881
855456
1893461
3226413
1095543
1059197
47152
1669955
2082447
335041
859246
899398
1140187
1255495
1484122
1634214
1899511
1799497
1470238
1402367
2185824
467689
2292514
714190
856430
795810
2117268
1816243
1018869
1683433
1610746
854616
260489
1404802
1159687
828243
1416386
1889235
778929
2507884
3595377
1083052
1011648
930249
2044368
1125665
1514253
1859001
540798
1508196
1053232
1568319
927198
1628131
1067681
2007799
878369
2248906
1117451
2410948
2222861
1889232
1986409
2231704
1949029
1889138
1623025
766891
1717464
1862266
1922716
135880
2469346
2697174
2071069
2123560
1784189
2033361
1205138
1702281
2017799
1897567
668460
1729805
1586448
1483815
714001
1825828
2176307
2233760
1705675
2556965
1004492
1640136
728870
1416966
2201298
2468866
1244144
3513963
217253
1788379
743463
1872562
493373
1736329
1892789
1578307
890911
140665
2035657
2105804
2480904
1881837
1727980
1725906
495538
983680
2237470
2306594
1506154
1956104
1524357
1644535
1396072
1672674
2363801
816221
1141858
1883937
1811676
1211828
813198
484036
693312
3536437
1572457
2149447
1615500
946773
1829131
908373
2132775
1884044
1692944
856743
2389656
2553242
2727224
1985735
2229266
2025941
869285
853167
2240404
1176117
2011555
776951
880761
1659750
958176
1702225
1874853
1968674
983102
2069601
2195031
1437594
1749449
1251792
1484776
93842
1595191
1713939
1837666
1121248
31819
1749822
1937377
687624
479681
1118311
1498892
1003565
1985919
1373950
1260410
755932
2004420
280034
1875396
2004925
1620293
403168
1043094
759638
2784409
539394
612871
2122460
1509693
902048
690608
1828346
2223963
2058789
2589557
965549
1807735
3311309
1087334
1489404
1982341
1576395
2020258
431957
2198034
927487
1011537
2112908
628637
1848919
1937847
1994597
994495
556716
2033680
2173072
1869933
2788498
1584261
796311
1561394
1125406
1968440
2024583
1220396
853918
1097096
681786
114635
1740092
552068
824622
1260116
909032
1849735
1714013
978213
1101063
1587275
958819
1311918
1264831
1874119
1706059
1319206
1860939
1077151
898106
1529799
2195806
1268406
3141960
1142884
2309694
2004269
1660078
2162847
785416
2087893
863541
362949
1803069
1989857
1029677
834589
977875
819500
1895606
910147
1276505
1187393
786867
853694
1925405
1519064
1558497
2840740
1581349
1087664
2545234
1431582
649861
1706571
2149446
1962182
2060302
1852572
2238522
1610200
2505367
1907838
2250747
665663
470315
1163081
1538727
1110827
2118445
1343292
464294
1101027
2195737
872110
441721
1218060
437139
1827911
1321786
1166435
908542
1073974
975517
1915794
1790044
1584604
131891
2246465
2149816
2012009
2191143
1074492
972844
1289421
1245365
1317186
1294757
1986949
1610994
2059455
385544
106965
1346404
1106518
2501284
897085
1437218
1240611
1826438
2124773
2444148
1879802
1228531
1557181
1775026
1509460
746738
1703691
1551135
1662337
1343515
1366188
1783010
1287292
1288559
1419403
1027065
1485283
2347706
824970
256840
1971099
1510004
169271
128935
763122
2007823
3241746
2270502
1704201
1178590
1429746
1573997
1941498
937647
980637
1929567
487384
1684116
2629595
1255789
80991
1565265
1896447
1865744
1570547
1403276
1621068
1204502
732842
1936268
1836484
1985263
1662038
1007403
1742483
1300513
1881584
753671
1651150
2269609
947540
2279601
1019006
1509639
1315468
922587
1268353
1023086
221948
2477261
2084862
397535
1301498
1418604
1508907
1826561
1282628
1907880
1934328
1720983
702412
1221541
2222070
1764213
1737169
1181749
1824271
1586061
1173138
2107577
785394
760779
1321492
2044362
2288297
1563493
1848069
3011287
1996837
2371306
1056907
297812
1758872
859207
864446
1647301
581141
1691692
2132924
713594
1100561
1518059
1987500
888383
784971
1637391
2211111
2369304
1928802
1791339
1377033
974422
1988750
1186518
830607
903280
1853800
719051
1721919
1465778
798711
2335100
1566064
1508694
1258156
1544460
492163
474115
1392439
1611276
973046
1015113
1613466
1956448
1653145
1858799
2476527
1355964
1704984
847313
1699423
1418911
838063
1395662
797889
733755
1518441
1053842
1308507
1541243
1799197
1382695
1354657
432346
665721
1468467
1594074
1562308
142954
1344602
323883
1967177
1843607
796012
2044585
2593620
1571556
1541292
1145198
1899894
2201675
128899
2486013
750762
1797549
1981269
2283348
1724319
1492011
1074902
1082542
716020
1349686
2615210
441128
1501711
1607736
2664322
1097543
807302
1618983
1860991
1113342
2332941
1455779
2106818
2460779
1564440
2244060
2147636
970605
1351114
82962
2465106
1485947
1097891
1274584
3237678
229493
846105
2257746
1369610
1204537
1114721
785982
1805627
1365214
1515652
1870556
1568261
1082882
1731468
1177269
3275891
1761412
2014389
263900
1945555
1352342
1603791
3727652
1520231
1669721
983224
2156323
1876815
2158483
1127620
668216
673484
1938957
252238
975418
1241513
2995539
1329592
1934707
2091026
2512991
1512180
1562151
1601399
2778653
1944926
1882794
1572134
1895605
1668945
1320971
1966951
1685252
1369527
2026805
1102688
877655
1989330
1829998
1571245
192508
1648053
1702172
1668949
2298047
1380717
2017886
1726994
2675575
1543673
1486594
1849408
891293
1972924
932223
1796164
1367861
1744522
2047629
1736331
539697
970331
1102145
1173115
1612129
1452719
801441
680689
3284710
1318244
965546
1228909
2289268
1217241
1838165
797288
1690359
2156420
1454845
1503604
1137172
561749
1763809
919757
794899
2631638
1649031
1243496
853734
1398847
1698427
945279
1454407
989587
1356233
2036903
472619
1970040
2201345
2321980
1258993
1405971
1711326
904914
199049
2038860
1972842
2514910
347360
1869935
2047085
2303902
1355255
1736730
1055818
683409
1248817
1218888
801849
2394731
796721
399738
1021579
1584089
1296370
2511242
1784600
1206112
683147
1382693
1940885
1160890
2240526
2732590
2298473
1560533
949234
1911799
1793118
1636565
2185651
2267377
2380150
1247896
1110112
1100231
2338610
1349478
1460419
691083
256027
1123759
2044366
1846113
1128531
1126915
1007699
1507125
1694393
1619453
1657612
851255
1367999
1095854
737570
1127541
2242173
1308975
776594
2302135
1771656
1992818
1611502
1893431
1412171
1517653
337500
1163440
1406494
128718
870707
1222034
1875397
1939705
2522353
1177789
766939
1669658
1929543
1011472
1515487
673736
1863201
1536978
1087428
1749294
1293720
1349765
1447383
2108789
201522
673787
1800249
1649842
991609
922748
2379756
1948259
1173074
1562306
1609602
1025588
1775840
1682749
1295814
1231936
2059892
1005018
993361
1746722
788467
872890
1358299
762631
2002055
1613453
1793625
1269801
1421190
1583561
2098548
1845292
1919018
1814494
1656914
2257657
2933892
1268530
816128
366140
1634027
1161448
637549
1776148
1563134
1502698
939618
2352543
1316910
1773226
1559778
1810670
850263
833605
1621175
2336319
1720784
2628691
2156833
1633693
1185330
713442
1289001
1853842
614323
1829663
3272896
151229
2361348
2809623
1815665
2210863
2731892
798853
2254986
1708122
1699547
1541577
948180
1589519
1696207
996054
971086
1105826
2651581
1528368
1113263
812157
1860803
1522700
1047464
762864
1552980
1955829
2328399
1768240
1612691
1639264
2061194
1643641
1207223
951600
1681672
1859841
2218609
971179
1717962
1508874
970946
2638309
1544629
2380030
1271397
1015314
918930
1273685
1570489
1401891
1514277
1925933
2256387
1457925
956502
1983358
1806961
1303587
2410949
1528295
999566
1623526
2457532
1818097
1715955
784977
741949
2550203
2200001
2161305
1652205
1094998
1991349
1956919
1961106
2115928
1627870
1635233
2732387
699471
1278251
1253622
1477241
2250833
821238
1121493
822166
1872563
900576
2024002
1747163
1615427
1735858
391228
2040105
1670874
2684033
1944228
2217489
1101215
1737701
1922277
1091032
1864175
925409
3492582
1857003
1507079
1941499
1420861
1558874
656916
2202719
1715956
963877
827926
1442846
1827432
890084
1716732
348605
1487055
1793684
841565
267052
998644
2018518
1605955
129891
1415290
966243
814615
1778560
1662871
1581644
1016169
297811
1398206
2008482
765567
1249100
1884388
3311391
284084
1822450
841899
2279596
902709
1179257
905419
1219148
1491276
1840736
1935353
1247752
847315
1918978
686421
1939838
3291179
1453131
1669719
1587090
1219310
973159
1053519
2990542
1127204
904687
2061192
903735
324279
1703406
324516
1787848
2062996
1828382
116128
752615
1554693
2422137
2641556
328472
821691
2326754
925835
1899714
1270874
1632339
655680
1767768
1529761
1682474
820619
863249
1871128
1755730
1539202
1227359
2024637
1033430
1128261
187791
1828537
2022724
2016499
2443190
1654647
451612
1796421
1784328
2096523
523397
1611445
1257298
1580084
1818788
2198732
909551
687668
1700562
999944
2457519
1892784
2281045
1321823
954995
1345343
1074466
674349
1726857
2659724
2562794
1826136
1565150
3645144
1069949
667685
1193512
1745945
1294709
1259653
1450423
2047084
683970
1209160
1650439
655679
1821815
2265685
1803208
729986
2603107
1088292
995407
1573996
2628955
2502692
1481746
1115844
2223338
2061247
1885048
790415
1299008
1863931
1709121
553131
1836945
1493486
1707233
3058499
899467
756423
1682830
1758255
129847
2279615
853779
1229038
3047709
999720
2120935
790229
1123616
690461
1599426
689290
1093434
2211017
3104522
2100003
1762937
2038186
490910
150360
835314
3173268
1231520
2958956
926644
3041193
1570058
1754266
1245714
1908705
1524103
2497064
3240784
1594426
541392
1696290
914220
1226524
2558115
1603081
1529804
1199955
2192825
1524581
1346729
2535650
1317124
1501472
2854691
1766664
588523
591347
555965
2281409
952515
2523668
1926750
992563
1554312
1643106
2182100
1274573
2267564
1755497
2021776
2775397
1454085
2046445
3135149
2489378
2273031
2200805
2011121
2154168
858241
1660820
792117
561335
2200806
1302583
1656727
2290441
318340
1932597
2237579
1028755
611931
479812
2556724
663725
1714634
1774124
924759
1451703
2383590
959427
2521259
2640833
2188854
2288303
Total scores: 2273
Average score: 224743.64
SSH: 21, SH: 348, SS: 22, S: 182, A: 1687, B: 13, C: 0, D: 0
