1241370
1205876
2437233
1125406
1083470
1754777
917129
4662519
2059822
3963090
4892236
364532
4064320
4815899
2689510
3128003
1594116
2861267
3716950
1808605
2126752
5012130
1636104
908042
4862040
4193382
2078788
4917483
2064235
3885119
3712078
2813781
2466406
2496720
3480947
845378
2964434
1634933
795627
992106
803828
1816113
2113578
3571123
2183206
1101611
978213
1199955
2623533
1650859
3970329
4862039
2688328
2204234
1742937
3700073
4893839
2413242
1354319
774965
776951
3690510
2324435
2069999
3782349
2128030
4127421
2249059
675734
2691949
1075001
4137259
718156
4689818
1377957
1343792
761379
3854743
1997307
1836484
2677019
1095418
4127115
3403437
4112173
335628
2193838
1329273
2354761
2204720
1031991
3142477
2527026
2200557
806325
3972386
1862241
3625849
3796494
3623807
2895932
3301006
884664
2020385
2477069
3598855
4940855
4433904
803964
2133576
4893028
821273
4669009
2715288
1297215
4437054
1181761
3551549
3260996
3328576
2978571
3018109
1157868
1989203
1686476
4337889
4232907
3405779
2715820
2012300
1886839
1127798
3432234
2149131
1850838
1277254
4862037
188709
3194020
2637743
2843416
2874408
4706688
2836353
2356157
2717460
3539681
1413257
816327
2168768
676802
1380717
1570203
2141888
1142884
1872396
1133984
142954
4036313
2713369
2964438
2261700
1849580
3042164
1476606
4381851
2872154
821785
3915938
1856755
4753901
2581271
1306493
889529
796161
724015
1507079
2610039
3928577
3648542
839947
633993
133938
1869933
2109844
1717648
555797
3462039
2443190
1734135
2545340
1518377
2750915
668662
3232952
4024847
3041616
4318971
2263134
3328794
3675153
1809845
3007758
3749740
1093703
1402392
1264503
3360013
2129143
1141084
2962206
2608130
678054
983165
1255495
3784709
2905739
3493456
898575
4380162
2026805
1873831
1955170
2898085
1389624
291498
2039845
1865418
2145832
89171
153935
2489378
291285
2169346
3950005
2556049
1972186
878369
658127
3886940
3838647
1551135
4442129
1780840
3873445
2037204
2637980
1464961
1282960
3102876
4015666
4599213
870839
2703055
3247754
2252249
589671
4371625
745360
427090
2962115
1872812
3275891
991670
2886273
3473589
959426
4051851
1769301
118068
4167170
2026764
337595
1776181
2564546
2012740
1716825
55474
2968871
4355992
894744
4329626
1029307
2716029
2699196
2679663
3093758
3120877
1234064
2909752
2981463
1242427
4468759
3017375
3855998
3921974
3286838
991733
1112356
1222063
2565986
2209888
3096069
1115199
509510
2174699
2615748
1811486
3966493
2526538
2761379
2583505
2373569
3121104
3116350
3623106
1343292
243946
1498537
2324949
2658147
3675154
4796534
1926301
2117567
2776196
2234808
3036398
129891
3476336
917704
2268730
3547292
1842043
3213157
4203275
60089
690982
3644967
2538171
4907477
453790
4371624
1172819
900957
4234279
539394
2596018
1620144
2863530
1454845
2583502
727204
3298727
2633335
970331
3523496
4168943
4353693
1543159
3638479
1304831
215589
4107350
2659870
2179420
3061371
188835
1642274
4766137
2972512
1873941
1518125
1315468
4428535
1969946
3704366
1476582
969681
2137438
3238843
1629708
2839870
4131123
1546350
3239746
4463726
4993831
4327326
3317163
3030980
3138563
2344074
4068538
2205152
2967480
2194972
1866649
1706210
3436822
3841708
126229
3662485
3844651
2708899
801849
36547
3312446
2512991
2692144
3104309
1278531
1815397
3689013
1024697
2824039
4009988
741467
2779000
1475620
1056138
877625
3632759
1989367
4862041
1126915
3239170
1414282
3280949
2546017
1857434
2097124
2350464
2165773
3583163
887145
147030
3627365
1554632
3642565
1258642
4861164
726068
3523999
3898831
4567074
1044728
1889232
4557237
3924520
2798374
1894536
1713929
2405863
3618668
999064
1251181
2157090
4742770
2169511
3180981
2202224
2837238
1616415
2023927
2475433
2254763
1289926
4037070
3874056
4084825
3209982
1447252
3638672
2569254
4226271
717632
2133119
203906
3949619
261464
395399
2134428
2241585
786018
1626300
1815453
3148929
4672163
4066074
1776580
2592918
1644535
1898894
1572034
4393816
1073277
2710948
2248790
66623
3311391
1725648
648517
659418
1922594
3917718
2047227
4267593
2205311
3951197
911540
126645
4508158
5062973
3015347
176280
2639520
2658590
4552004
4479848
697092
2654775
2911355
3902811
2835281
2688677
2838538
3028667
2744034
1351956
890384
2519913
1843565
276865
1619555
943248
4344831
3899780
2067859
3809950
104229
3589821
2120083
4608298
1253352
1116977
2262523
1890216
2821129
205282
3277734
2559936
3734628
2470527
2686903
2634217
2680677
2995539
2828123
2585252
1695382
2307744
555965
2134027
4767844
2671403
2098783
1401254
1621319
2034895
2764026
1566379
1967262
3741043
2766094
2516616
1321823
4991432
1387732
1484776
685756
1533390
1474956
2581938
1970565
662928
3536514
2669266
3884234
4785597
5017768
1140187
3794382
3986906
2597311
3122865
4466993
3955047
901234
363010
3880915
2415690
4452239
860188
1571309
2990689
2442129
1493972
418762
4074836
3635192
2733104
2842445
4076864
820336
3017376
4280483
1079133
2530928
4720942
1509639
2651771
3238173
3893986
2583506
3919008
1307320
3614497
1655981
396105
3282546
786547
2094186
1320835
1139440
1307018
2201575
3330980
1846447
1181042
2582524
4504367
4025620
4131103
3133715
4293574
4383687
2270137
936432
2225299
3894087
3061372
111439
1958623
792420
1804553
122693
2152416
2184680
4390203
3755042
161787
2082725
4112691
2790048
2164424
2548619
2230711
1296610
1993418
2731466
2550944
2704547
199593
2596015
722934
1714634
107434
1988963
2332429
1813044
1104333
949736
2331984
3331399
2327792
2719429
2591748
533630
2442176
808848
2965359
3833116
3948841
1783813
3921929
3458537
2769042
4368666
1956122
938174
3583414
2324863
127047
1509693
2559209
64558
3933767
2245373
1824472
2639521
3678555
3925597
2785676
3871989
1714833
2690860
2025942
2455779
2222070
3895384
56914
2942337
2368575
3875572
3415531
1744385
2397591
1977957
2655079
273096
1013839
2006294
2478408
2299810
2177100
3083782
2195031
1972662
1301434
1150882
2205151
4243838
4166035
3968695
3360553
1535588
841599
1724319
211154
1859185
1575381
4756034
2309567
652234
2307854
728870
569113
1785750
4243834
2789861
94416
2663599
1128531
3644429
2185106
1653038
4956704
1871931
3933758
1053520
4078148
405955
2225405
1046830
2156420
4131536
683825
3142373
814293
181253
4306835
2923999
3427711
4302954
3482946
148716
2217436
1250924
378781
2367232
3510655
3681319
3040107
1301167
2798033
1916377
2511171
3485790
2549390
1814702
1321542
3998607
948198
1483372
1897497
3912910
4380163
2158036
3865985
3489531
2270810
160490
828806
4778286
1987152
2084862
877899
4496890
1853547
2201876
1969635
2180883
4493432
1690353
3074959
4487849
2906716
58063
1782215
2152649
2086531
4893780
890903
2464708
47152
2540399
256840
2014469
4007123
2867842
2591452
3941047
2129420
3764362
2671796
4798637
2336319
2989004
1556336
2939867
3832625
837604
1700275
2149821
3286045
2077848
4336217
2135403
960875
952515
3448816
216133
1740159
3792435
2100940
139634
3815421
3671741
4881932
2332135
783860
4508157
98452
96391
1245365
473992
2237465
200134
2769850
986233
1102054
1391282
1188840
58062
3593839
772476
1481178
1324772
2106916
1529189
1641647
2125715
4881930
2719431
1827323
3907769
3643457
4193328
1870559
4231693
2468315
2229349
3659108
3439642
3216592
3993509
2717662
4907015
3647082
3252516
3984460
2863524
2022718
3752975
3683516
2809893
3731089
1474946
95583
2622332
2538941
2807606
201974
3538894
1873090
1481149
2516387
3427703
2103101
85767
203861
3731532
2502026
620909
1770215
2352321
818304
256839
3902023
3406641
1939172
1831842
2506713
3959251
1298386
2545898
3468147
3231140
4266258
1420669
4007768
2809892
2839791
434870
4544598
2281410
24517
1853214
2231040
1626530
1702194
1599658
3883182
1482959
3965759
2546607
1783814
2681336
4212610
2299701
3808244
3172728
965283
1459108
5053844
2220692
3311346
3980849
4635976
1705597
5114789
1843653
3560365
2387896
3871700
2250774
3108140
4887761
3296455
418761
3434730
2943272
3649082
580941
880496
4055916
2082715
4033810
4662127
914578
753320
3857867
4113664
2196289
1296370
128872
2884129
2168319
2311464
2809862
3697550
2281346
2786786
68431
1295846
4221130
1733039
1126558
2223246
221950
2281726
3133299
3121360
26616
97783
1681634
1665551
258634
3683429
928868
3907767
3920772
4052884
3627869
677878
38007
2261701
4139325
237576
1728720
3921944
1777160
790249
794670
2464765
1868437
3917473
1695973
3890826
2908440
1610852
2060302
2276247
2567535
3819028
2530840
3323223
2141710
1329592
1129261
2626469
3690317
1792026
2655718
1228510
3401749
1682373
4155574
1736727
1548125
97840
1175755
1527725
2113754
3788261
1477241
1259280
30693
1343925
3888384
4001064
2744035
103281
3932145
1276770
1938210
1107381
1129193
1974323
893209
2371355
539909
4287976
1181750
1403276
2612423
3215934
790218
180418
857481
1083458
4352515
2132775
2619803
3025347
119238
2571981
188758
350513
4683061
315260
1396072
1402367
1529756
708140
351992
1431202
4371623
656534
1415439
4416883
822656
2637355
3376907
3681518
207174
2955953
1916906
3407910
2325983
2061247
2808985
1592917
2155451
2257799
4425088
738063
3432265
1791372
39205
2602180
2402712
1815608
4425089
85355
31572
712525
1265343
2605092
4307953
3493154
2127199
1270000
4392960
1038608
3609426
2208435
2596164
2232934
2228879
2007483
5096961
2687022
677903
3979106
4378367
2777517
2923965
4699820
1666338
1969007
1291658
2683573
1704915
2812977
2832608
1160949
147506
1631647
1425353
833605
3572366
2003655
753445
1992818
1746869
2311948
4084959
4559387
690778
2730029
2040812
1576304
128935
1736152
2740455
764099
3911765
1826549
2924673
2140701
435994
3356258
1524581
2017886
3242265
43589
2443188
591347
4178730
632523
3271237
2633339
2974850
2452076
3627871
2986485
50496
3496211
2041205
4409358
2846751
4024194
1579823
2690172
2117132
2384149
1418872
2536882
2943627
1587275
3573970
1784328
991214
1487700
164927
1876815
2025938
129407
2664322
4344833
2882313
2532012
2607286
4418212
1914037
2149815
3534249
1316910
2350422
757823
1354037
4012167
1623091
2799396
655216
668460
1825727
2499141
3311275
2783341
457257
680689
2573905
1358299
1700386
2610994
3946158
3482929
2644296
2058788
2266081
3401244
3883019
630291
2075704
2219800
2241458
2239476
4034299
57831
1463400
1142669
187639
726612
4842256
161611
3588263
2442439
1939705
2025345
3994398
3946976
3843161
2196360
1416966
3237044
1913179
1895004
4908210
3395011
1544460
1395942
2044368
2920787
3931962
1595256
2017742
2539403
66820
4261871
1033135
235880
785902
1565997
1795143
1782795
1695964
2519190
95954
2950695
1821195
2528358
2649587
2640465
110626
4019651
2281344
2305462
1124137
3076617
2295254
1557711
3039376
3094637
4069594
1675832
2924352
137296
887532
3265319
1579923
160491
1834172
3561488
1968986
2502889
1707138
2233132
1993380
2090237
2096780
1754523
554935
2347928
3643030
526292
1034737
2653460
2226666
2717891
1813910
4347692
3408290
1707910
2226722
4377583
2044560
3759756
519080
3262144
4448167
1228509
1850300
2836119
186428
3796286
1349766
430510
351993
885357
2037574
2241150
657519
2197286
5086956
1871283
93021
4022519
1821081
2198931
2260983
1696290
2099567
4037487
3078338
3260429
1584207
1262472
2412956
2225693
2722864
2927129
3906952
3790214
2837531
1988548
4420319
3936022
57699
3711698
2708850
1477380
4315163
2939821
32194
252238
2784484
3718615
2758185
2165269
1017374
4847185
1726062
76612
2820800
1503731
1590239
1662097
1412811
2330372
4066340
2791508
2234729
803704
778730
3724667
2398564
41946
4419204
824242
2035673
3718720
3392275
4684601
2436870
2555959
172610
2158423
5053757
936158
1926794
3394247
1646193
36134
2485418
1799497
39206
1197211
915124
1680504
2599431
3531935
3982546
700321
3967920
2420876
1607406
3548715
2399477
1642162
2458212
40807
2146225
4847697
2413619
1589280
451612
4033025
2560737
42100
3670023
1775026
2732590
2220106
3923233
1853276
805855
1785659
1902670
3598484
728001
3435055
1739633
623699
1829038
2143533
34819
3230066
2048528
2320236
48075
1219236
1761677
2026320
397864
3188140
709264
3989387
1319822
1988724
3845511
1804768
4889657
3637216
4074058
1587909
2675486
366142
2201814
1914105
2042638
4049440
3063569
65756
1555610
3979101
2680719
420080
3954370
1831841
4499334
3916813
4146007
1580739
1675842
1592915
3195642
2421233
4865644
2096201
3922628
3667951
1983678
3002999
3723055
844058
1978603
47970
921621
530403
4173117
110628
2395897
4276309
1827558
1620648
966203
975963
1988054
84996
2471823
615141
4716281
138549
1170480
102441
2789103
1646845
4186299
1146761
2141004
145361
134334
2283409
1016263
896753
1957087
318950
1498150
1507125
1986367
4036947
3592809
1639936
2701267
2298473
1023450
2194211
1566387
283509
3428216
102999
2556238
2022724
1783812
3680702
3105129
517757
1905558
1594730
55922
2529041
3238171
2064681
1675834
1088461
2575008
2115970
4496180
2281299
816734
2021785
1860433
3773934
97397
1117758
2264405
196977
3337690
4197916
1890980
1884026
828242
1777075
4208733
726381
4922077
1609602
2637354
1863248
3453706
2225505
2281725
1654579
411785
827932
1809151
2337439
3999260
1917082
124321
1716393
897653
107410
54708
1980907
1970401
1744049
4410506
4415583
3697747
1805910
838063
2605952
3641172
4088624
4017109
1593361
2254470
180079
1891137
556313
1050849
296
4475021
2066248
2241715
1863226
45607
3907939
1812549
2048477
820483
1487213
1514799
1490015
660248
2298100
1921936
4411320
2778368
1675840
1744286
712983
1621175
1269573
685733
2776173
422580
1412812
75431
437139
1117451
2533173
1518818
2279004
374841
70998
148756
2005099
1800431
1257627
4720941
3178484
1572367
1261914
3296020
2729416
1150597
116739
1816192
519009
2715016
812721
334797
3048024
2046456
1894379
2163542
101337
48416
1185510
1518608
2198578
3285041
3443974
1486576
2281378
614323
1701400
2132957
1738445
3440203
1974868
2733511
4580638
2284727
1254678
1895683
3041193
1675844
3583226
40017
1361543
1385399
1982145
2531904
249438
1331610
38912
380029
2223544
1119026
1502635
784977
1669719
177162
1324919
1700102
1580794
1643106
2125719
1344602
1160810
769590
533357
2153797
1183810
386940
262302
1607407
136553
1639561
124701
1941271
756424
96407
3217551
3797136
1403948
848161
2761378
1354531
201522
3760737
2479479
3455732
172061
1548114
219394
4168047
3098733
3680703
1227359
712971
130800
77231
33535
1465147
1898045
99997
1294950
2544530
1529763
2020258
722844
2138509
33967
1054507
1053519
2200809
1837923
3096214
553034
49050
2262172
804824
3011287
1895589
488373
146540
385548
2755377
2035966
1943557
1918025
2077521
1660974
1365079
102270
1974601
1086057
1966003
2836542
49825
1836302
1846226
1318244
2419371
4184505
1588685
1738876
4266220
1816243
138552
1231072
2098934
3613647
1405981
49824
3020221
217493
1126510
2374267
3740462
578163
1038400
24428
3855779
3057801
911612
3912663
26799
3745820
1611243
3666530
724219
2134895
4859330
1819587
4315459
366141
2604388
3237584
40034
1861551
1619425
2963126
2439848
1992711
153486
4298214
58970
120716
1935748
28906
2349701
3182641
276451
92780
1594009
1897551
192508
2015472
2135493
1861763
4003754
1992682
712984
1961024
4630822
1491730
293224
2321980
960948
2067980
2113971
3354073
3768265
2341682
1483398
301176
397746
2328043
2238398
3030766
1137172
147365
1562274
3907765
2133943
25580
671412
454023
1879802
1400414
2054534
1247976
1593723
3877128
716955
1279490
1596083
1266635
1449826
2585550
1349765
3020548
2760205
2170568
1699423
1516778
2078680
1644937
97398
1562551
365637
1969005
1868884
1087334
1106604
1829925
103403
4043954
899534
2049072
2394576
1892644
72419
915244
4098441
1535180
1615739
2139992
637549
3633083
2049383
1899100
1894831
3889200
3400712
3100786
4225846
924759
1271851
4864379
3880952
1570419
1414507
1183563
4417977
3503761
983692
2044749
1967172
1905557
1768636
1623093
244781
801303
3712677
2556233
1103732
4392963
1353480
4172054
2184492
1320129
4422713
3068820
1992558
2063570
3502179
1523707
628343
5070035
1875550
3019859
4280072
2624331
1608726
1069949
2209289
1399651
1289927
3628152
2271666
3135149
4432937
4443005
4168135
1715917
820481
1898297
2422429
218902
1612465
3783036
4416884
1829131
2797918
1047864
663725
216747
2137635
2665747
1991725
172662
1685633
4900540
1118614
1226524
2120117
1833818
1163440
1961263
4009923
764472
3028781
1385398
3912664
1817464
1169773
2496318
3345193
731624
2731312
4230972
1134237
839569
3337317
929999
108088
1396915
2046445
2035753
2339070
1097891
4044923
1636879
202756
862088
1592916
1989857
663776
2077273
762207
1286241
2507884
58064
1241418
2569436
1056202
1578505
544419
2733359
2668755
4437056
1186901
889632
172834
2562814
924414
1728019
2090255
1426307
4415495
Total scores: 2099
Average score: 299474.89
SSH: 122, SH: 745, SS: 0, S: 2, A: 1148, B: 74, C: 7, D: 1
