2352279
3708195
1885816
4985596
1838426
4244680
1313029
1414282
4189842
4287878
2399766
2843965
2331169
828242
1410548
4113363
4085207
4376495
1162425
3010986
1163521
2382377
2599450
2689931
2495251
2321562
1861487
2295882
5005640
1845585
2743756
4088605
1849580
4543721
3462322
4176938
1569904
2240223
2403677
2735748
1808605
2264767
326864
4189841
2179629
2240526
1923214
1979409
4985511
915210
1496766
1261879
2325387
1021579
958038
2365752
4047519
3802844
4742940
1075797
3093271
3927904
2874408
2088427
1473296
2737173
3438148
4197563
2677494
2361328
2641556
1949106
2574259
1353480
862088
2898419
2241580
3595734
2610193
1157868
2469200
1760666
2671379
769590
2737141
2384875
745360
1350927
1850409
4198445
2049247
3579281
4199237
3313127
623699
764082
1399651
1003013
4134856
1141858
1911588
3135149
1655981
2084319
4867760
4713808
2041050
3040104
1010596
1743616
3707952
2775397
2574090
3745820
1462224
1895604
889632
1918978
3149030
1826438
3081546
1860169
2201145
1985735
2318117
3517113
2675756
1701404
1366917
4791387
3221833
4641395
2505956
861415
4059156
1134237
2223077
1754777
988726
1583228
1353828
2176404
1935845
1656727
2484994
1296305
2189687
725718
1519863
1217417
2129143
633993
2753891
2622988
1435459
1711307
1990718
1690353
888010
4786970
2562794
2069841
658127
2055393
3117738
2097898
1836593
104229
2444148
1805627
869222
1811722
2267564
2781369
4838456
2236622
1909555
3284709
1816243
995563
960875
3849847
1582287
1210660
2674418
1047919
2615210
1843481
2639521
990527
2689921
1828346
1046841
655686
1028733
2319171
3697682
3012582
3415914
1296370
2364135
2021776
929999
1768802
3517482
1233778
3034770
1013839
2303916
4246671
1631588
1714882
4415495
1377957
2022204
2312539
2629595
1695382
1737326
2914646
2046445
3577374
3122902
1990469
736215
2599504
2058788
2404778
2573914
884327
2084862
2510998
2506240
2410948
4480795
1155062
2799357
1892257
2708949
2280910
1895603
2628955
2564395
2684033
1776723
1419243
2469345
817929
1302583
1290674
1181761
2249387
4605491
2064453
3025365
1069949
1626537
1822108
1410549
1895605
2201460
2058087
2101126
1241370
762207
2659368
2034983
1857519
2034654
1681360
1728456
1083470
1114132
4874327
2044338
2492632
4039494
4134503
1784600
2033294
3034391
4028364
1997307
1500645
4157223
3349882
1385398
1869933
1565884
2796126
1395942
2594347
2410945
2266572
1919312
1838427
4419660
1642274
2164997
1968283
1860433
2013012
3054701
1097891
2141888
2284893
2620911
1095855
2639644
2443726
2004799
660593
1736571
2493463
2279621
1859166
1732802
3688094
1270000
1286241
2660294
887059
2040582
1895602
4093216
776951
1717456
172662
1124313
2354378
2624331
3737266
1844239
1977528
3802617
2274874
1770623
3030240
926644
3285233
1860991
4355276
1484776
970048
2428358
2556724
3816334
3209836
1571309
3746239
1039869
3683363
1142884
1289927
1515526
2568117
3019409
4321803
795627
3119369
412288
1487213
2813660
1649528
2182100
2870806
3074108
2245774
2750570
1165959
2082725
1055147
1816073
2188031
1872396
714001
2241579
2631078
1955170
1507125
1108758
1725588
4861384
2237357
2677343
1530057
1065821
1294882
1592916
1112521
2521259
4374452
1274573
1609180
3551549
2565674
3814186
410250
1591616
2536179
4321070
3301849
1115737
1969946
1605598
994495
4975261
1258579
3040755
983609
1281115
1706278
1287350
1817548
614323
1912276
1816571
4346143
3078877
1124269
3578634
1494828
422328
663725
3926567
1312156
1668949
1989857
2330438
129847
1563453
2745389
4630407
3509524
2461085
3644156
2518847
1344602
133938
1941004
2245772
1627148
1657952
1405991
3582938
2485595
3093269
1551135
1396915
4059151
1663107
2703055
816600
71080
4172054
2922759
4048208
1029562
2619459
1855195
1073279
2351580
1598784
3039112
3400712
2962915
1813857
2330482
1842675
1157717
2338610
2559938
4808501
2452860
2958102
2022718
1544408
2872154
1474795
2075545
3037642
1062394
970331
1758255
2530755
1988100
2834752
2168206
1829927
891867
1451703
2250747
3145600
3967023
1657917
680689
1752315
999944
1199955
252836
2995944
1027692
2294654
1095854
1706210
2590221
2231706
4225030
1902832
1843653
2933746
900957
1649064
1076862
986837
1498630
131891
2065514
969681
1770368
611931
969686
2911993
1659421
1621319
1219148
2102274
1178526
816327
2269544
2512990
1951188
978213
1166895
142954
1911333
2185148
2304622
2961551
525278
2443190
4462023
308917
1129193
1607736
3034396
1714634
2025942
3623520
2779000
927487
2301247
2987243
2246465
715637
1724319
437139
1572198
3567527
2098787
1214421
1920872
1672204
1001682
767203
1329774
1743954
3579611
2208944
3773045
683970
1113332
1714637
1053520
1782795
677903
4641387
1890412
433005
2226722
2587226
3851983
917369
1984889
1925409
1954900
2123284
3252516
1918015
4783641
2898086
1692395
1619555
1610745
1690355
462736
3852943
1932489
1489207
2477261
4876550
378126
1313635
602917
1570203
1951034
3782929
1738018
1675085
1142669
1703420
4186244
1678956
1736329
256027
4156714
2112908
1848985
4641263
2128030
1612465
2906051
3637960
2008748
1893461
652234
674324
2053719
296384
2797470
1806803
1944926
602547
2432586
2401487
462700
1784189
2523668
2184608
3283445
1118311
2328679
2245860
2237579
801158
1231616
1749322
2719334
1307291
1545707
820619
1219647
473210
1807735
1343792
1059197
3286201
1329273
1602802
2245768
742975
1512368
2103968
785999
2245766
820481
1892340
2196331
1612453
1917082
129891
1895606
951053
1537817
1660954
3104339
3614514
2874944
2102287
3152325
2020385
2532278
1556336
2158670
1804490
1419403
676172
839947
617825
1558636
2413242
2791233
2205152
1314214
1008998
4708805
2397136
821785
1681634
1319335
3023414
1102552
2742521
1533884
959426
2555112
1693956
2338623
404663
979155
2853913
806325
4992898
2693244
1894345
252238
3574500
2149131
1843086
1701775
1898518
1651290
1175599
1646483
1822957
1582674
883670
905800
2618934
1988911
909032
1623285
1969005
2553777
4168135
2257346
2116146
2098783
2245777
1059305
146957
1788628
1911308
3873445
2321257
1749822
1046339
1128411
47152
1951733
1519860
2506241
1758437
1586059
1509460
1431582
910147
980431
1091973
1989203
1586754
846872
2285719
1914981
1126228
1898986
915606
2338619
1608832
2163092
889729
977875
3018109
2556347
2097882
4855807
2139880
3488458
894090
1127798
2457519
1657639
894744
2543190
1783010
1286726
2098786
899942
1454845
1565265
1185311
2639520
730865
1031991
1124268
2054557
1758872
1973361
1578505
2203212
1126915
799913
3963274
2963216
1580814
1563135
1907933
1977469
1952177
1245365
1731253
2380030
412057
3089375
203906
2507884
2601508
1086267
785904
1764213
1926958
1056202
2045979
2941386
1843589
850854
2986935
828214
1679789
894011
1910096
1862525
819391
2719326
2290441
533775
948431
1219705
3057801
4059970
4752037
2750832
905745
612871
2327792
2803332
723891
2133576
860022
2719372
1524103
1614421
1400414
1436329
1882794
2138577
1658474
649184
1557181
658561
2083422
1694855
2740274
3055878
1102144
1983024
3579557
383536
978026
772476
1341646
1601984
1092582
975588
1992711
2078916
832346
2295077
1763013
2246659
1474956
1855356
884418
1743999
1345676
2245781
1142960
2116237
3073983
1947968
2554582
1474491
1803397
1683433
427090
424925
1294884
801303
1726994
1186951
2014389
1303587
1523011
1676851
777074
1839403
3884886
3839993
2113754
679131
1728493
1827558
1728019
3573970
4044892
827803
1955867
3620693
561335
1409923
933875
1509639
3147539
1270538
1041481
1949561
3513159
2485438
1759135
2514739
5121839
1420671
3589821
843155
1294632
1327000
1321980
2164332
833605
2455776
1672250
2586110
977770
2296022
3064687
3829839
1925194
95382
2141415
965794
2674297
2732587
1519160
1595156
3055877
457061
3340195
938174
1351114
1108593
196977
1831032
2709014
1384053
1884654
526757
1943749
914237
2406120
1661477
3301339
1946834
3076104
1509512
1637380
734339
1579854
2118444
1865418
895495
3093275
1605533
800237
2618935
1863270
2379656
2132924
1949083
1200272
635679
1261191
1258366
888621
2068681
2274905
83975
2309694
3669885
839711
222278
2156323
783230
335041
176280
2124420
1704984
2132119
1809151
2576943
3041193
1029307
1770626
638493
2719437
2051592
1915340
1351585
1888862
1852937
1451342
1620144
1012155
1259155
1905396
1259798
1289107
1311613
948490
924759
764099
3056718
1977950
1071369
262189
1806692
858241
1438557
791274
1351956
1137173
2519700
1679667
1027065
1630844
2846620
2269122
1397854
1764412
1420669
895997
830322
857624
725198
1112356
710881
1215641
3333255
254656
117580
1915794
1858799
785898
1137448
339795
1246807
789765
3553569
925835
1654883
2319348
2486606
1686499
2679663
4048501
1149471
1306992
3322065
1806531
2376713
3530608
1227359
1754266
367175
3499015
2388297
4313921
1399834
2655718
1895607
1531547
1852605
660357
1121504
3397015
1561529
765097
2332429
1351501
919772
1962758
2620912
229695
4345352
2784275
2554676
1243461
1211828
2103267
4462029
1356795
1592917
3107506
1358299
47359
1983358
734434
102736
1111047
1226524
1302554
2530955
1961271
1129371
777055
3299402
1799638
2444149
2273031
1692260
1952037
681813
3643658
103199
4786514
1988753
1886839
2480919
1864795
1785659
1844417
1075653
1500058
318340
1551874
784369
2643166
2635967
1734750
221777
783229
1848803
1720423
1839222
1454089
1025644
2609957
2786980
1370029
1398110
1797548
2231702
1388399
1111760
2463764
1766943
2624904
1372142
1709022
1622044
1799946
3309764
1762724
2297771
3844651
1396342
179758
1805550
1587569
2156318
4648374
951701
1354842
1639738
1016169
2046909
997648
1649842
1535180
3520087
2819736
1279343
2132775
2256378
1941088
1646193
683825
845391
1691089
986191
1687640
1174467
2245707
967546
116128
1404802
1946377
1454085
2245783
1358921
831241
1493052
2264529
2483555
1373482
106965
1731374
1926750
1512179
1694787
1298998
2314855
62269
3350992
2150736
1804553
2417917
2719283
1256330
1527747
1805549
2820225
4029682
1859282
818304
2217638
3020314
1513230
1115844
724015
1536690
1215958
1158040
3542856
2060302
4291608
728870
1113246
3572698
2341609
4860510
741870
2229381
983680
1604236
1534523
1118319
1941499
296
768781
2385573
1752311
1916018
699391
3578631
1992745
834589
3582418
2586420
880587
684970
1618980
1537566
932185
673916
1730889
1228840
2338622
368845
2259381
1897567
415479
978877
1255789
72585
2399034
3121104
1429457
917062
933827
1031434
1365772
4886650
3360782
2135493
1941208
392927
2132928
4872636
1962275
1761422
848161
1963977
1003565
1596114
2150735
953586
440547
2523484
27993
2439848
952515
591347
2878235
1895699
1023667
1256708
407788
1973410
785902
2133726
1313461
1236211
1451282
817623
2482032
1146443
1831842
1573320
1250652
4493700
2352495
1219991
766891
1679799
1283624
3640197
1401254
2168204
691893
2128224
2826615
131564
41044
2839767
1799947
231825
4054015
844103
932142
3912664
2479479
735833
2925728
3385419
1674513
3311346
1029677
50712
1668840
131286
1619564
1917158
718156
803402
1507882
1881625
865344
756423
1878931
1342804
3238785
181253
1640908
1252504
1541907
1775394
808848
1990855
1367259
1636879
683409
136553
1289183
1785750
1743930
1527960
231390
93842
1154908
1514898
1468467
893365
1675844
2104881
2242173
1789752
113896
1653231
2168419
1665638
1121909
2301351
2659371
1068383
1240783
2234162
87570
1492911
1253987
1806693
24023
1182462
111680
1864175
2326935
1688226
1405981
40017
1158474
2592149
1807945
902888
953106
1612454
65756
1109513
1704599
2545234
879061
4865644
2496720
403729
1751423
572727
3333706
733753
1389880
1884822
2327794
2128229
2479336
2283640
1763222
84398
1406907
428318
2198640
114635
64266
4291753
635865
1373950
97840
102290
1231400
393953
1512177
1688154
1231072
1869937
4845231
1786610
265643
1846898
2327132
196839
980927
2625297
1907310
1530938
2445438
1186227
1602803
1827323
1759814
1695925
1215956
1208919
1594009
2128225
2022237
2466119
1831051
3752975
1657926
1895569
1385780
1329592
1697645
1290690
172501
1299134
2854062
784791
2085794
856743
817174
1981708
1989198
1675833
141669
387361
3977191
988276
2254470
2381623
2795613
1842523
2881593
2833818
2017799
2221441
1072897
2182470
2026923
2815972
1071565
2519669
1383338
2941385
2548343
1840736
1675842
2989057
2924872
1557461
1218731
1820550
2113992
1776455
2015861
1971374
2635559
1026548
800533
1201369
1035898
2179472
2301163
2143128
746772
78846
1081713
2011421
2128250
2223259
1256662
2587490
1695292
2809623
1723735
1331610
1743443
1531044
2641365
2128238
3231636
32230
1688424
3707946
2085694
785910
154988
2277236
1389204
1428309
1783726
3019857
1033882
1915983
2128249
2505545
1982162
2052794
2942890
1506694
2799043
1525734
178506
1056685
1428949
1836484
21010
762864
1872562
2924887
1853800
1783725
1632673
1886100
201523
932223
1291565
1595191
2161305
2134823
1137171
4134502
1217241
1426769
1109510
1994564
1432041
745115
657519
2129097
2127416
3877128
2102289
1182535
1954129
1610994
1704601
396353
3802323
2640465
3704761
2731892
1247184
757067
1702581
2135495
1694738
1516778
1082768
1897316
1537198
1643106
107875
1243079
161787
1791086
1012712
4922786
1758874
1981063
823197
1789753
238766
1288860
1587059
442860
1231615
765018
1762728
2902384
343060
1150597
3595879
1262433
790218
770227
686421
1500990
2330574
4131187
2128243
292319
1128896
1057141
75359
859607
3753922
2505634
1591949
1059388
899732
1716916
2844649
1027561
2779005
3216836
1265890
1298486
513847
757823
1612171
1596083
3055880
2050074
1614054
724832
1789754
3233265
1686500
1724690
2128240
1440018
1258135
1332018
2528042
1596933
1004018
183084
1024369
1574314
1916880
1074122
1695980
98566
2301681
1480250
1529762
58970
1415582
4018669
1474946
2613117
2628556
1397599
95716
36332
1772635
1643386
1501472
1587090
1675830
2004892
1730657
1025919
1994457
1983406
1575142
391742
1256875
3093067
2779004
58062
3578050
1535708
1687641
1598554
71140
659991
1974866
1894415
1518581
2535968
606167
1973792
2067752
1289863
1977349
1972569
391741
1396072
1307142
1613091
39673
2530869
1972570
2128234
1595157
1495498
1245003
1392444
1253664
1968966
3140597
1586865
2724213
598771
47354
1765081
1626530
1083103
1746344
2556534
1810188
1410860
1589834
1223770
356374
1655728
4866873
2651838
2327793
800538
801373
1602969
1636811
3041444
2659858
42584
1151654
1787848
1149638
2942250
2544478
1154509
1704600
1400686
1383988
1352604
1413257
220330
48416
931401
1648323
2779002
1991379
1762730
87717
2003632
1593723
1581190
1085805
2966682
1396152
1696765
2557752
1983647
1768093
267994
1582863
1832316
2128245
1635439
1762729
1106780
2132927
187574
1610022
1149303
432346
669496
1064998
76353
464294
2182766
315
1597015
356375
2333176
841599
935029
1960451
1301498
2163580
353597
1922705
1288858
1855421
1967216
3298591
1490588
781124
1697648
3412600
2268730
1157344
848084
2643204
983692
2148623
1289717
179671
229815
1180926
2584106
1825834
1762727
1492011
986190
1464026
3169255
1377588
4321780
891757
2042856
1941209
1453452
1830933
1815491
2670864
161902
452186
133398
1343292
1102147
3121361
1942546
1026084
1450182
664265
1109849
118851
787430
949011
4001404
1593828
194665
2480417
1385212
78938
430075
3559958
2165744
1838662
1414507
1180916
82249
1512371
2722432
1153238
290305
354185
105761
3087257
917129
1591970
1611276
380646
980928
1677119
1078904
1730133
1318245
133610
1169559
1600415
800730
1819777
979231
1269345
969668
1689294
964269
1071416
1859223
1149713
1032126
1843575
793790
1625963
1119026
1996753
1264972
1587677
1215604
1911347
2019478
1954798
764003
1272069
847314
1365637
2640792
733772
1594727
717345
2530374
1675841
1352342
60234
1257217
722238
1073711
1482543
1036393
1742483
1557375
1103841
2128237
3768762
1321542
1177545
660594
1724654
27466
954692
1785185
1153237
780914
71087
832691
1180037
1451992
2333145
1413258
1675832
81040
1155987
125365
1781876
1639736
1629635
436345
1180151
1492008
1385215
796161
1252078
879062
2156913
60023
1610746
821691
1056207
1639261
64741
2624905
1149925
1209109
1922293
1675843
46461
216001
987739
3061894
1636972
2925889
971947
1783814
36658
2015783
766399
433427
43366
1503470
345600
1758873
1065224
460044
1983648
1588277
1076346
2465764
2003923
2229349
1945175
1492012
643277
1354657
1950959
3707958
626245
2404675
1215957
2116804
1762733
69058
1100327
796012
66820
1399371
286489
1343645
1218649
1541293
2128236
314894
622607
942356
1209163
892853
1727328
3148234
1830846
1121834
1573860
1313431
318535
1039163
1876016
2668755
946711
356069
1405980
1473301
1564873
1291373
607813
134232
599837
1288559
3160148
1291267
1385779
259
784977
1043348
325955
135630
1618411
939552
938402
1289605
698106
1784007
1378899
2528040
45444
1161449
510510
52278
1850300
452185
1182213
4091838
1122477
1385397
1625191
5130804
2624078
1599961
1158424
26191
663819
1262434
449848
644167
1944412
795415
1070687
1783219
593823
425986
2055396
1010879
1264070
953394
1780355
20381
443616
646428
1149864
791625
1043089
790232
24324
1622298
1256873
342074
59572
623417
2210977
1452212
43368
1583483
1726474
1687643
794670
2387620
3653690
1562726
961907
1289755
57423
1892253
1828298
356002
785897
1294883
4672863
3604532
2925890
1962157
678461
891651
352135
20382
2072986
574165
3980676
1639134
1221541
1826966
1824969
1508522
1278814
187042
1153219
127164
943399
2616454
1014712
3087417
1675831
753730
1128081
45446
1071233
1762731
1723437
4059770
1738041
1218337
3533612
622461
935504
50174
1996754
4243833
1595347
2781571
1076345
21169
1153285
1398809
2169525
1007525
511046
1289704
1309705
2528044
935505
1941630
1777160
1125665
1557423
1926301
3129874
1477910
102450
1797692
35015
47727
328472
943283
907479
1738040
1822962
1589899
363948
1687642
1554502
3801064
3257742
1394179
974854
4683207
20380
1383390
384409
2222443
3604530
1072455
318537
1675838
1876017
621103
436346
1252711
56190
1451983
3132824
2231839
3699308
46024
1833738
1469284
1269354
1822853
1149619
1114721
947366
3772967
1076343
2568256
1609741
725498
1599674
436344
1053503
31553
1257235
94604
514516
3334672
342075
2660646
804164
3030766
1436138
1675839
622457
881123
3444967
1383386
1502221
32570
969651
1059894
839569
679004
1257855
492064
869240
1250271
837567
3102206
419838
1396048
3653442
1289705
948198
1849131
113897
1071242
865199
1256874
1286716
3159015
4321955
2652057
1315479
1501410
2462245
3006997
126645
3050529
2294643
1630299
2458536
1828400
31146
2514909
755124
3098371
2199220
1544629
1312375
2065883
3108587
3220698
3290808
937709
2025205
2553242
3369471
2234808
974662
2868857
2844963
898597
3377514
3353491
1721284
2454006
2706308
3020256
1004823
2026790
2061192
2657557
3450779
2204720
2540399
1906336
2789938
897024
1043169
314496
883953
1454087
2196278
495899
2046351
2545604
2503284
3370358
306018
3229021
3137396
Total scores: 2365
Average score: 199718.87
SSH: 275, SH: 747, SS: 11, S: 130, A: 1022, B: 94, C: 29, D: 57
