1808605
4742940
1064976
3854743
1990718
4187053
4177434
1860169
2708949
2079597
3881559
4835404
1582287
4529872
2100822
1754777
3946158
1241370
2659368
4641389
2294912
3804374
4298765
3866017
1989203
3548649
3648544
1681360
4641395
3361951
1714882
3837137
1911572
4651531
658127
2911355
3545720
4746232
3468687
1866087
2365752
1083470
2319171
4191511
3666536
2111505
2077119
1816243
3762927
3963934
1676639
1740368
2657557
4424145
1537566
3647082
2993974
4064320
1770368
3975714
2935781
2183206
3773248
3385966
2239445
1737899
869222
2823660
2059822
2173528
3133842
2437233
2660294
3884667
2323911
657917
1811527
3551549
2245529
364532
3206402
2126752
2064046
1935748
1256809
2788624
3010178
3208196
898597
2298047
2241580
3227634
2256314
3535138
2141888
1170505
2686032
1725575
2622787
1919312
2025393
3385967
3999531
2223303
776951
3093271
2178147
1580160
3655971
3077002
1649842
4122187
3029339
2164997
1890412
2315558
1408381
2331169
1255288
2069841
2077121
2581610
2469345
1642274
3849893
3616426
782021
2249464
1911574
3153518
4000950
1912276
2632230
2681192
1764267
1955170
2732588
2075704
2382343
795627
2060211
3623807
2452465
4551189
1729489
3630575
2573914
2041598
1725588
3927817
4070109
2872154
3797883
2069999
2256823
2760593
1566024
1861487
1709022
3214639
2020385
2466406
1259798
2026805
3983866
1829131
1946507
2663986
2459413
3885119
1718671
1389624
3359653
1701940
718679
1690355
3210497
1537817
2677019
2034057
2502643
3637091
1044728
2593619
3805781
3168871
1942387
2596314
918415
2702907
2684033
832346
1890062
2187211
1466557
1763013
3623693
129891
1860991
803964
2392113
2580566
1918978
2004925
2257346
2189687
894090
1267222
2487630
1780800
3632631
1849580
2235779
2282512
952515
2274013
3393903
2496721
2530762
1101611
1869933
1642420
2231706
2058788
1441081
1554502
1890080
1836484
1695382
2729594
4415535
1062394
1895605
2186281
1872396
1255495
3707336
2428358
4020291
806325
663888
1892257
4422803
1557181
3586535
675734
1860433
1474795
2948446
2058087
2154507
2673453
2474574
2419085
2192267
1245365
2675575
3018109
2486881
1128411
1727980
3675153
2040582
2226203
2513530
1029562
2330482
1816113
2904484
2790477
2203622
1157868
1588369
1895602
2336704
1744596
1736332
644971
1438917
1936713
1010596
338682
703794
142954
4628575
1270000
1716795
2719875
1155619
957971
2204234
1736329
1842675
2597616
3055878
1610746
2894747
2112910
1836593
2122460
1199955
2628159
2055393
3011628
1919449
3493456
1361429
718156
2404778
2485595
1936782
2860521
1672204
2354378
550235
1651290
3145816
1895606
2826730
1782655
2034429
1893606
2209202
3970329
2368880
1571309
1746492
2118540
1845874
975588
3363557
2861267
3355394
1001682
1725346
1990449
2780165
1251181
2150750
1494828
1922277
1413257
1524183
2335100
1579854
3325848
2924352
1603635
2077126
2608130
2815870
1018776
839627
1679667
2022718
1013839
1522329
4768112
1790104
2303902
2288017
3486287
1494944
2182100
3056834
1476606
760743
2201460
3077757
1660602
2686031
1586059
725718
2476857
1612329
2196278
2213673
1907933
765740
1509512
745360
2123560
687303
2514739
774965
1091973
1650477
2631277
1073964
1997307
905550
1722406
2467744
2324863
3071981
2267943
3142477
1671813
905800
804164
425761
1415441
1289926
1219148
1436329
2282067
2685873
2047629
2330357
2540195
2884952
2646355
1002858
884664
3046849
2036340
1592165
2812676
1822501
2097882
2161926
1462224
4641390
1593573
4393710
1046339
1911308
2287401
2133576
1978372
3708437
887058
4442129
335628
1460113
2461085
1518162
1635124
787307
1805022
3036835
614323
4277364
1412805
3788125
2659724
2282103
2902017
2444148
3220659
4173168
2158670
1899511
3504206
3093758
1127798
1117251
1736571
3844651
2185148
3963421
2406461
1621319
2530755
1812660
765327
2096800
1849433
2285696
1026834
1941498
2043178
1968445
1793625
1726994
2485565
2196978
509510
4443910
2100003
1109552
2360152
2477065
3514695
546944
1595191
1659421
1505448
2102287
2948845
3954641
2570594
2596015
1412813
2231831
1128531
2465106
2192351
1669990
2176530
2164274
2923009
1786958
1828339
761379
1484776
2615748
4001494
2151203
2559126
2237466
1640330
2779000
1649916
4031306
201811
1558876
1749322
1304791
4641402
2204927
1147263
1655981
1448813
3707345
2246465
1097543
1185036
3675267
2468866
1354319
245960
821785
2689510
1819898
281632
4000163
948540
2616981
2394642
2818112
2628161
816600
2587026
2044364
1963713
1678956
1226904
1554693
927819
2306234
1461877
1580814
2153405
1219647
1657639
1852572
1785329
1988100
2048191
3651944
2578936
609843
2201553
2351580
2328342
1041651
2503284
2188031
1969946
412288
3222663
2547378
1637380
3300573
1425283
2360153
1788628
1594774
1343792
4751010
4577577
1822108
4565079
1895604
3928577
1582549
1778560
937709
2485438
3737266
2726492
1214269
3815993
1903809
2240404
3141960
4005294
2047406
2064537
4751014
3035067
2520220
962500
1030374
2026320
552068
2806598
2747080
2291511
2077771
827488
1725624
2481631
702412
1498618
1396915
2772466
2477261
3891073
2610039
677938
1977528
1554312
1619555
2315560
2124919
3008156
1989857
1848919
2152330
2688677
2551888
1041481
1511724
2661624
1840044
4678354
3972806
1613951
1688332
1983024
3232952
1995244
1274017
95382
1460834
2179997
889228
2056505
4020786
861164
1728493
2741954
1601387
1724776
297115
2079609
4760524
2245777
2480902
4510148
3885164
1645523
785097
942522
2569254
3965013
2596018
3083319
1725999
3595089
2628162
1876015
1570203
3972386
1756897
964941
2266773
2143181
2050536
2372825
467689
4570751
870839
2026764
2776011
674324
1046830
1727798
2108925
2594993
2610170
1695991
646713
1630299
1329273
3558555
1818097
2512375
1294192
2730593
2535899
1249175
1783947
132043
1730889
1029189
3707396
1875396
1951188
1752315
1051486
2628959
1606929
1081936
1493345
953586
2058789
3821905
2069833
2169604
2009125
2324859
4789139
1462180
2658147
1368107
3799726
2540414
3215014
2485487
1649884
1416966
1021579
4368666
1572198
2176825
427090
2796473
1174467
4761697
1769144
2149446
1722487
2447121
4074809
3354417
2217377
1260593
2701095
4448533
1650442
3030240
2581716
2604568
2023736
410250
1760666
2023120
2134538
2422434
827317
1627148
818304
2680677
2468862
965040
3607872
2915771
740044
3920729
2342557
4751007
2336252
1575381
1736327
668662
1787835
502031
1649064
4945751
1301498
1769222
2100002
2106818
2089680
392220
858241
2475402
1669068
1573320
2222070
1706834
4754217
4807908
3232558
1082403
1610745
2502889
1828400
2410948
512000
4225823
1007522
2998945
3957929
2532278
2027309
3211514
1501472
3071714
1551135
2306594
1181761
1909555
980431
2189653
2548907
676172
2547134
2035291
1419801
2489792
1400414
3793937
2078429
2024765
1596706
3666656
1502678
3457777
1289927
3128518
2492632
2467121
1858799
4367295
2479386
4795498
1306871
1787964
1468912
1172819
2609731
2883760
1885461
1274573
767203
2153914
4903207
4492080
2527018
1093078
2666060
2620911
89171
2060305
1650439
1705675
4751015
2598347
1843653
1497899
1474455
1807737
1401254
2025942
1129193
2059942
3962022
2077849
3247754
3345795
1632362
1276141
2549390
2223295
2449759
2360264
1003631
1649989
2249059
2332240
1964460
1782802
803739
722596
1628503
2791233
4091400
720590
930249
827803
2245774
2438986
2218593
1968836
2537323
1682101
2709014
2615210
2055202
1941499
1609180
4049167
2728174
1944926
2506713
1200619
901219
495633
2651853
1843621
1024742
1947706
1297787
1524103
976409
1112356
1947968
403039
920453
1898518
3565576
2271790
2140745
1925409
3056724
1317186
2102292
3805780
1706278
1400367
2045906
2587891
526757
977875
2234808
2674297
555797
1500991
888015
2587226
2179560
4807042
1294757
2730358
889632
2173718
3120533
1258579
1658821
158123
2679663
1915794
1637465
3206043
1569904
2195806
1572830
3792787
2050696
1067194
3009885
3374705
2045979
1216800
735021
1217417
3227871
3563444
1176410
839947
2173072
1882794
1952177
5064279
1721919
4221414
907479
1964152
1737326
969686
4803222
2834118
1490581
3111990
1988911
4137259
1071438
741467
2817192
1560467
1949536
2461849
3978313
970331
2485668
1668035
3104522
2530810
1315479
1286225
1994564
2709018
2280910
2577747
2138577
3226413
843155
2094186
3789345
2169502
1501840
857624
3765166
1531707
1630100
1093703
835941
1072897
1741062
2010006
1637391
1955867
1995114
3722306
2402786
1860366
790415
799096
553082
1365637
1822966
2002882
1155085
845378
1582674
1565265
1142669
2737086
1902818
3086402
1749822
1571497
2036093
4417977
1752927
3231039
1654579
1077675
2131079
2994534
3831190
770354
1045757
1382030
4683658
525278
1180701
1993380
1409814
949029
1354260
2078961
1626537
3625983
3752621
2364135
1094888
1877637
2321257
3070066
1495498
4634626
641169
895495
1311613
1271012
1859841
2338610
1056207
2455001
1620144
1775286
1281383
2686029
1038699
2826252
1473296
2285712
1093352
1861010
3845266
1951721
1855356
1104409
1518125
2331984
1682475
1984889
4316799
770576
1813803
3030766
936406
300746
2201876
910124
2088427
2388297
2226085
1029307
683970
2151912
1699366
1073279
2410945
1911333
1893432
1422334
2035779
3073983
652127
725026
1025677
1735961
1831120
1495848
729619
1828346
3169485
2961551
887621
3716285
1281920
2034983
1953873
4317467
3884985
1219126
2581812
949234
1609385
1893461
696225
660593
1917082
1528015
1528368
955346
1643641
1990559
784411
1768904
2563055
1947687
1969005
2447348
2028807
2316176
1742484
2263159
2651771
1213856
1215641
2559127
4568073
1391282
1069949
4060642
883953
797288
1852797
1854022
513775
2327792
4648488
959233
1679686
790355
1796420
1313971
2195530
1571141
2354602
2069933
2361635
1925194
771495
1034472
2068783
2443190
2926284
1456771
3728856
3108159
5091768
2027990
1865251
2981278
1466471
2099728
1796164
2041050
1553356
2084629
2276210
3154786
3237678
1113159
2155524
890911
710986
2166410
2538171
2468865
3563096
1683307
2309955
2962850
725198
3253226
951399
1593691
2416573
1972802
3967160
2648459
3855721
2276016
2953047
3098079
2336864
786018
1107970
2554676
1541243
1104057
1584052
1938324
1766008
1662231
2552046
2992855
2869288
1003944
1661565
2731892
656385
1128219
2737358
2132924
1762429
1901940
2551887
2200000
3196322
2964222
3483015
27993
3270246
2823535
2611482
555050
2455776
848994
1868484
1543159
3645144
3905613
3423824
1229400
1586892
2038750
2379756
1564926
2852981
2847746
1488898
2833172
959426
1810150
126645
1032263
638551
2980394
1356795
2574880
2448542
2198732
1927719
1541907
2442744
2755722
589969
969681
2962206
2005307
1062210
2283281
1662436
1124896
1395942
1554632
1977444
3019578
2661683
3459974
870481
1419149
1873843
2958066
3825328
688289
1027065
1818428
1369375
151229
3157129
1327000
2332178
3054701
2249401
1879801
1456306
172662
1710712
2703055
2389725
2555112
910147
1166448
931597
715637
2029046
2593620
2008748
1813918
2478408
1351114
760894
1414172
893739
2147615
2051305
2445806
2184680
4750081
1734750
1397146
839711
2836380
2683647
893736
1807945
1363026
2444149
2628166
3256307
1803397
1710847
2301351
3329210
795810
162405
1665526
1801586
2381613
635679
3107506
279140
4804559
4161947
2497195
2628777
1692260
318109
2380150
1366185
3607911
2109396
1092090
1862002
855762
1289705
2493793
2024637
2656918
1512177
2417035
235470
3635731
154853
1837462
2510638
2248253
569735
2222880
3055877
2916970
501107
1838662
4270272
767774
3211124
902721
2988681
4521513
2037204
1397837
2319348
467821
107702
2651794
1853005
3558180
1428403
1737489
2128030
3030980
1700561
738063
808848
2645668
596081
2199470
2600354
2719326
1464221
2651915
2968602
1121504
4491213
931791
2260493
2829376
3395094
651744
2238336
989587
4594762
1773002
2625446
2148886
3209982
2140220
1558869
1344602
1809113
1628131
2457749
1640935
756065
744241
2288582
1053520
1799638
1442846
1702172
1215956
1185311
3401538
4520850
992106
2357806
1425809
878721
2556049
4216778
3555230
1589607
108021
2105741
1141598
1419403
1568261
1977950
2044362
1204502
880321
2640882
1986032
278451
3335073
4746458
2406701
929905
4001454
1679799
4415495
2025205
1565150
48098
1639177
2926285
2882501
1648563
347360
128132
138008
1414928
2034654
1691086
3493583
3158964
4420859
1645698
997365
1568262
1630844
2654458
1706309
949011
1547747
1062374
2200064
1918015
2842861
2941386
2522353
1354779
1409923
1888397
2778999
3606457
2017276
3042111
2750537
2205164
2165773
2139880
2540648
1649062
2033294
1288341
1672250
2298473
319694
3093632
2725039
3426309
1215958
1039801
3721142
3894799
2190904
1827558
1918979
948153
1915416
798853
1667897
1838426
3669885
3536504
3853099
1794843
2181195
3070951
2502692
3230038
2766688
2229756
1345676
2445954
861415
4393816
4018769
2112908
1349998
1839001
2268023
3998821
637489
1802736
1831032
1493704
2599455
2505545
4761696
1336662
723891
1515062
1193499
3114483
2650542
1644535
967546
1878931
2705966
1557471
495776
339795
2163121
1890972
738980
1971822
1120405
2004799
2958956
1331610
3007796
2744034
1991642
4631919
3622321
2320634
1846898
3250587
2327247
1569153
514516
1316822
1032126
2726352
2729836
2200001
2659369
4355924
2485543
49101
3360089
4397592
1474956
3949619
1436138
2269544
3152587
807074
1718994
894744
3020314
2403266
979155
2331417
890467
2274874
2861782
140665
3985631
1694501
3424998
2681336
3217026
1569034
559071
1162425
1042243
672100
3542365
1618980
1348191
4928050
2088216
1783812
1574791
4807910
1770454
1670393
2296608
3262324
3920871
3404667
457061
1676793
2393325
1907838
281993
1206875
638493
1071060
4881796
2259800
1556336
991014
3533337
4899428
3555229
2250398
378126
1612453
332962
3078491
767280
1920872
863999
1014415
1600415
1003565
3561488
1468467
1621068
1785185
295544
3081825
635865
1597953
532036
3360553
1714083
574050
2266572
1315103
1042244
785416
1153465
358273
1582771
2057577
1840374
1519160
2822845
1530057
4939642
856743
2456648
4376782
2585811
869704
736300
111302
1820170
3414967
3019887
2462331
2195737
1764213
1658063
4143027
1754205
62269
221777
2097898
1970829
2881612
1115737
1599979
4812128
1767768
1994789
1928680
1573321
1932597
260489
279481
1925029
1921228
4644186
164020
2139064
971834
1685633
2596586
1073934
2149131
2193838
753671
1535180
1541293
1742625
2320302
2468864
2123641
777055
2409854
1983358
1649967
1536687
308917
2097562
972401
3698751
1538007
215238
898577
836339
412057
1872989
2321854
541392
2945149
3709823
1752311
828242
1667486
1693184
2820386
1932446
2443296
2998524
1137065
3069848
1402392
3922628
2040972
3569025
2525842
1585178
4200506
4635746
47152
881123
2342037
1138710
1555717
798824
140805
1992446
964269
965369
2014389
1611276
3711613
2489378
4543721
4701529
4777711
2036903
2513495
2061194
229695
4003754
3827811
2099567
1437218
1752558
2203212
2014201
2447068
487384
4649180
1372542
3960335
768555
2895675
1879176
1987383
2500691
2410947
1682830
1619453
4406631
2345714
1051587
4128717
1229705
3968056
2033741
341891
1016169
72585
1754329
1419909
3641172
1627860
1579673
1354594
1721284
2514777
1452809
3802617
4646776
1302561
3598876
2175863
1848803
1447252
1854204
5073595
1890973
1432358
3085497
1345670
856035
3131969
3200116
891867
1318245
1093609
231917
742975
1229702
1072467
656337
2399207
3635192
2371670
753968
1314186
1982581
784243
2289268
2585550
1358299
1193512
3481698
175693
2474570
733772
1789442
2296022
1484308
1619912
4982128
1106518
1313431
2363005
1620271
3279860
2510640
3644079
395399
2064221
2751787
2658939
1514899
3038997
902488
4033810
1149283
396105
3105314
2111915
1474491
2603095
2341602
2159665
1405981
3987607
2849415
2683901
1166497
641071
4131123
144029
1398612
33404
996985
1254678
1907310
2156323
1213004
1301167
1451733
1115844
1576449
2116804
2404675
178645
3322065
2139417
4745366
983645
1031480
2320301
3433106
1691089
960875
1261881
1983406
1644737
238507
1686044
1528842
361818
2102353
2413242
2689525
915154
1869619
1700275
1863199
1675844
2993246
1400686
1574296
690608
2282063
2259972
1564294
1529189
1454378
2233760
2762787
2174699
2781567
1917058
1282960
2505389
2811662
1287979
931575
633519
1962758
1636304
2616211
2048161
1612454
3109786
1261191
691893
443270
459845
4006719
1389757
1453152
1817320
1623285
2088098
1863209
4197935
2086666
764820
261729
815071
1003874
880496
1706210
3644151
695766
3403124
1481149
2583792
3558111
2854691
1658695
3216902
1979462
1444591
2261351
111680
3507715
297668
4106816
1059894
1657683
2241715
2090815
1602802
3931877
2226722
1225627
1477910
899398
1846321
3718236
2006097
1614421
1945754
199593
1668949
1787963
1551961
4527319
1287292
3646683
2740912
1296925
1715819
1413258
4179909
820483
4190538
3816602
1871283
1984539
2439848
2194541
1961300
532958
1063410
2048477
1834598
2965939
1109510
3105129
2250659
3267820
2235465
1571082
4420853
2935168
2772751
2926208
2337036
2443188
2624041
2367340
786636
1532896
559673
1271985
2977094
725920
1578505
314496
1383825
1816315
1400195
245284
3369714
4493040
978382
1829927
2058288
1385397
2113754
2084628
3736115
2013792
1256483
1761422
2299178
3481136
4584393
2074136
845391
2449729
335041
2514909
617825
3907199
2813275
1962756
2015775
1509460
539909
3975819
2705921
2338623
1412811
2506213
2102289
3754399
1771619
2606880
2359453
3222697
2161929
135177
1690359
2682795
1777468
1631290
2635559
1864795
1503470
4322571
2223057
1690356
4179280
1216208
1205029
2784282
2183893
1321542
2518847
1566017
1419400
1085026
1503657
2651581
683825
3040104
1492991
2073107
1183974
4805054
3608994
1452709
2549327
1483372
2367250
755124
2653571
1220272
2719334
1182191
2313419
797108
1341959
821548
1201899
363633
2857513
398620
1728720
727636
3638000
495899
741853
3180969
1653239
4342484
2053094
2455742
2382377
2495917
828806
2061192
3060298
830322
2719283
1631028
3086756
2618934
2396159
753014
1058995
194854
144028
989228
1662871
2934245
3230041
771496
1494341
1385398
1069224
2054557
3010348
4676268
1148905
854824
3143835
1701404
2378096
153484
2088272
569097
1785750
3973057
1602803
848161
2640274
2655469
820481
1456309
1790755
3320181
1474946
2514910
855536
4253394
231825
574187
1648505
1894345
1843481
2224379
1712377
4804608
1508978
4445139
1098282
1187302
2436986
1607978
2652498
1955829
2041972
4045755
1770619
262302
1493052
657054
2255709
848084
4948361
2507884
1093704
1227359
2563333
3083774
522992
3513222
1897577
1316417
2328043
2046351
139446
2941257
1626530
2290441
1109797
1440742
1294882
2197185
1578009
2504695
3819028
2941529
1365772
1500645
1652205
2824352
4889050
1363245
2887794
2341601
1911665
36736
1634421
1186227
1065821
1284002
1093661
2747162
4533959
2017799
855724
983680
3367978
1655332
1552342
653816
3688602
1594851
4284969
2746036
2014039
1263789
2601148
2089376
797290
422328
1618799
799401
1360265
2379656
3920486
3045747
4644171
1454087
2556724
2494513
4807907
917061
4884314
1587569
1074806
2679998
2328042
1614477
3340069
1768240
399221
2256206
2784168
2129143
2281075
2917552
789668
179758
1034482
146105
1078177
2983686
2560356
3256129
775806
3606982
2880178
1114721
2719327
3239890
2336319
4355992
185842
926644
1637003
4061366
1905293
3648051
3248934
1003011
4200508
2360394
3330967
2598720
1524357
2545234
1373950
1632673
4415614
3460899
1590446
2315135
2233987
1122238
1397951
2150733
4960497
890190
2908653
3242265
1976027
70213
2941504
5064281
1290536
3890826
4423303
4353816
1160278
1940432
2054768
756448
1351585
1704984
2654506
1139440
1330114
4977898
4286980
2657705
116006
4339203
3768942
1899581
4321079
1605955
1793422
857353
4215277
1778108
3414730
1667803
2288297
795096
1468473
1977951
2023961
2570115
1811389
4233872
3754802
1517820
3784101
87730
166350
1541384
2035761
1283136
1979601
4081856
1626314
1512691
2689460
1358921
3257370
1681634
1655730
1557461
819082
999064
1410860
326864
3697747
4454372
4243838
533775
919772
2053123
1935596
2309694
1294884
215906
1085207
2321933
1454085
2625308
1963977
3204575
1817548
3238282
1451867
2861729
994038
2137165
3128358
3292028
2332429
1693956
3098371
2643109
1121909
539036
431749
1506912
385544
1618546
1033002
1679794
1962161
1076706
224132
1068383
3435831
4321000
1636508
1675842
430371
4663291
3798091
1530938
2070409
1220396
662294
1668496
2067983
2369567
2788418
1209163
1980287
2746343
1865037
2631202
1576395
820733
3144430
3533276
1401283
1736333
1602921
819500
2059943
1512820
4432931
2562794
2742185
1236211
2065883
1961106
1940188
3379344
2681313
2655718
2202862
817174
2196289
1702186
2014469
1674897
507099
2271162
1612129
3216084
2925833
3440632
2673634
1866555
3718868
1040647
2134823
820737
2961339
1434351
2718124
3877128
2055688
1537816
4491365
3002566
3526953
2266094
2207749
3423826
948032
3906726
3014448
1670139
2418108
2560355
1262049
145669
1977469
1483766
3049079
3347941
2684084
1830206
1678753
2874408
2075777
381928
1444745
1193307
164266
2083422
2596971
1165105
3952829
3684331
1619338
1994599
2301163
2968055
2613332
4974647
435350
1182462
1321823
3161211
3117154
1079089
1675832
1476582
1911588
2899404
3036790
3229091
2036061
4785731
3755316
1217097
2152153
3843161
1301466
1900116
2899187
1501410
766891
1966951
237576
2211017
3235391
1461560
2931366
2980379
2113285
2284727
2660053
3874766
4368642
1082510
1813910
3910177
3520087
1766965
3990587
1564607
1936561
198428
1746432
1863868
206567
3183305
3265963
4925296
2200809
120080
1674629
1820550
1826135
4240473
1406267
2038915
320127
4273032
2848842
2442129
541673
1857003
2981393
3241746
1840736
1828342
3283681
367175
3685511
1574314
2267564
1537198
1312156
4085011
3186728
1972913
1071416
865102
4233870
3022592
3381137
1548125
1724319
2933892
1374031
2590943
282251
3086755
4420852
3933954
4822475
1573638
1572870
2054191
4420855
1023355
3285041
2635981
1697645
1724600
1640362
1245344
1391631
933228
1264972
3071701
2177707
722844
2471823
2022876
3907769
2733839
328472
3048516
2857447
72469
1462875
1396342
4501163
1675839
2234734
4803756
120918
2226504
1208919
1715000
1500990
910009
1594853
2833708
2022204
959272
1595256
2699262
4446270
2311802
2607286
1962945
2289083
3459056
3461183
4274766
1100082
2357714
3844705
3822820
905745
2231702
3076004
789752
2195883
1201636
1765284
1891376
1608414
1836773
1294402
1169773
2310343
1594726
1481624
1262832
1575142
3120772
1483687
1406011
1353936
1444374
307420
1795090
1674513
3455547
641441
3922646
2420700
800947
2145649
1542024
3702327
855938
1303587
4897326
24745
2640648
1385964
4074059
1603376
1988753
2686903
194953
1046013
3887471
286615
787430
933875
949433
1384279
531100
1067859
1853800
538214
4079771
727637
2245772
446256
3963168
1668840
2040486
3533283
3179921
968742
3440631
1281115
2007304
2327132
1675838
4011663
4193449
4760009
3153084
1530374
1218337
1555610
1354842
1623093
3499973
701254
1414507
3120531
1233423
104842
943399
2134895
2809862
1238045
2198640
1398110
1982162
1733039
1516650
1762724
1720948
2149558
2155904
140897
1040044
757823
1556692
1080850
1348658
853412
3371443
1838427
773195
2221441
39076
2156070
769590
790048
4074787
4256235
1652163
4644086
274033
2458212
4392960
2279004
1620698
1806531
1773876
2013879
2070598
2589557
998730
1121687
3353007
1733441
2368500
1714827
4881714
1775394
2266550
3531367
1414456
3775888
768781
128780
722878
462678
2077521
1102400
1263997
877899
1406708
3071477
1701892
135370
875926
2824039
1187506
131564
4309247
2233984
2179472
1484989
3143411
1706011
4032179
2082447
1314404
2338753
1845341
1850300
1813622
2779001
369981
927842
1696257
2624908
3534950
4030818
1250652
792712
632523
1626300
2983190
2543190
2939447
2104765
380029
2242173
1697722
2445664
1594856
3897729
711921
1576304
2329587
280632
3991106
2666335
4159311
1459311
1558872
2423226
1914037
1313635
4060807
3056979
4180832
4528039
1260329
4817853
556324
1806154
1253252
1676851
1858669
3382077
540798
3190378
434189
95954
1844021
4442826
1257134
726336
3645482
1168807
1625960
2273031
2037594
4390052
1216247
1075593
3330445
1960451
1573280
1398123
1513230
2735647
3234400
161787
792989
651552
1513623
2613064
1071424
1949196
2986935
3572698
3407366
4244902
1116570
2989003
1694395
2278232
2026924
1517653
1180702
4754261
799600
1125647
4052453
1400687
1370207
2871490
441920
4062958
1566967
2916573
1514465
2234162
858798
1596114
1129261
2269122
4315762
1074246
2040715
4785730
972457
407788
3901957
984660
1403907
824970
217253
797292
1259155
1541288
1188172
1518059
3622848
1783010
2067859
1396152
1728216
3325194
2680273
2629595
3890723
1643380
3822821
365637
1183577
1698275
1516896
2486382
2051592
744040
1828249
3685062
820944
1710845
1696695
1233157
2471454
4183351
1864175
1222063
2654645
4691520
2025938
2805961
2176819
217651
2673768
1465147
668301
1290691
1643386
3751460
3958204
4123082
1353480
1384740
4146523
1688154
1367861
1700901
1246449
1864216
1736572
1492621
2724375
2058833
1573324
5062269
1843565
4274701
2168248
999720
1119965
2925905
1707404
1141858
3022593
4881677
1219705
475805
695580
2163092
1319682
2410264
2906211
169450
1594009
1526792
3765185
3535897
1354636
60941
1663107
1156405
931126
2541434
2161036
2708997
1563654
4754924
3248781
760488
1568319
2241138
1582897
2074728
358362
3242443
1419243
4456693
1405185
1838381
2792373
1234400
2152166
3370546
935455
2792784
3736421
1870441
486513
3992108
2600081
1114426
676109
3910493
1984886
3006997
2822668
1892320
1897317
1138260
4044886
248991
2205154
1416839
2312243
3087309
3917456
1597253
1095288
1298486
2245768
803402
1295867
1309290
1342357
2022237
728870
519080
1530672
3444989
957792
1208710
3008141
1126445
2221938
626475
1377271
2973666
3322444
1110320
2775397
1926750
777074
4892836
1915983
1450027
1927665
2971241
1509549
1761722
1029719
4164086
1909553
1411709
2096523
1757109
2084862
1626718
2604607
3395419
1675840
1589183
2452860
222278
1426038
4402630
1064998
248747
4584582
2446142
1539450
3973326
1613091
1986845
241578
1372142
440787
431512
4962657
1127622
2173373
959119
3854814
325180
1059197
1428633
909244
2142744
3206237
4156137
1934828
759638
109852
1559838
892780
1432783
1832351
1623092
131891
3582103
1639736
1033154
1440743
1305272
1488838
881417
2712463
1602863
2036650
104945
3447758
3666700
4622476
1685252
3873445
2149819
2566056
1830502
4478118
1466728
1775314
1669955
2580634
1239859
1187352
3879204
1980295
1294632
1701775
2330574
1828343
1374019
1505568
1528889
2271121
462700
4986548
5073932
1805627
4897331
1211828
1709151
1605598
2378291
4078148
1530587
1763965
4184255
4525748
2985865
4499470
2801378
4695360
1875444
2519700
1183811
1693573
667730
2109130
781124
4389357
336229
766292
4764552
3419879
3617433
541990
794779
1155547
880761
4576496
40017
1643862
3163036
148083
595161
1530270
1264763
2028483
2184125
2285947
3399783
1536685
2792231
3216130
737100
1551175
3262310
2113861
1821814
1881884
172617
1097294
1852605
1074427
4546446
1806803
1278814
381251
1547489
776594
1677854
2799043
1210660
2012009
558765
1043089
3617984
1296610
44526
1579823
1818788
3740762
4414654
2271666
1543094
1028733
1437586
3160790
1785659
1786515
1865385
2862298
726381
2595817
4673320
1252022
4052088
1593361
4349303
3655786
879062
4200553
2840229
2650657
1454948
4886650
3851585
1602967
141669
1290690
943270
3168036
2063643
1649063
114635
1863918
1540283
3159015
846012
1361762
131286
152819
1489207
2336814
1894415
2722655
1547955
4164087
1016116
2133966
883670
3272031
892298
1923476
107875
1583483
1125642
2262286
1897898
1255789
2483305
1163521
1624388
4218569
1603128
1914365
2640890
3231554
4457596
690778
1486738
793107
3278687
893365
645436
2454772
980927
1284947
1267491
1231072
3841003
951053
1092646
274391
1288860
2326006
1258557
4756866
1579923
2042329
1925633
2742186
1429457
2495113
1990062
1509693
1617047
3081546
1243079
2613169
1015266
1773386
1268973
3639467
4244903
1032348
301176
1759171
3298591
1448070
1675834
2923999
2364768
1343515
558277
3205217
2921554
1621175
1220839
2129181
4319277
1756905
1365911
1431005
2085694
1615500
1993436
1307142
674349
1375187
1656874
371490
2960557
2108468
2033132
4417025
954692
1297882
2021776
2337307
1571231
930203
4282921
2154807
4284814
3943575
26191
1636811
2901058
1786254
1589834
1882588
2625175
1468910
678106
1265800
1530410
3287656
281069
1425091
4867937
339959
1527960
2468315
1607736
837694
2260036
1927666
4943538
4014722
2223705
1782389
3751243
307618
252263
2105996
1907246
1128452
250660
1020458
446612
45211
2354779
879617
1618411
3191492
786108
2250833
2759110
510510
1819777
1614054
1033739
1697646
3102511
1917157
2521314
1968283
1617365
155049
1501582
284598
451612
4392338
1602030
1158040
1627103
1228840
3535523
4568553
2470712
2842056
3443974
1583947
1512179
738231
4235140
1639936
1860938
935885
4864411
1743616
1539202
4265109
2372056
1649990
3864489
1733519
2254470
2466705
834587
3119507
804714
804801
4863019
1863462
1347457
1943551
242822
1758310
1544689
3990084
2505989
653489
1563136
2940540
2352892
3381891
1113246
228919
1400912
4149557
3351879
1405980
1017976
2316225
2623967
1558238
1094551
973208
2836542
1536688
791390
60276
4813225
1417132
3955064
1272209
1493531
3208604
4142758
1555808
1112194
437139
1735472
1621867
1556636
3799924
681786
4610836
3282697
1781731
2530869
1498150
2182173
581931
1782215
2260816
684970
3868452
1406907
154311
1794350
1008998
2658469
1362335
1218888
1649528
5063849
1573762
1482959
1820714
3744296
3241762
1161447
34211
3781526
2071740
1465531
2625250
1683664
1905396
4405929
875149
1689015
4920178
1060568
3418835
1092970
692031
1468970
1381991
4346409
1041036
1659100
943328
2942250
4863233
3755021
1161448
1464219
2918249
83814
1552952
1601126
1630565
2161305
2479479
3629575
1831051
4341639
2921883
1625592
1289863
3236428
958098
3172679
1872563
2887070
3913378
775522
1435459
402031
1862525
1752313
1491270
731320
1883952
1100071
1557370
1053843
949888
1608832
1496486
823197
1412291
3136646
4421400
297663
2177011
1370029
272815
1691982
1654883
3603437
3975818
1289606
2523668
283509
3029278
57380
2104361
1457177
831241
398882
3929365
3385682
42037
431147
1762730
4567617
2916575
4484078
1696765
791809
2320220
1229110
65405
3004748
1256662
196977
1863931
1642169
53650
2901507
3471853
1106611
1720983
806856
1580093
993270
2519013
1514253
1110532
479354
1667878
470360
1400403
175666
713935
180194
2856411
1299008
4598395
2637029
3666686
1329592
1991136
3674037
1524104
1343517
4029717
1242897
514515
1385215
1114962
2329582
2902384
1628302
105950
1795143
1056709
406970
3583984
1609602
2330808
1631647
62759
1857880
2217638
1204537
308009
779950
855113
128718
1458569
852695
1157993
1618205
1738136
4510857
2617231
1474944
1248136
1229107
2678563
132623
2269684
1264070
1601132
1343703
1656727
334576
994495
2750925
4327325
1897316
3684868
1086057
26726
3486223
1174603
143853
1119026
3934310
495538
1576397
36658
1419398
1541292
1634887
5063067
1924570
1102145
3415731
457257
1577009
799236
1686499
2340905
254656
1947059
1551121
4723710
4276045
1480196
4682959
1674139
290305
2672300
1253664
603797
158587
1425092
2123262
4472564
871844
1809232
1264192
1386426
2162848
1365161
1070639
798932
3865913
1702581
3257640
214735
1425095
1108753
1687641
1390195
1533233
1472242
2278930
1018937
2835277
1868567
797329
31258
1193128
1253987
762573
65312
816627
1694738
1694582
2124668
1726326
976008
1543215
381500
1065884
1655643
1520964
1776723
790218
1445260
193532
1679789
2779005
4499813
813772
1106776
1475945
1825814
3100786
4584581
1591616
397535
801054
452186
1967216
1570479
1718672
3209907
831035
1754266
1109513
116289
2979891
3870421
2048026
386781
1656870
3346789
125702
4834157
1399255
1437762
2376713
3606794
4392955
4221918
1414400
1603081
1826966
3026248
950679
1411984
1587059
1424660
1180926
2397750
1270997
1403948
1711221
1428990
3569579
2745957
1988066
151588
1776976
1730657
3023414
4241004
2554582
2556993
1814107
1473302
1148383
1480798
1515071
398812
1442920
1462837
2410949
1286726
2191234
1633532
1394628
2596611
663881
4944611
1696042
1008503
1462917
1574312
1632332
1760974
3551777
176280
3455732
745308
1430193
112583
1355964
943246
1367259
1139717
719051
1257217
2517107
1250898
721922
4818953
983692
1366207
1710692
1256532
1415168
1245003
1425727
1610994
376997
4349848
53849
3333793
1104572
1779838
3409827
1018247
2388647
1120184
1480366
4645912
152815
21010
741572
2249551
1512180
4804625
2333176
904715
2457519
1480265
1557219
371491
3555094
1361581
557963
4496807
871027
1281645
1273760
2677188
1208664
716269
986042
3588223
684221
2283327
1003915
2431627
1802637
1381994
2165744
1950559
1019544
522936
1540790
1906336
3680721
1559384
1541853
2221440
1301043
1684963
1710849
1270965
1509996
4322847
1343878
1180151
1762727
3377513
1450274
3046747
1180753
3907939
1514712
1474947
1441943
1856888
1148238
1219509
2724213
3352759
1515526
3964749
1373371
1316758
1819160
1483099
1350353
2733296
3205646
4124380
287175
1300972
1158221
152826
4395875
523139
756205
2660646
1415575
4658024
1593545
1153238
1758437
180901
1008232
1944778
35449
2287350
1089798
1053519
4111026
829944
1447383
696548
739212
3524138
596015
1501236
1492654
1659929
94994
392231
1283624
2281165
725061
1420861
1610022
1609668
1317713
3745820
4165657
1640342
915210
208935
1272842
847659
300689
1256708
984498
968220
857532
40034
3632385
609129
1578185
1465375
1546425
1304814
722238
1409266
3634733
1681026
4572146
994480
2781369
659439
1754868
187574
1385399
1517345
1501843
2450028
557781
1401477
1762729
1121834
960304
2266557
4535288
1477241
1249100
930497
313225
2104881
2093687
1740993
1120706
1613232
1962838
1149713
2665029
1594731
1564125
2119075
1018869
1535886
1493901
1627194
2833226
4610090
2047227
3446204
4146524
380353
1507125
438584
4119325
1252651
1216065
2446847
4120379
1464026
1403163
828935
2972848
3758930
1494120
1523371
1256136
850263
1483773
324516
4208733
3119369
3226339
2277236
1209160
1983647
1682946
799400
26431
4785729
2681279
1522181
747240
1421055
745115
2090561
1531315
883235
1074466
1530409
845959
3246722
1660992
1411464
1657612
2963126
4243834
1711307
1255605
814293
1483946
1329774
1933528
1083694
2201971
501894
1978494
1396695
1522760
726191
75
2816117
942060
183364
824390
485109
2809534
502029
1198930
1415170
1444122
3484197
2600169
1691087
1235792
1482039
1562778
48585
33855
879807
4336134
1324387
1255280
2768615
971947
2477122
2937543
1981708
4018770
800535
843989
1712440
4218546
674696
1083220
1486576
1083052
1377588
2863524
4013881
1444156
2245707
1030219
1502635
1032103
1399651
1087428
2553242
1863201
591347
1889174
978213
1103732
3694302
615303
1412370
691384
2855075
1565872
1385780
729743
815857
1209109
2237579
673736
1101627
1567435
2026790
1530642
1260122
1984690
1199852
1464035
1781876
1468670
29995
3963274
1179007
783399
999566
137304
1382561
986837
4598620
3949618
817929
671750
2599504
1414505
1701715
764841
1465099
1474888
3234418
4725386
217607
478437
1262763
448698
1233352
1583135
1580952
819944
752633
1530593
554519
370777
1289183
1563135
1489217
1556971
1865418
3903605
1210038
2176280
827015
234378
1451992
1267078
368552
997650
3218312
1126352
3239382
1646845
1498981
3627294
1519064
366688
807983
1662480
1153255
1686505
4243836
1187674
1399888
1342804
1056907
973744
726335
58970
3907616
492543
2553777
19467
3896623
1142884
48584
1483474
1077369
890826
1382036
431064
2319009
742889
1609590
2869650
3160036
1911334
4218579
100
1463190
794121
1225317
1168340
2754275
833638
1636565
1809677
961907
3547780
1468471
27637
1289657
1625191
3684855
1292113
3228666
1989198
1267468
842512
3942174
1405094
2460779
2963216
2742645
2628955
1752557
502793
1591970
1111047
1361383
1153466
1070793
1516778
3846024
1517482
1515892
3920710
820526
1215199
1883681
1532240
1572367
1354320
1059390
1401010
2986664
1787848
1845585
924759
1209186
893468
3050529
263380
1486203
3992307
1123616
1226524
612705
869310
3684873
783860
1243461
1173001
1230265
1126915
2079347
17780
1481076
3273002
1005398
4335397
1215957
3613647
758579
1013786
1481003
1629195
1580794
927487
1368008
4606740
1839222
1803114
1384738
2636964
2809623
1627982
988181
1319335
3845870
4630822
2746211
1674585
3898078
1665769
3216836
1679782
2184669
3573970
3089375
1374621
3592622
28170
1290916
1467217
4425879
1171239
3625849
2331062
1047919
1414506
473209
3530608
131156
275035
956483
1345237
3995168
2006067
2536179
3802844
434243
3722076
2910723
5615
1413789
2565674
1305841
1341563
1740944
1165781
368945
1302583
1741740
1482543
1541093
83712
2064453
1280280
252238
1026787
1592913
3729719
2124420
1380299
780914
172619
3526113
2360072
492064
3148234
1608726
1255201
2586420
1430468
561335
1274579
1122477
2217836
3057801
3283445
3868453
2675706
1023307
1990855
1911123
1955676
522773
785999
1023507
744675
2705665
515649
2333145
1488259
983896
1646193
2556347
2046445
3944915
1770893
1070687
1604236
2457696
60737
1827879
3981892
1033882
3908001
3205642
2878235
841899
1519863
1968440
3145600
4531245
2227344
2498427
1223916
1180676
1529763
280034
3684884
3753922
292319
4131039
2156325
1461270
1551874
1257580
1791888
44406
262989
2659837
3028781
2328433
1257663
1859223
1752556
2250214
2632763
4682215
1385779
710727
1520281
2769032
1480920
1346404
1157344
4017088
1945547
655679
820531
764082
1716714
1906615
2897463
1768093
4403165
1142190
4284414
5035509
1399834
888621
2352372
146957
2746210
1228311
2560657
1840640
3767017
50712
1592914
2124067
1116977
850854
4415584
1183809
1796454
929999
3619274
3340195
4785728
4218580
372011
3869950
1137172
251757
1665638
1634984
2088253
3889992
4322543
724832
1350200
323907
2651838
4409281
2017880
1025919
1451703
279179
3578634
2932798
1014943
1593723
1960286
663725
1602890
1952151
1432727
1927990
3768762
2144017
1494301
2719372
1809151
239058
1899624
1544643
1511771
1816571
1609741
3967023
1491660
1657931
986943
366689
4216196
4433942
3933105
3802323
3869560
4620964
3684891
966160
2201307
1492356
2512990
314140
47359
1643106
3476632
1492031
1988906
2753127
1574313
1502698
2134194
736215
2590221
2642164
3946691
1186951
252262
26139
2116146
1583228
1732802
4093245
372079
259
1844239
3397669
3078717
1186685
366687
1845114
2668755
2135493
2164332
3499015
3500105
1398809
3064687
1609772
1713094
1469353
1636879
1219210
2485993
2813660
1286241
3980676
544419
2084545
1060576
4168135
2223077
1371397
1888862
415479
27737
1909554
3488458
1979409
1774124
1076862
2094986
3238236
593825
756423
3880714
1291267
2321562
741477
1124313
1892253
1347794
3018621
1631588
4001404
404663
1802225
1271476
924414
3912664
2117909
1231400
741870
4424858
4189842
917062
3578631
4274637
1826476
2004828
3345195
2002322
2004892
4605491
433005
2708985
547598
4243842
965549
2127114
4792994
2521259
1572100
1496766
1075797
483164
4713808
1397854
1279490
1041682
1408449
2296588
2132775
3802734
1804553
1309336
3275914
3567527
1502221
1540892
1042089
2282368
2106640
2021287
479812
2652057
4648374
1158474
3093269
3834561
897024
2458536
1615502
1114132
841140
1935845
2240526
2185224
106965
1629635
4786970
1956842
1696166
4783765
2061247
2182766
1298998
1884654
1275831
2132119
Total scores: 4897
Average score: 244081.76
SSH: 423, SH: 1220, SS: 12, S: 123, A: 2946, B: 112, C: 34, D: 27
