1816243
1919312
1860433
1969946
1872396
2034654
2041050
2069841
795627
2469345
2058788
1010596
1571309
1537817
2034429
1918978
1080094
1828400
1746492
1861487
467689
806325
1579673
1097543
1895602
804164
1838426
1848803
1955170
1895606
1157868
696225
3665005
1083470
2037502
1893432
816600
657917
1701404
1630299
1062394
1857519
2713369
1053520
774965
1172819
1892257
1720423
2444148
1808605
894090
969681
794670
1400414
3756074
2241580
1113332
902259
736729
2505956
1695382
858271
1988753
1943046
2813781
953586
790048
848345
791274
4443814
1241370
952515
603797
2404778
1046339
1571448
1028733
1187302
1100327
1642274
3954641
2485259
865344
1843589
1474956
1843593
1893461
3648544
864446
2044362
1659421
1949106
808848
1556336
979805
1869933
129891
949011
1849273
1307291
2397136
1570203
1092090
897571
812590
658127
795810
722844
1630100
1569904
1174467
1029307
651744
3030240
4384687
987133
3010986
1911308
2176046
380646
724015
1749322
1612453
2603107
839947
878721
2025942
1402392
902888
927781
977770
1091249
1262433
1860169
895330
1893431
1401254
880321
831241
1610745
2288582
646713
828806
252238
807074
1008998
735833
638493
1385398
1918979
1743778
422328
869222
1843653
1512820
2222880
1700275
594963
1006822
1246395
514516
4048208
1702172
633993
764082
1047758
1095854
683409
4638742
1046830
47152
1537566
1141858
1454845
1419243
988726
764441
1838427
1474946
1986070
2097992
894744
742975
1360672
869197
2467121
1514898
581141
1030374
1895604
876708
2995539
1385396
1619564
1032126
1612454
1690221
780914
221950
524417
2064221
814293
555797
1034482
677938
203906
221777
2602090
4640775
890190
1115737
1014415
915154
974662
626245
1262832
2898085
789765
901854
1468467
49610
737100
1489207
1702903
680902
1018019
1083052
2139094
1219148
93842
660593
2067473
776951
1944926
1720903
104229
1294935
446256
1451282
1220839
889327
1222421
1211828
550235
2044366
926644
1843595
453042
2898086
2097426
787430
1774124
1291657
667730
958093
2778643
1059388
4368580
1201636
3011287
970048
1524103
2241579
738980
2047227
4708805
983410
235880
1651290
917061
1029562
1911665
1185036
1264972
930307
820619
161787
1102144
1001682
433005
114635
889177
407788
1351114
1226524
1269453
848159
1902624
781124
1199955
1169701
1697722
1764213
1073279
690778
4368093
1263997
999944
150621
698529
1025946
728186
784369
759638
1025588
1627148
1706834
1899511
807219
2496318
1655981
1403240
1114721
1649842
1169773
312770
1644535
2069999
929905
4368595
1243117
1044728
631859
326864
815857
665787
4368596
1278814
3257369
999720
1163521
1294402
4786514
962194
827803
948153
145563
406970
1634984
1119026
115891
1344602
1480798
158587
2281045
131564
386140
2147636
2719462
2267564
285708
820004
948490
106965
402031
614323
229662
1289675
379038
1420671
839569
151588
2128030
834354
281632
4368642
816327
704360
277848
960875
129080
138552
133938
1180209
878369
3206402
733943
4393036
983680
1018869
932223
736215
983692
1031991
125702
966243
1385399
177162
1746902
1591935
726381
902996
858241
1103732
978026
1559974
3544530
2229508
989244
1059390
2211017
161902
969651
1401283
720314
4393066
1040647
1385397
1805627
722235
1269345
1610746
1541347
1069608
1462224
655679
1807541
1180151
828242
118068
929999
1468473
1180037
559673
1715917
1296370
968742
1071416
1566024
1709121
1033882
1816571
3997772
648081
771495
1468472
378126
1261879
1021579
3337690
794378
915210
942356
623699
722238
1056202
745360
4669413
1464026
276451
1787848
1514256
2269544
914220
1181061
1314987
1269264
707187
1961300
3301849
131891
1302583
1826438
1399651
1529763
462736
1125406
3206007
3912664
718156
1077686
1579923
48874
1941208
1210660
1495848
3591213
792989
1827324
1162425
794482
2058789
1257298
2573493
1095855
2200805
3592622
1768802
529285
1529761
2589292
2101630
172614
2628955
1354319
978213
2202603
905745
1529756
2479479
1563135
954254
2046445
1134237
1226609
1286241
786680
1186901
1118614
1679789
1124313
917062
58064
342075
479812
1138154
2296022
1396915
924759
1163937
734434
1681634
1636879
1870068
862088
1353480
2731312
1451703
2753891
1126228
663725
2781571
544419
4227679
680689
1161457
Total scores: 536
Average score: 286761.29
SSH: 11, SH: 93, SS: 1, S: 7, A: 349, B: 65, C: 8, D: 2
