2403677
2257346
915210
2689931
2775397
2176404
1083470
3849847
2898419
2321562
2301351
2737141
2318117
2843965
2510998
2187211
3135149
2624331
1366917
1350927
4176938
3284709
1849580
3802844
2267564
3149030
1582287
2201145
1935845
1816243
2633231
1711307
3773772
3313127
3093271
2365752
2599450
1838426
2078195
1630164
2240526
2660294
1860169
2319171
2469345
1990718
988726
2573914
2735748
3122902
1199955
1148905
3057790
2470194
3093269
2049467
1737326
1920872
1842675
2546607
2753891
1076862
1655981
2863658
2603845
869222
1013839
2684033
2799357
3517482
1580084
2046445
1714882
1719416
2731892
2323911
2331962
2088427
3582938
2750832
1046841
2659368
2839813
1919312
2034654
1399651
3220698
1435459
1150868
2743756
2986935
978213
2335100
2173926
2914646
2331169
1125406
1270000
2995944
2410948
2069841
2274874
887059
1861487
2615210
2639644
1811722
1241370
2628691
2269544
2064453
2631078
2659724
2236622
1828346
3012582
2278930
1829131
2628955
933875
2315558
1936713
4028364
1656727
1129193
2506240
1701404
2069999
2484994
2657557
1895605
2322888
2059822
3220659
3586535
1754777
3438148
917129
1690353
1872396
1860991
3623693
2079597
2962915
1690355
1918978
1860433
2404778
2958102
1125665
1805627
2361328
2486881
2437233
1736571
2933746
3365585
3284710
2410945
926644
2785254
3034593
3040755
1890412
2035291
1826438
1563000
960875
2660646
1742937
2559938
1776723
2535899
1816571
2241580
2512396
1593724
2018512
1701940
1813521
2589292
2128030
1802736
2058087
3707958
2458202
1737899
2492632
2562794
2460779
1494828
2185824
1886512
3680348
769590
1836593
2058788
2564014
1344602
3054701
899732
3273140
1385398
3042803
1951188
2629595
1969946
2574259
2084862
839627
2882253
3037642
1758255
3071981
2448565
1911308
2396057
2281078
1811389
1844239
3899964
3145600
2208944
1681360
1746902
3093274
4027058
2297417
1738018
2020385
1770368
2129143
1274573
4059970
1782046
1892257
3040104
3119369
2590119
820481
2444148
2906051
2686032
2759787
2094965
1456499
1984889
2245774
1911574
617825
1315479
1843481
2097898
1895604
1492911
2729594
1695382
1923214
2797470
1111047
658127
924759
1041727
1709022
1432041
2931366
2096102
4047804
1626537
2201460
1324042
2599514
2556724
2280910
1955170
1075797
1377588
3637802
4131123
2581812
3159026
2505956
2249387
3772513
3388689
795627
917062
2282512
862088
2565674
1570203
2066867
1849433
1706278
3227871
2241579
2237466
2495251
3551777
4246671
2041871
2048191
2033294
1118297
1353480
3533482
1159687
1183255
4029403
2158670
1828400
1524183
974662
2503284
773238
2703055
2836542
1828342
900957
1702903
1736333
1895602
1075001
1849273
2295882
1500645
2185148
1901940
1961300
2196278
927754
1895606
2040582
1730357
3708195
761379
3707952
1029562
1255288
2665294
3745820
1869933
1124268
1892340
3637960
644971
3081825
1807642
2918482
1816073
1911572
958038
2189687
2077126
774965
1973361
1895603
1968283
3926086
2555112
948540
745360
338682
2306594
2933707
3604997
1630299
2022204
2536179
1850409
1770623
1076701
878369
674324
2791233
1632339
3078717
1770893
879062
4001454
2330482
817929
2485595
3333255
1537817
1793625
1126915
2202603
2452860
1983406
2397136
2796473
602917
1783010
1763013
1476606
3543942
3767017
1108593
1649842
2044362
1619555
2234808
3908671
2075704
1160996
776951
1732802
2201576
887058
1302583
2246465
2216530
2530755
2229349
2103968
833605
1319547
2116237
1643270
2200171
689290
2041050
2057577
672100
1603635
1843653
1893432
2081844
2044364
2674297
2164274
812590
1907933
1611606
761641
1220272
836339
2964230
2149814
1587703
3040791
1642274
894090
1580814
1743999
1981688
1582824
1554312
2203622
1040115
3846505
827317
821785
2781369
1742483
1317713
1893461
2514739
888015
427090
2842174
2658147
2324435
2813660
509510
1474795
1895860
1635388
2168419
924337
3379344
2848842
1818428
1579673
1971822
2103969
480599
795096
1046339
1955242
970331
1572868
2118444
1649064
1621068
2596015
1666552
1545707
1636195
4090663
994495
1300151
1625960
1983456
1353828
2796126
2380030
2208947
860022
1736332
2131333
2025942
1917082
2609731
1524104
2237357
1484776
2553777
462736
308917
2149819
1963713
2354378
1762431
1120682
1729283
1565265
592367
2133576
969681
1668949
392220
3566847
412057
1431582
1059197
3283445
3950769
3301339
2122460
2883760
1571309
2266572
1627157
1729116
1370029
2199470
2622787
1872564
1839222
4085207
1978494
1730889
1927720
4001494
1946834
1862525
1848732
1913603
1906278
2457197
1532240
2173398
2599455
1623285
1582674
1419243
1611251
760466
2812094
710881
3048043
1865418
3246922
1862062
657916
1734750
3497649
1788628
1234535
1764412
4272569
1295849
1294884
2518847
2703519
1588910
986837
1354778
2399767
1640362
1062394
1836484
917369
1082260
3290202
2168434
3890723
1110199
2014389
1165105
3688968
1092582
1183256
1695991
2773398
2404675
1532896
2747080
785097
1843589
3607872
2961551
1610745
1969253
2328680
2180369
2332178
1352342
1010596
2367340
1809691
1494944
1405991
364532
957468
1428482
945686
1579854
1264831
827488
2966215
1876015
1989857
2149823
1425809
919468
2285354
1780800
1787941
2019360
3377474
2061232
4059151
4020053
1520549
2480904
1258579
2268730
1926553
2112898
1672204
2058789
839947
2577747
2439848
2097992
4001453
2443190
877498
1710712
2453247
1847043
2053094
1931083
2318901
1307320
2398423
2069933
2627968
1808605
1783947
1113332
1023086
2059892
1019809
858271
1210660
2860521
1515089
2203212
2044366
2640882
1819898
35015
2083422
1519160
2962941
1810150
2388297
959426
1843610
2035949
1451620
2102287
1619564
4412268
1956122
2682332
1796418
1644737
2022202
1882794
1508874
1762429
1973410
3685574
2060305
3513159
1354657
1918015
2250398
2887317
2590221
561335
1852797
2696829
3718868
1857519
2245707
118068
221777
945157
1859841
1892253
2149821
1630100
2117268
1952037
2046298
1257723
1578505
1988753
1754266
2530810
1837093
2755564
1927665
1708070
1827558
2553242
3285233
1056202
1799497
2091238
3526953
3107506
1500991
1743930
2164997
2889169
1790044
883953
2574880
3614514
1219647
1972601
1700275
803964
1790104
2486606
1391815
1297789
1690359
1820817
2554676
3551877
696225
983680
1554693
2709018
1893013
1899511
2026320
711209
1372542
1288341
782160
1714637
1500058
3964630
3020314
893696
1827323
1599266
1885374
1410548
1706834
1427476
1855801
3073983
889729
1125642
1634526
652234
1864795
1561529
1491744
1996837
1668840
1675844
2178087
1306992
1100405
2935168
2479479
1354990
1345676
1742753
1925194
2395941
1649062
457061
462678
1970600
1192232
1791086
783860
1402392
1661486
1253986
1650477
1400414
1610730
2149822
879061
1282279
2835408
1166813
3098371
736215
797993
1030303
2085794
1086956
1330055
1872989
1612454
3349095
2223047
1501472
4090665
2610170
1902818
512000
1473301
454449
1848589
725198
1990449
790355
820483
1385397
1936782
1791339
2274905
2033584
1056907
797288
1591616
1912276
1828343
1962198
1474611
1219705
1017976
2941385
1632327
2201718
1681634
71080
2341682
1569153
655679
3572698
1444591
3845952
3082337
1954612
1610189
1231616
2989057
1654383
1995061
1419400
1517511
3650854
422328
2943877
1851537
4341640
2023927
2304622
467689
1130622
1911078
2156318
2141415
1454948
2233802
1429457
3963274
2011566
683970
2514909
1438917
347360
1476582
1820920
996708
1749322
1454845
1911588
1608414
3459056
485109
1993380
1705675
1556336
1898518
2037316
1897577
1034482
2039590
2587226
2360072
1706210
887145
2802630
1890972
3340195
1721284
2621030
856743
1898522
1677737
1750460
1115737
1656971
1750684
786980
1642169
2463764
996054
1582471
1679799
3082601
2151552
1325741
1823389
1728493
1065689
2090815
814293
1584957
1843591
1047758
2153914
932141
1773002
1673021
1653145
1870551
994934
1512177
3218863
2061194
2677019
818304
2434035
3019857
2351094
1097182
999720
1508668
1413257
1271007
3530608
2163092
2796831
1949535
1450423
3520087
206567
1301498
718156
1831083
1756897
2112902
1398110
1637380
1803069
1983405
693195
1961271
3338304
1715166
1828339
2585550
1595191
2639521
1576449
1099554
1597640
1601798
1008232
260838
314496
840538
539909
2226722
973438
1519861
2906357
2095299
1259155
2059888
1459091
1299791
1495848
2174965
1294709
1941064
1686044
1962374
1302559
1618980
1843608
1139535
3755316
3047709
3155137
1156747
1797692
915675
333074
1603084
2729836
1592165
1683433
2182093
977982
2205127
1720903
1988963
2162263
1204537
2089680
991015
1979226
2132924
1257580
733943
1570142
925540
3237678
3582418
2004346
1104409
1932649
529432
1989448
2426389
1814503
3791668
2839767
1930636
1885397
3617433
1659075
412288
1856332
2393325
2142341
1128220
1588369
1509590
1396342
1166448
1893431
1181761
843155
555797
1973474
2843788
1804342
1003565
2737173
1632673
699391
788662
1871842
1406448
1593061
1385532
2246659
594963
1511724
2054557
1839666
1031597
754084
2255738
496762
3946759
1730658
1600415
861415
980431
2338610
591347
2875017
1740993
2642164
2819736
785869
2863524
2820474
1801652
1434723
1741062
1281383
978965
821086
1888614
1174467
1699348
1969009
434189
1640908
3350992
1297787
1955867
1194953
1219310
1241418
3076004
2709014
2482032
1474956
1455515
948490
830322
1106276
1848015
1613615
134334
1696136
1947084
978026
1014371
2235465
2021776
534946
1520416
1110532
2093823
1919304
339795
1028733
2490307
590695
1529799
1742484
1620144
1399911
1783013
1913601
1303844
3466809
1032126
1415946
1537816
2131813
1702186
1897567
1679667
985141
2948501
974378
2039589
1118296
1733018
1761422
2495789
2259381
3275914
3089375
2960557
1034534
1721450
1688332
2085694
1687640
1228840
870707
2112907
1682830
2088231
1706309
1524241
918391
1024212
1923476
2240404
1816113
1678041
1186227
2025205
2118440
1993418
1124153
1654062
2098897
1100939
1514898
1949196
599487
1873866
1538271
1796164
1669839
1609253
1647660
2019213
1563135
2786063
2968055
1956919
1431824
1672490
2012300
495899
1146443
1566017
3309764
222278
1822108
1985668
1836773
2554582
1485025
458582
1262832
2018048
1268518
1785750
286615
1702172
921821
1927990
2906054
1705869
1365772
2269122
2099714
2338619
2654506
1263789
2058288
1409923
1003944
2151745
1454085
1046830
2960101
4059162
1426307
2942697
2483555
1623025
2025938
1066244
1709627
638493
1927666
128872
1591554
1131410
2275756
890190
1219991
1073924
1526598
1573242
2031162
3513222
1641833
2950196
181253
880321
815984
2022718
1963977
2957971
2112900
4475969
1632983
1660602
1890246
1525311
2270137
2458212
1261280
1431482
2034862
3851147
2087452
1946909
887095
378781
466789
1915983
1671022
1597481
1045304
1962157
1405981
315356
1888862
1245365
1761412
1948524
923279
777074
3646292
969651
3056420
751180
1650077
2059893
910147
2198640
425385
681813
1746618
571981
2804276
1610022
720589
1111760
1636127
1454087
492064
3365768
978877
3269529
384718
1083643
1618544
2679663
2298473
2899551
1474012
1697645
1563453
740692
1008998
2276338
1988279
1616369
1807738
1004922
725718
1658401
1909555
1693956
967248
1897621
1217004
1739893
1042342
2555113
2038750
1530374
1259431
214252
1965307
1078420
1804913
2047674
1493052
1503470
2139724
2015472
2027911
2317735
3276565
1301434
1597247
1307401
2628833
1059292
1392016
1836274
1454987
1551942
1639281
1021579
526757
1649466
2019294
2149812
1619912
1348191
2208950
1107300
1294885
789765
1764213
1942473
853625
1725588
816734
941004
779943
1092280
1843597
1018829
1355829
1611235
881313
2445438
1483687
1807945
1329273
2531164
742549
1369375
756424
1079089
735833
1686086
1665564
1277926
1043094
1429798
1501410
1127744
1714636
1172171
1353259
1260399
1758428
3629575
1124488
1654578
1458529
667730
1806531
1678753
846872
2205657
578769
267773
275225
3321406
1205029
541227
2133744
351993
949102
1372586
1800994
2200809
2289083
1646193
693288
919772
953394
2262523
4529671
1605533
398620
318294
1535180
928868
2679372
462700
1126510
1612453
3204575
1685634
1597765
1086267
1256930
1512691
4074809
1347794
1020162
2841044
1282701
1820968
1897802
1613466
1995244
1671363
1729805
2875003
1228631
1992711
2834725
1294194
1349686
1082444
1983457
1962161
3120531
1408519
1802693
3595879
2064449
1659933
1715312
3290808
2084845
2759110
2285719
1984256
1783011
756448
952515
959233
3646286
2687455
435350
2233808
1162425
688942
1829478
2550203
2011121
1489207
1804553
1114132
1403240
2828542
847314
1838427
2011390
1763062
1810188
1083202
2455671
2253413
1658695
3064371
1777372
2727064
1527960
2468315
1168595
1659553
2017886
788489
817623
808983
842512
2797780
2395150
1077370
3755021
1988748
2787416
843906
1278221
2022237
141669
2059468
2899924
1152014
1345670
465543
792950
1913606
1659165
2188031
784791
816750
3204576
3646290
2708955
2004425
1651155
4029683
1072897
486740
1947968
2078169
2533711
1515407
682074
1025587
1602658
1246968
1514771
1580160
1909552
946773
2274932
1609741
3542365
1717390
1256330
1569904
2340924
1756896
1702581
1121504
1571863
1595777
1712377
1848919
1660078
1720423
1819782
1749466
2624930
1567481
1040946
1578946
1670874
1766232
1602969
1507125
1478355
281390
1861781
3041193
2468866
803197
2897463
682994
1294881
2281045
283722
1794257
1928694
1595256
1476890
318340
1488810
1603621
4029717
1702225
531555
1598723
3320181
1056686
1714634
1975912
2103164
888975
728877
1451703
967401
4017088
3034396
1625916
1913600
1059227
1972842
1915340
2040201
1643862
1348093
867055
2243445
1619338
1212692
1602863
2112906
754991
1699620
841565
1790103
1890494
1574314
1849120
1191921
1584207
724832
2149815
845391
1958644
1086057
1768387
1231400
530250
3158738
1100831
1736329
1215777
1764227
665240
2820225
1983676
3758798
2815870
2243449
1989557
768781
2132775
816327
1488094
1914981
801663
1179007
3843161
2102438
3333706
1930337
857431
2327132
1462834
2902384
2087332
1872553
1027866
1294402
1218838
1023307
1153826
1756932
1955829
2516387
965545
1571516
2064699
47152
1442846
2045979
902888
975963
3996216
1083458
1962758
440394
1332018
2134400
1797628
983102
1005019
1007881
1643106
1580335
1204536
1607736
877655
1401173
2647275
1131424
1158040
727636
1426309
1006762
1686506
1773386
2078863
1800802
1850948
1276770
554392
3976192
2647671
1644000
176960
4193555
1845585
2202862
973901
1534523
1056685
1768837
2179629
2442129
1974409
950866
2021990
1891376
944802
1141084
1457148
1414507
1689162
1977528
2062305
707204
1828556
1596114
673736
216747
2149816
1366188
1454089
1092234
960985
4177434
1897316
2301163
1426308
711604
1431981
2019487
2256387
1255789
677886
1707638
1962522
1084725
899565
404429
992223
1152929
3577374
2870245
1996858
1806961
1547747
850854
4480795
1311564
2275874
2152663
1856299
1809719
2165744
1185276
3350946
1233051
3640197
765018
1735518
2061192
1607332
969686
1831051
1511837
693181
1529763
1675842
1563134
1209109
1701590
248991
2078293
2283348
1158455
1155066
2870806
490438
2836027
1858270
2217658
1902624
131564
3046047
3377513
1787528
761724
1329592
544671
2719283
2201814
1426330
1519863
1011472
2132928
1723144
1603103
1610994
1660686
2777737
1005745
104229
1573659
1492637
1412095
1461701
3104522
332192
1726866
1830502
1763222
704360
1461594
1536493
687089
2870649
3322635
731624
318950
1864175
1312305
547566
3768762
1619453
1840736
2024851
2287350
1749111
1408449
437139
3907830
1163521
1808793
1694583
1881837
885357
691893
2277236
436998
2017799
2107837
687865
684913
638017
2016104
134443
2444943
1730657
1500990
539361
1303897
1590211
415479
2917972
2133514
1796685
2008748
1967680
1187506
1863311
2103728
1581508
1323227
1748667
1730868
1041934
2296588
1938846
1853800
987133
249435
2077119
991059
2016168
2909625
3862357
395233
786021
2073848
296384
2742338
1442631
971947
241739
2037282
3725672
2831036
398618
1613453
1343925
1530797
888014
2599676
1189362
1566064
242822
1879804
1033154
3784569
3569579
772987
1846898
1538480
4205229
1428309
2061428
2006664
1012160
1039165
2900587
95583
1974367
2173631
1453417
316018
1015314
1956884
2704145
1686503
1863342
3819028
1238045
1757109
680689
538214
1601795
1480798
2757259
2853913
1729177
1674139
674514
1529804
1134237
1332774
1461697
2134194
1516343
3488458
1211730
2033840
2260625
2244014
792686
1724319
1331610
980638
1745037
1930793
293134
1700849
1797363
1183262
2722432
3048024
1063364
1775314
1590548
2047677
950234
3034391
2397803
1526823
254656
874939
1016169
1874990
1565677
985525
1627982
980637
1500846
401894
1847491
2516163
1796684
1714827
1913605
1082145
2155617
1095854
1787848
66684
3680721
4059156
2304990
3753922
1587059
541676
1758289
991014
1043169
1291376
986943
1762724
556308
2806598
1208710
527712
1180151
1059901
842815
1456247
1121944
2351364
1036103
2717178
4009159
1455586
2541431
1978196
1960837
943399
85355
1926750
1597253
1351501
2586420
1897317
380646
1427152
1889174
1573997
1610024
2061815
1724396
1429747
1647542
2139855
900576
2132926
1218409
940378
1358299
2430086
805029
2225036
728870
1587090
1895607
2134823
1071416
2048026
1680591
3666371
2376713
2043129
2626469
1449511
1233778
1498891
888621
729988
1474455
1909554
2567564
1819160
874101
2888273
4450677
1514275
1462801
1870002
344620
959427
2489378
1977950
1186901
262189
1911666
1809232
247794
1651290
722238
2395149
1299548
683825
545143
1252022
2221441
1118876
1701016
146957
1736572
135142
790249
1602635
4189841
1098487
2206542
561539
1634084
2956448
1781869
2056998
1017624
2261702
1379738
1122284
158954
1487821
1021592
3073972
2088272
2113754
604957
2025589
1761722
2056768
1100269
1567435
1868567
60941
1226524
1353936
2790135
766319
1684961
2665472
467821
722470
3153642
2905591
991733
1668947
1182462
1556932
1906336
1657723
1876016
3026248
828243
1085584
1979034
1211828
370094
1589444
1193468
1130950
969943
1192895
1979033
1625963
87923
1715165
197989
1603540
2622988
1628717
1770619
4020054
759823
2283637
1518419
1615992
1884654
1691288
1605179
4020050
1711680
3833077
679816
898597
1431005
1956123
2231702
1797557
3305281
1608475
1426311
2480902
511046
692627
1400367
1604236
4341639
1603296
1704259
1464585
1591949
835314
665663
1404975
2095008
1906615
1717652
1654883
1784484
673074
2097426
2598706
2057623
2476313
3871738
1722407
804387
345914
1240783
404440
1386397
1797366
1715164
1601126
119762
881700
184401
1704995
1612281
2057010
803199
1734135
3797967
1828341
1110353
1253351
1115844
1377957
1463294
1524103
2857448
1121435
783607
4131187
1099722
1627148
1216282
1551651
3141635
943988
144737
142145
281069
1752431
1453420
2648218
731654
1896796
2809623
1926958
1521717
2332963
3912663
863540
2149131
1855195
913490
1049246
64066
147379
1401230
1307142
3150065
1520991
1866037
1348589
1544629
841899
3361023
2652498
40062
1762727
2264767
1107970
1108758
2719334
657917
2545234
2011900
2963216
875761
1464590
1859223
4029716
1992682
1454082
2776196
1652992
3912664
758579
1821814
3089024
968692
2161305
249233
2112908
1706189
1156568
2245779
3450779
2104881
312910
1796309
1089798
2909363
1578798
756423
21010
3298591
2447349
2741026
1184487
1822965
92780
1524357
1383338
214735
1709121
1966451
4020049
328396
3148234
3646288
1794074
1345674
1658399
3500105
2217436
1759171
129407
1056698
1319286
1558338
1406907
1231134
1911702
824388
2149453
1150555
1590448
3030240
2026790
2659858
1250652
1343517
1528303
728872
899861
1097543
3345193
1437419
978858
2148623
780140
1821815
1597806
828242
2330808
1983647
815857
2254470
684970
1777160
1237435
981047
1905396
1868884
2061191
808516
589969
1978018
2205164
1764226
1234400
39737
3020123
3091249
3802323
1076564
464887
656312
1091032
2660097
2943556
1704984
1593723
1439240
1629636
1597502
2017880
2117045
2104522
2117909
2330574
1588701
133938
2004828
47359
1883952
2445269
36353
2896368
1843575
1399834
846105
1157868
2677460
1543234
1762629
147728
1715163
1807736
1027200
63804
123475
816600
4030294
1548125
2775172
1059305
1477910
3980676
1816320
1429745
1298998
414608
776752
2449792
1050198
1023481
1981063
1686499
1350672
2455380
2623025
701018
1541853
3064687
2078617
800538
4856577
1312375
1579923
2941386
736214
3233265
2290441
716020
1506395
1613198
2169301
2449781
822553
820336
2303916
58970
124993
1155062
436193
1592916
1490588
1473296
2250747
1858790
1527747
1550984
76663
808848
1354320
1138154
847452
4090664
1706796
1448070
1345677
1139440
38604
1505901
62256
2835281
3907765
2378577
122073
2299178
2535968
1154509
2026680
56883
2866498
3624869
1027560
1580794
728878
2183215
1636879
2719372
2658004
2335553
1462224
1067513
970204
1852605
1055147
1332900
1775312
1247184
2477878
663725
4029709
55537
209285
1348158
1464221
1781876
2637738
1595667
1862521
637625
240488
1126352
96019
844058
661760
970048
408378
1174838
2477261
1231229
1169701
1329774
2543190
2886136
1352963
1149471
1715176
1292350
1688154
2231041
238766
2510846
1220396
1740944
2345714
4166238
2628237
1979836
686421
2234162
1636757
3179665
76717
951701
2451194
2485438
1457104
4047519
2200811
1247752
2521259
502581
129891
4577576
3768437
194320
2843799
1317186
1967216
456247
1387233
1596240
4321955
4303991
2449791
1383825
1848985
847315
2659349
1365214
1071438
2229286
96763
1631588
1128411
1300518
1018869
690461
321506
2128326
726191
2413749
554519
2200173
2654257
2452960
1313029
4093245
1676602
1828562
499839
2221514
2097562
1170505
2004892
871542
1486576
3947621
1231072
1076565
3311489
1464448
2096055
1481150
820480
764472
96219
2563946
2014521
1601880
1342804
2278349
1070639
921226
2094984
2245776
1618872
882916
104945
1783014
2413242
2651838
2078680
1679789
2065883
215906
2060302
3109204
1208664
1329559
1715167
713790
796693
3659920
2234163
4175598
1492707
1977469
1783012
2393738
1076706
2781571
3406575
1549739
1243461
2194972
1641008
2319009
246242
1960428
892399
2170029
4243844
1642753
2135495
1894320
1694860
2132997
2096058
2216531
3679424
2060897
2203978
2980857
1414125
1965258
2116146
1538710
252238
1294882
1253664
523532
2153557
2241149
966243
660244
1889232
3704761
2473353
1411797
4029682
315704
1062577
1556671
1015434
4143252
1531842
4001404
1525129
1321846
2523668
2449784
2060306
2646674
1636508
1609620
3717906
2078292
1797544
3091364
1979409
4227679
1848517
689314
677903
1483603
2468865
778603
544419
820004
2221048
3578631
683409
2459171
1544408
2898441
1174596
1047919
1116977
3730520
113896
26726
2410950
680703
1496794
1021421
808849
1954858
1142960
1925633
1574311
956103
977770
989091
2241147
3321763
2995538
3612540
2510640
1901537
892780
1126228
3286045
823257
4129169
837567
598885
97783
3173269
875945
2831942
1694855
1310147
1286241
3625788
2084677
611931
128935
1836302
3598398
1785185
4243833
791264
40807
1028537
1698539
825308
1114962
1401231
2755563
2355610
2134895
1843563
2496720
1040647
719051
1083052
2942890
2817456
2573493
1613232
3412600
894744
2677188
2096262
2983479
1253252
891757
744673
2789103
605717
1658782
1259653
1726474
2768998
3326383
846613
1659942
2251927
1060576
2352279
3444967
2878235
1752315
922916
4435685
775513
3907769
1450182
1696314
858241
239058
4029686
1216854
1055880
1133991
3533612
736213
935997
2052458
677872
2851919
4577578
1721371
1345671
4009550
1124583
1298616
1124313
2852039
2382179
3648544
1989198
1346404
1844019
2630863
3296922
3594958
144026
1768802
889632
1594009
1454407
4048545
1072131
1599393
929999
1559974
1466938
1308067
2241150
3656513
1261879
1509639
4327598
106965
2971299
2612423
292319
1200757
544993
3220743
1207212
859841
4243842
722844
1200149
1869937
4543669
131725
4541081
522860
1629635
1859247
4321780
3748199
4093248
1702971
897024
2025941
3049438
2164332
734434
2628556
687404
1354531
3311346
2611011
1546425
1588845
3160676
1221687
2974758
1236211
3784901
4018669
2443188
1981708
784977
519926
113897
1155085
1218337
1137879
1762728
1592917
1043661
3617556
235879
1437528
2133726
926143
1502221
2690201
1091538
2038860
131891
2200806
331352
370777
3360782
1410549
2546844
1809151
1810299
970163
1253515
2782887
2156913
1253592
1596946
142055
2457519
Total scores: 2994
Average score: 253480.80
SSH: 73, SH: 707, SS: 4, S: 101, A: 1636, B: 342, C: 112, D: 19
