4985596
4975261
4992898
3708195
4842367
3927904
4851922
2389303
4415495
4134856
2365752
3854743
1313029
4287878
3814186
4425879
1860169
1860287
4198445
4187053
3010986
2179629
5042033
2573914
1630164
4763600
2689931
4113363
1990718
2272898
2240526
4852514
4176938
2743756
915210
1808605
2677494
2599450
4493700
2671379
4860513
2590221
4914437
3579281
4189842
1846270
2069999
2097124
1956730
1816243
2545604
3071981
4440053
1075797
2384875
1582287
1371599
3383316
4834142
988726
1997892
2173528
2319171
2280910
3197548
1673604
1241370
4272569
2510998
1995114
2300083
2405863
2520220
2078195
4085207
2978571
2911355
2486881
1583228
5095315
1842675
2629595
3648544
4189841
4467049
2176404
2034654
1946507
2659368
4874327
2367231
3034573
2211018
4244680
4999937
1083470
3837137
1681360
2946220
4783641
888010
4925156
3802844
869222
3048435
3093271
2490307
3465034
1721685
5009463
3849847
2632230
4810017
4039494
1498618
2145988
1250652
1385398
2186111
2188031
1655981
2322888
5091148
3040104
2077121
2236622
2361328
2898419
2345714
4143861
3468687
2183659
1714882
1977528
1805627
2084319
3397388
2201145
2505956
958038
1546425
4924798
762207
1003013
1537566
817929
2368880
1872396
2610843
1695382
725718
2237466
1114132
1157868
1801586
3884667
4936186
2657557
5091147
4832435
4225083
1849580
1938392
827317
4896646
2458202
2331169
933875
2480902
2624331
1890412
3034770
1811722
2410948
1073279
1018019
3683363
1296305
3069102
980638
1962676
1129951
2863658
104229
1123966
4225030
1425809
2022718
1185036
3812596
2182100
1011144
2684033
1997307
2223833
1922277
2530755
3644156
1935845
2323911
2099491
3284709
1107102
791713
949029
4876550
1754659
1644535
2410945
1078675
3119369
1918978
987133
2468866
1028733
1736571
1125665
855762
1893432
2064453
974662
1159687
1770623
1141858
2808923
1822108
2238881
4947078
3012582
1289675
1649528
1955867
1400367
3584338
1816073
2164274
1895604
2282512
1791963
2082725
1402392
4968530
2802630
2958190
2335100
2663986
2681192
3038997
2246654
1836593
1860433
1580814
2459413
1075001
4224418
1576147
1768904
1537817
1319547
1911308
2596586
2760786
2404778
2775397
2330482
1614477
1974604
3591502
2223077
3078415
1546243
2069841
1829925
2189687
790048
899732
2285281
2568117
2101986
555797
3088767
2058788
1807735
896753
1919312
2097898
2203622
1341959
3392673
1843481
970331
4645011
2028695
2019428
1489207
1838426
1889232
2256823
1270000
2201460
2753891
1682101
1315116
1838427
1129193
1067513
1861487
3145600
2419085
2615210
1563000
1892257
1392757
4855807
776951
1312156
1690353
4852491
3077757
648081
1826438
2546607
4905829
1969946
1895605
745360
1527884
1219094
2274874
2129143
2590119
2117268
4791387
2088427
2021776
2469345
2606069
1165959
2839123
2785254
1253654
2609731
2444148
4694276
2589997
771496
1693153
2485438
1610746
2013012
881313
4900284
1705647
2689510
3752975
2187211
1009097
1836772
2512990
2073663
727636
783860
1627148
2562794
1126352
4845178
2486948
1816571
891867
4028364
1389624
3438148
1955170
3306465
1536491
2287401
4543721
1494828
1936713
1626537
1502044
1759814
2621468
1663107
2654458
1769144
2549105
1811389
1701404
1989203
2274013
1737326
1605598
1172150
1812392
3851983
1966553
1047758
3451313
2185148
1301354
3691456
2241580
4583712
4059970
2285719
3592622
2484994
2834295
2281078
821070
1890080
338682
1419403
1317992
602917
1131424
2248906
1199955
1656000
2041050
2245529
1869933
3557698
2474574
1776723
2958102
1895602
1408381
795627
1636104
1912276
1353828
3415914
2565674
3030240
3232558
3782929
1064909
887059
1988100
1255495
3983342
2295882
764785
2406461
3105129
2195530
1257732
1124857
3582938
2326754
1158434
1204683
1354657
1247226
3688094
2084862
898597
999064
1709022
1986409
2964230
4205425
861415
1007522
2616989
2025942
1989857
1354778
828243
2495792
2164997
2460779
2317127
1450423
2246465
2421848
2338610
3220384
1053130
1097891
1082260
2773398
1911574
1736333
2658147
1150868
1782795
959233
735272
2620911
1013839
4185779
1839002
2092390
841064
1656727
1062394
2102274
1451282
235880
1274573
1377957
960875
2068681
2948845
1020320
1846674
2816023
3815421
3627857
1121834
1678956
2784168
2154507
837694
1181761
2915644
1414762
1095854
1651290
1524183
1582549
2535899
2485487
1763938
1936782
1736329
1985263
1488898
1414928
1029562
2640144
2847847
2995944
1690355
1843607
3127889
3908671
2102287
1860991
764082
2781369
2628691
1995061
2035291
1474795
2837544
801158
1419243
3369714
2799357
1854022
2389623
1652172
1716049
1829131
3783036
2414472
4415535
2298847
2358526
1635388
2026320
958176
1166895
931791
4199237
2731892
1983406
1695991
1890062
2318887
1843589
2631277
2500162
1668949
1071424
1843653
1080094
438456
2294654
1425245
3874133
1738018
1642274
2067098
1343292
2589292
901854
2245478
2660646
3228439
2223893
918415
1046841
2008748
3042164
1128531
2474728
1003264
2360153
1648055
1657917
1289927
652234
1083052
1629264
3542643
1544408
820481
4197563
774965
1010596
2796473
1836484
4444067
3448524
1565265
1741062
1828342
4001494
3844552
1160996
1634214
2205311
1320129
1108593
1102144
2477069
2298473
2924352
1699366
1649064
1024480
4865434
2010006
2124919
3859309
1647044
1210660
2223295
1818428
1508874
2518847
2479386
1721919
1416966
658127
1519863
823710
2546549
1178810
1004823
1432943
2038750
2161155
1752315
1849273
1026787
129891
1183255
1746854
1415441
2112908
900957
927487
2994583
3637960
2547378
3682177
1204537
2791233
2535608
763946
3150648
2200063
1899511
2915771
4899325
2522580
1744843
133938
2036340
1232440
1588910
2245774
1395942
1988911
799916
1983665
2796126
2259800
1093703
2132775
3018109
2419262
1829927
3724573
1226524
2933746
1679667
1259798
1193449
3055878
1742483
796606
677938
2321562
1534949
1380717
5013749
663992
2034983
1545707
4610118
1590496
1626300
2077771
1857519
1286225
1828400
791264
1645164
1249175
1496766
1607736
833432
467821
2559126
1990449
2548907
1918015
2078961
1509512
1481747
954692
1514799
2492632
2184521
1168174
1306448
1531547
1612329
1392649
986939
4636004
2675575
4864952
1902624
2240404
1964460
1718671
740044
1947968
2050536
2953423
2514739
1113332
2022204
680689
2583501
2577747
3564083
2023120
1490015
2428358
2288017
2122460
1654579
1112521
1046339
3410653
3256660
2354378
1828339
1733018
1515526
1720423
4676409
2998904
1995244
1410549
1522333
1659767
2467910
1717652
471257
2599504
1294882
4037908
1406420
2564638
2040582
2160936
1609180
1704794
1603635
1740360
965040
1816320
2060305
1571309
126229
1647916
1252711
1659421
992106
1617365
1315479
2226203
1366188
2105251
3745820
1640330
889327
2187428
1261879
1810150
2329704
3320810
1153465
2281045
2324859
870707
1775315
1557181
473210
3669551
1682475
917129
893739
2280371
3374705
1918734
2372825
891293
1749322
718156
1570203
1092364
2069933
3379344
462700
1909554
3007202
1730889
1611276
1510355
3699733
1329774
1813857
1632327
1746492
1563453
1140187
1111493
1963713
1232706
812590
1907933
2951375
1056207
887058
889632
509510
943415
3784851
951053
3623520
1993380
1474956
1951733
1120682
1784189
2033294
1725624
2462439
2677188
633993
3353486
2527026
614323
726381
2131079
884664
2530810
2477065
980431
1624360
1517511
2058087
2587026
1632362
2775881
3992307
1407152
1509460
252238
1484776
2531260
1253986
483164
861381
1660602
1461877
2127199
2324863
1123759
1142669
903667
2885693
2906125
1449416
2503194
2204992
1210089
2971241
2689921
3626128
1063410
2045906
1236255
1185311
1637380
2829376
1425283
1306871
1243846
985141
3086402
1160278
1610745
1796420
1473299
1827432
1828346
3006996
1492911
1264831
1264503
2546913
1826941
1349998
2158670
1631588
1913605
2269609
1984889
1874165
2396159
1277926
142954
3470688
1007699
3210497
2071117
1961300
883670
1300513
3365526
1332240
2639521
1439240
2017880
3104339
1030374
561335
3643457
2688677
1311613
1019006
1324042
2796778
1377588
1573320
942522
1752311
1706834
1657639
1209160
2108648
2485439
2771799
1819898
2628955
2149131
1297789
4987241
801303
1881837
4291753
1092582
2150750
1657952
1041481
3169154
2005307
2133576
1968283
2037761
2709349
3834006
2029046
2176280
2615748
1623025
5090866
1148303
3607872
3547629
2095147
1534523
1438917
1706278
1911333
1733305
1859841
4534810
678106
3843928
1822903
479812
2991731
1827616
3359655
975517
768307
2331367
293142
2382822
1399651
2295594
1477241
3345795
2622411
1983024
1809691
1961233
1621319
2710948
1807642
1811676
2835408
2388297
217977
2962206
1862002
953586
2570115
753671
1593927
2489378
1271985
1172819
3846505
970204
3054701
794670
1082245
589581
506520
1875396
1949106
624133
2134458
1949029
1391815
1725588
1230854
1547747
1749822
724015
1915794
1017976
1456771
1378285
1344602
4468592
1352342
1876015
894090
1630299
4321781
1162919
1118297
1354779
1228909
2106916
2974083
1551135
2961551
843155
1849433
1716713
2797470
1848919
2241579
769590
1694501
784791
828242
2203212
2325387
1603621
895495
869285
1886839
1710926
917062
1467902
2226722
1925194
1697643
1809151
827803
1012155
2101126
1476582
3351795
2054198
798853
580907
2142744
484036
1827558
4327326
1587569
770354
3050529
1628654
455829
1399834
1163440
649374
2067859
1366190
1442846
863563
1112356
966160
1134237
1775699
728870
2125715
146957
3528700
2231831
2237579
1623285
1500990
3104522
872110
2633231
1301498
1620144
1500991
308917
2327792
2753990
1091062
1176958
1882794
845378
3401639
638493
500183
3608097
4235907
2367340
853779
1354114
1302554
878721
1139535
2583505
696225
3905645
1509639
974352
1026729
1917082
279481
4325843
1442221
969681
793697
1799197
658561
1231616
1619555
1861010
1926434
550235
1182462
1174467
879061
2983416
2014556
1385397
1783012
3758914
2144225
1056140
1027065
737100
3211514
1602802
2740179
4221414
1500645
4018769
2014389
1527747
3247754
1966951
1650477
1497943
660593
880496
1790044
1808848
3041712
920453
1977950
1973805
380646
887502
2670866
1211828
859246
2162848
1643781
933827
2779000
1555562
1451703
1993418
1519160
342074
917369
1603957
1346404
2554676
257793
2047629
1532490
3577163
3266252
1370029
1289705
1762724
1055147
1401254
3179921
2914646
3322616
1633541
222278
736215
804411
1714197
1899100
1783812
4606740
2604568
1077675
1827324
3030766
1683700
898577
2596018
2061247
1865075
1433283
2705665
1890216
1040044
1850409
323907
1007311
2543190
901219
1219705
4635796
1039881
1131690
1125647
949011
1866037
1257298
1518125
3037642
2205402
1671171
679131
1669719
861164
1219148
4392649
1558876
756423
1672250
1575480
1763013
4913599
741572
3313127
1045650
4786514
1658474
2184125
1400414
1544643
2069845
1321823
2077126
1700220
83975
2682795
722844
2044485
1286726
1450182
890190
1594713
1731136
2443190
3087082
1209701
1556336
2714989
1312375
978026
976409
1946834
2059942
2658590
1902818
196977
1843236
47152
1317186
846872
3628568
2249401
1121504
1881833
1485100
1929567
1395749
3905613
1905654
1935932
1345676
4491213
1341646
1612129
1613466
1649842
1704984
704360
1301562
1884131
1292350
296384
1668948
1031991
1646193
2921013
1714083
1662278
2634649
2048026
1372542
642687
1228840
1820921
1109552
1963137
462736
711678
916631
1594116
2986935
1618986
2368899
1603084
1370802
1417513
3823402
1702984
1569153
1477910
1262434
1932597
813588
2980529
1961271
397299
1837462
2309694
891542
1670401
1218337
975549
1416124
1715917
986917
1100512
761641
1759171
1046830
2976729
1566379
1681634
2036903
598867
808848
2015527
2135058
367175
1541907
2987243
1762431
2100002
1728493
1508535
1936949
1215956
336229
1068383
3206043
55474
1419400
1156927
1650442
1775286
1703420
753014
1055732
1700275
1490588
672351
475805
1468736
3613647
909032
1122324
2233760
1413258
1079056
1675837
1053520
4201394
278399
347360
1823056
1262433
3751460
1949561
3721142
1016169
2249387
1932649
1762429
1468912
863999
1082783
4353816
3728856
1933561
2719327
987724
732318
730624
1349478
3150892
1067194
1139440
203906
1091249
785899
2303231
3217677
1201899
1529756
430371
460513
1536687
2059455
1512368
1429533
1258579
2123284
2817560
507099
1796164
1767768
2692144
1121245
1448059
1623892
1914037
1034482
3431450
89229
1215688
312036
1215958
2017555
3834882
1097612
1689162
3802842
1474946
3152587
1765587
1468467
425779
2937543
1695053
3246922
1679789
1120405
1274017
1281115
437139
1602803
2020385
1463054
1509693
790238
1788628
926644
1102951
3006997
1476606
2086068
118068
2989093
2228961
839947
1294709
1454845
1373004
1398110
3510572
4519913
422328
1839222
940378
2017881
816600
1528368
172662
803402
2581812
3936946
1743616
1354319
952515
1670874
539394
92426
1321542
1186227
221777
841599
2227164
821785
3827811
2906051
135804
1071242
1932924
1591616
503262
230127
267052
1142884
1893461
1988753
1627157
1595191
684760
1117451
635679
1879176
3196526
2512991
1032126
1236211
2276210
1146399
2388298
1992711
2776718
3713479
795988
1725346
742975
1612465
2719326
2009432
2054191
948153
1646483
1313431
1331610
1075653
1268353
1100327
1572868
1189078
1294950
1705869
3606457
1770621
1643106
3200112
971834
983680
1074806
2132924
2017799
2981278
2941529
1512820
961695
1766841
2225299
1700432
804164
3898949
1367804
4329889
1804972
1426926
914220
1704329
1474491
1601284
879062
1777144
2418757
2576943
2017352
2585811
812161
4140868
2812094
410250
1166497
2495251
3002063
864446
2234162
1178526
1820840
1450273
2453711
1402367
3037582
3636500
2394642
1898907
743463
2439848
880761
1621068
1674629
1844417
3584741
2273031
1864007
929999
3041193
3078717
1413257
795810
2451189
1691086
1454085
175693
3773045
3470687
1693956
905800
1033002
1869619
1503470
1091973
1640362
1549194
1251181
1573321
2574880
910147
1993172
2712623
1799497
1454087
1351585
2652057
3217551
1697645
735833
817174
471971
1947213
1278874
1770454
1582674
1691294
611931
1217417
3289389
3614514
1884388
1403240
769343
1760666
40017
3199701
1761422
1751119
1127620
3964630
1726474
2679663
2553242
1406907
1428309
2113754
2710969
1669955
1217097
4817853
1533884
3622335
131891
1654883
335041
848345
1527960
1406267
478437
2073107
1514898
1502698
1060576
4131691
858271
1253987
3045747
734184
2670604
757912
1714819
966243
1801416
1276141
3535897
2581092
1895606
2844963
1131896
1594727
4074809
3664401
1365772
2193487
793845
3144690
1658400
4108341
1572100
1848803
125702
1898740
1954858
60089
1200272
3709823
1462875
306520
3309764
1989318
3019994
4303564
1785750
2549390
194320
1094998
3638672
1654062
454024
3579873
790218
3267820
46827
1764213
1926750
1128411
224132
451612
1341957
2590943
678468
1271007
2242173
791029
472619
929905
2990195
295915
2107519
1911335
1879169
1909553
1302552
1655332
301176
885153
1603540
318340
2413749
1574314
279032
2441822
2048477
1454378
2564428
2812672
537989
2788418
1385368
2906211
796693
1979601
1728042
1501472
3151808
2104403
668662
969651
641071
1537288
119431
1541293
444565
221950
2556238
1169773
898576
28068
1110532
993529
328472
787430
1242790
1313635
1110353
547566
3093269
2868857
1405991
3085497
3447527
1161789
1297787
1231072
1640115
1896862
1623883
3897459
1563135
847314
4392973
1512177
3772513
716398
827488
1554502
1560533
902888
1866555
766560
1349765
1716732
1572866
1003944
2338753
1255789
50354
1158040
161787
1905396
4718412
1396342
2958956
1592916
1818788
378126
1025588
2359099
2348884
1229705
1245365
1714634
763128
711758
2136294
2368500
2199470
999944
1572198
2465106
4082763
1828449
2367232
2255709
1694787
1460972
1578505
117580
2124420
2586420
690608
1358299
1895607
3301849
1838165
751874
869286
2725790
792832
3161488
1348658
106156
1954597
1578185
2254470
2262286
1529763
807074
4376532
1137171
3591213
1351114
1383825
1543673
978213
975588
3338304
797329
1249502
999720
1257660
1187393
2685918
3040791
1219310
2200806
3583226
2194422
839569
591347
1356012
436793
1684607
1909555
1385396
743464
1309602
2004828
1642114
289704
1408029
1111515
3876716
1109513
2786980
1286241
994495
1568261
1243079
1309705
1401477
3572698
4131039
4610114
1137172
3365585
626475
1895603
1079938
4374452
2641365
755124
766938
3710098
1316758
2264767
1227359
1730178
1378619
85852
4826294
968742
768986
1609590
989244
1124616
1059388
2507884
1021579
3265614
2794127
1701711
1522760
1521304
1039869
513672
1086109
1307142
1717688
785904
2303916
3147541
516000
4576496
114446
116128
1231134
757664
324516
345189
1872563
1184359
3205642
2369567
1018869
958093
2231443
1367259
587547
2670208
3768165
2918249
1033882
3288402
1063907
2985706
1992818
863038
71080
1838662
71067
2909625
2739798
1715163
385544
248991
1350353
1688226
1296370
3116177
814293
2014039
3818011
1354522
1813622
1299008
2277236
1799568
894744
2724375
874048
2018512
525278
537411
1270538
983609
1551873
1023307
757823
569636
3023414
1362711
3305970
1454623
948180
834589
1632673
777303
678461
2921554
867157
407788
2547527
42037
1369375
1579673
895275
1400686
3659002
1694395
1643270
1400621
1743443
3791771
932223
124508
85816
1029307
1150687
780914
1403163
1573997
831241
1292113
1007310
380625
683825
1164988
2246659
380029
1229702
1106518
2485418
948490
1785659
3046747
4309379
1053232
1102145
1629800
1924570
2096054
1119026
1039164
1412291
760488
2349467
1574296
1826561
799236
2155617
1515652
1717413
544419
956502
3656072
298176
1008998
381251
1465147
1968148
1229107
1400687
2647275
1716916
1566420
1801873
2194972
889729
888621
97501
965549
1018776
744036
1706410
1534639
815071
1316822
48416
3098371
683409
975418
1491476
917061
1546264
725920
3116534
1696136
3747158
1382054
2726346
902259
1994597
1710849
3020221
1008503
995837
1828136
1609695
39825
1495848
1401283
1100071
2794454
1628131
1414507
4312255
540798
261705
1259653
735356
649861
1462224
1394628
1262795
2040232
1215957
1405981
668549
1271476
1290095
2479479
103132
2676534
968220
536534
1768797
1288857
965543
572727
3676169
1454082
757816
3910307
1274950
1126915
2941386
1591935
2090255
1262832
172834
1179007
3578634
1774821
3833439
324614
1168758
2352279
850263
1372527
803783
1988096
1881584
72585
878369
2200809
784369
1938125
1807513
174195
664265
1652992
1347486
1155085
2843799
828935
1943786
2185106
223397
1689294
1289863
1061972
2969095
1619561
1071369
1410860
2020747
2875310
1118614
3864489
111680
1708902
3397669
1754266
2022237
3003419
1201636
2622659
1412281
1056709
3869560
3841003
3074108
1524103
1234975
2078232
1865037
1817228
1183802
2332178
3026248
659991
4929040
1897317
1715162
1629636
690982
1843575
1921232
1071416
2064615
69129
841899
203993
1541571
1410548
1603081
2134823
3667863
1714637
1838665
80991
2610994
760779
1360840
1724319
3320181
837567
3767017
1121909
1781876
816327
1059894
984019
1530057
1733039
1056202
40030
1378154
327229
368933
1267198
820737
674514
1287350
1246449
1137173
838936
951701
2351094
3401749
3977703
1161457
3446204
2668755
1870068
3547780
966203
3530608
1092234
880587
1315468
1468473
1557461
4146007
4351958
1915340
50695
1983648
1425091
1097543
3650854
948431
1328177
2046445
1115737
1066054
974939
1619097
962959
668460
1051587
3069381
3093275
1256930
4295242
954254
2540399
1717690
1569904
1807130
1505448
1289755
1926958
3285233
4017088
3034391
1243461
734434
1111047
3152325
655679
789765
872885
3797967
1401861
1358921
1290342
2813660
1073277
415479
1871842
716517
108088
138552
777074
1026010
967546
1544629
4415097
1636879
1076862
1665829
1319335
4020053
176280
129847
1436968
2247825
2731312
945686
3976192
41044
3980676
1353480
4529671
306683
487384
1187250
2417422
2294643
1095855
4548785
106965
992563
47359
1454089
3731216
858241
1174838
82476
1675844
2078680
342711
1741740
2487642
1187302
261482
715044
1507125
1608414
714001
1162425
65756
1157344
1481149
924414
54653
2290441
1966563
1706210
252836
4321955
1934864
4349303
663725
203701
1001682
1138154
3261566
404663
2622988
683970
924759
3251884
1551874
2176046
862088
1349775
1231400
1112194
1186901
1023497
1511837
4534855
1819160
171015
4321780
1257580
511046
764820
1137879
1728456
25580
35015
2596015
1103732
1857003
2385733
1372702
306018
1815397
1398881
2966682
3533612
1188172
1156405
853625
2131344
1926301
1392442
995922
1158325
1252078
1544786
1797548
1461270
1208919
1734135
2058288
Total scores: 2530
Average score: 243514.54
SSH: 40, SH: 455, SS: 11, S: 62, A: 1796, B: 127, C: 25, D: 14
