4543721
4113363
4985596
4376495
4872744
5058000
4896646
1949106
2403677
4897206
2399766
2743756
4792013
3415914
4176938
4605491
1163521
2874408
2382377
4532648
2556199
3802844
4364775
2689931
4655948
1569904
3849847
2257346
4287878
3700073
4536514
3927904
2321562
1078675
5005640
4561659
4790484
4440053
4055410
4187053
2228387
1064976
4867760
4585194
2201145
3854743
4355276
2079597
2667802
1990718
2495251
3438148
4480795
1923214
1075797
3272740
4786970
1860169
4342891
2708949
4710115
4101543
2209202
4727786
3322168
3147541
4246671
4197563
2279404
4493700
2863658
3814186
4570949
1129951
1296305
5005491
3012582
1459488
3056765
3579281
2574259
862088
3010986
4861281
4733327
3773772
2671379
1083470
4855256
1241370
4111778
2078195
4729338
2520220
2444276
2775397
1199955
4783641
2319171
3517482
2187211
2318117
4303991
4298815
2189162
2046445
1849580
4831196
3416615
4655280
4029403
3595734
2512990
4706720
4808501
2301351
3019859
5080878
2100822
4704854
2735748
4876257
1044728
4085207
1013839
3168035
2365752
2599450
3034573
2141888
3135149
2264529
1134237
2602722
2267564
4831429
2753891
1631588
4870470
4140323
1776723
3648544
4761861
3393903
3022072
4566959
1711307
1997892
2573914
2331169
1451282
4860510
2737141
3383316
2839813
4205425
3548649
3926567
3697682
2854691
3149030
1067513
3899964
1582287
1148905
2670208
2323911
4851922
3295903
4678354
2294912
988726
1895604
2628955
4796915
3762927
3468687
4244680
4784164
1150868
3707952
1816243
4690175
4866452
4583712
2659368
1808605
915210
3624005
3220698
3614514
3265469
1313029
2545604
4225030
4829677
2543244
4518871
1076862
2383590
3040104
3313127
2794936
1141858
3411122
1935845
4383669
2675756
3256660
2809073
3034593
4316941
2223077
4294727
3578634
3322635
3119369
2021776
1018019
4728369
3914810
3768514
2798282
4027448
3707958
3884667
2128030
3684530
927754
1125406
2599504
3967023
1754777
4272569
3257742
3579406
2813660
4189841
3644156
3901232
2624331
5018216
3645519
3041577
1926958
4028364
2240526
3737266
3191142
3415931
2274874
4812644
2240223
4839832
2633231
1737899
3585965
3666536
2703055
1159687
2579665
3117154
4321781
2995944
2280910
4975261
4781538
2495792
1682101
3284709
1192902
4629404
3310074
1861487
4408758
3273140
2470194
4695614
2684033
3006997
4639931
2335100
2963216
3093271
2750832
2780924
4835404
1919312
2574090
2511064
3926086
2935781
4970217
663725
2486881
2469345
3765522
4156714
1811722
1414282
2732387
3010178
1302583
4756087
4822659
2986935
1583228
3509293
3708195
1828346
3526561
1405991
2492632
3379344
4789754
3081546
2731892
757003
2176404
3115758
4610836
2898419
3078717
2759805
2562794
2901666
2037761
3145600
807074
2097562
3902488
4712362
3405760
3691464
4415495
3357805
3582938
3499015
3586535
1816571
4029683
4093245
1860991
1660820
3038997
3782349
2870806
3054701
3145415
1563000
2962915
2660053
1715166
3019409
2834752
687303
4020050
2796126
4783765
3365585
1024483
1782802
4856302
1265017
4802061
3782929
4078685
1872396
3385967
2303916
2099491
890190
2791233
4721743
3240784
2503284
4828509
5050894
1124268
3306465
4568304
2020385
2457532
3887983
1566024
2169301
3460680
4843520
3122902
2989057
2978571
2249387
1955170
3655971
3630150
2059822
3627858
2535650
4157223
3062908
4772080
1594426
3194930
1494828
1715165
3284710
3493411
2799357
3500105
1407152
3544927
4804608
2557979
2241579
2807851
3874133
1110827
3549213
2677343
2179629
2677188
2326754
1889804
4736827
1899011
2737173
2102274
2794099
3142494
2502692
2024506
3627294
1936713
2173926
1570203
2990619
5067107
2352279
3825430
4255312
3846505
2594347
1399651
4070109
2512396
4462023
2622747
4059151
881313
462736
4675850
2176280
3037642
5054544
3820910
1701404
1845585
821785
1681360
2628691
2781369
1838426
4682959
4464302
2789938
1695382
3093269
2898086
2682641
3380022
4901709
4046281
1816113
1704794
1185036
2411125
3285233
4884682
1039881
2658147
2126752
2565674
2529372
4291608
3565301
3650854
4318971
658127
4243844
2514739
3591213
3484856
1890412
1709022
2298473
2304622
4345352
3992307
3976192
3071981
1565884
3688439
900957
2346624
3104522
1274573
1725588
2785254
479812
1911308
2987243
880496
2969988
2586420
3258645
3006996
4167879
3238236
2200809
1640253
4683658
2202603
1492911
4142643
550235
2914646
4987126
1655981
3533482
986837
1941064
1682424
4622347
4860572
4662226
1214421
3716950
4027058
3551877
1678956
2075545
4831332
3844552
1782046
1001682
3104339
3879705
3637802
4225823
4693135
4804559
2913452
2206542
2622988
3532090
4812862
4805756
1108593
5054162
2911355
2173528
2336764
3131107
4436738
3724573
2843304
1952037
2660646
4788933
3283445
4061893
1545707
2058788
1041727
2192825
5041437
1456499
4989664
3357329
3300948
1169701
983609
3460940
3641547
2521259
4936382
4798763
2103968
1649842
4859703
4822475
3405683
3040755
1659100
1384053
2510998
883670
2769886
3266252
2556724
3301849
2177486
2022204
4322403
2335160
3236099
228679
1410549
3294694
3041566
3792787
4028888
3607872
4009159
2615210
4047799
4818400
1377957
1679789
3074108
1893432
1565265
2108217
836339
2593933
2974590
4804323
3523645
3728856
4638358
4294493
3022540
2552099
710881
2410948
4528224
1115737
5041436
3217677
4020049
2555112
4822331
2460779
4804606
1142884
4186244
1843653
1954858
4214499
2061192
4001454
937709
1910434
2941386
3385971
3361023
5007164
1385964
1487213
2276210
1805627
2064453
3962898
2654424
1200272
3345795
4090665
4838199
3034391
988684
4029709
2452860
2184521
1059197
3023414
1831435
4168135
4833604
4053803
4321803
4214779
2388297
4111035
4841213
1817548
5053895
2336310
2551887
4834271
2396159
1186901
1623706
2394336
3977703
2238072
1672165
4830402
1787964
1858652
1895605
2422434
3950769
300689
4225083
2399207
5041674
3989790
3307758
2220106
3257722
2921013
816327
2164997
5030371
4861384
2962206
1758255
3374928
1829131
1538589
3772513
4009550
2657109
989228
4059156
4166238
4839341
833605
4520510
2141415
4393816
2124420
1931138
4274637
3802617
2179420
767774
2564395
3010882
1573320
3816334
1656727
924759
4404963
4886194
2949285
3566847
4313984
4987241
722844
2527018
2200805
4765967
3823402
2116146
3098371
1412805
2069841
1892253
4549062
936406
4499311
2545898
5019869
2443190
2190904
4001453
1925409
1124313
3645144
2036903
3582418
3340195
2297417
4049497
3108587
3792515
4950140
4784320
1561529
2163592
3227871
1345670
2380030
5057511
1440018
3869560
69129
3167897
1727798
3322065
269294
4533959
1884654
2367179
2596789
768307
1648966
1311336
1021579
1086057
4048501
1219310
1732802
2060305
4285230
4988693
3995168
901854
3557474
3606457
4049691
4466096
3657032
3946759
1491800
3578631
1002940
2044338
1895607
2156318
754143
1286241
969314
3827811
2165744
2162247
5020005
4321955
3842586
4537193
4321070
4502085
1701775
2932019
3757508
4786514
1871842
3710704
3089379
1968283
3070111
1462224
2941529
2949182
4031440
3707946
2523668
3881448
4049302
1056202
2640834
4020054
4867757
967546
1366917
2659911
4703544
4276792
2598068
3020314
2678437
4323259
1409923
2926208
3229091
3607697
855762
1843481
4463327
1351114
2973962
3647082
3229024
3078877
3799924
2483555
318109
4044653
1877419
1914037
3934310
3790613
3349095
3320987
3577374
4839816
4859466
3656603
2958102
3688220
4039338
4048545
2132924
4082763
1993418
764472
2696829
3852943
1826438
3275914
2629594
2309694
252836
5086890
2625911
2692144
4894931
3964631
1706407
4417289
3564211
1300260
1007896
2622787
156653
2654506
4813225
4608407
1728259
3892142
1665868
4047519
3198222
2221441
4599668
4836714
4903052
4131132
4302971
5041438
1406011
1529189
4174332
3534950
2715815
2149131
4376532
3073983
3680348
1885816
1527960
2046351
1827558
2553242
3108533
2615898
611931
3438591
3885119
3526953
1828562
3082601
3688614
3320181
3876086
3439713
2255738
4189842
4302972
2004892
2077121
4977600
286615
4059149
2333525
2268730
4605752
3907830
3217551
4020053
1100071
680689
3261704
4675618
4378380
3587688
3804374
1559394
2679372
3333255
2882501
2786980
4557010
3481595
3745820
4821023
3608994
2610193
2134823
4978004
3700995
3397001
3773248
2958956
1715163
2242173
280632
2235254
2236622
4425879
4467199
2596015
2060302
2657705
2843965
2417917
1429457
4726804
4180630
4086426
2869875
1946834
3290202
1690353
2078169
4839039
2687455
1092234
1210089
3492582
4821469
3746239
1398110
2069999
745360
2554582
3071477
4754028
2741910
2726346
2325387
2514777
2254752
2439848
3668941
2540399
4783687
4020786
3465034
3593409
2069610
1842675
3008709
3967144
4834960
1397854
3572698
4080287
3755316
764082
4155175
4145693
1691360
3996216
1831051
2677494
2640144
4796874
4129148
2118444
974854
2519704
2527150
1743616
4449473
1898297
707370
4467958
4468592
4113492
1858599
917062
3490746
3089375
3197008
2777604
4093362
999720
3578050
3501901
1783812
4403175
4017088
1853460
3520087
4804625
4108340
4848303
2234918
4569672
4869246
3854204
2258084
2516387
2853913
2367231
511046
1227359
2198640
3990592
1897317
960875
1948714
2609485
5086696
4295242
2485737
3905716
2870046
1956104
2839767
2684855
1493052
2731312
4302884
4431496
2485487
1785659
4605810
1538480
2204234
3233265
1101611
2922060
3461154
4655647
2044362
2769784
3093277
4846148
1126228
2254470
1894469
3767017
3656605
3551549
4322847
3768762
4163794
3739213
3152325
4889905
4402935
2318887
4517806
4568073
2002605
4638949
3839994
4488677
2909625
1342804
4453889
4096258
4253102
3946691
4839808
2674872
2272898
2098783
4648374
2404778
1676851
3530608
2014469
4393036
2315560
3559633
1563135
3369471
4089506
4543497
2131344
1592916
3462322
4922568
4220680
4397592
1941208
4411233
3121730
985141
3579652
2634649
3666371
1205876
1844294
4323073
1396342
3292489
2753127
5066991
306018
402031
2778368
2549105
1644000
1185311
4645715
1630164
4822133
1899327
3967773
1469680
3422724
2081844
4800282
4867761
2147636
4461344
3333793
4243833
2964230
3252228
1923145
3055878
2677175
1787848
4621973
4642202
1694855
2385733
93836
4284486
2895387
4821685
1985735
2078623
4019149
1843607
3230981
2514776
4772678
1980365
5009463
1162425
2563946
4417243
3101942
2744798
1826941
3957347
2887762
4638742
2532278
555797
3133901
1041682
3444967
5115406
2078621
2991730
4876749
1521274
4805579
3704761
4723710
2899404
2246659
1836322
2331037
2070070
2144017
4030294
4716427
3614314
3812908
4867167
2670759
4243845
4029682
3377514
3030057
2211141
3390227
1768802
3904577
4363685
2389303
3933105
1072406
1580814
1791893
3630575
4833931
4193498
2201576
1255789
3322526
164005
2060306
2078624
4047810
3263174
4119955
2479479
4808112
2809623
4267100
958038
1654883
898980
3897459
3051162
3513159
4631723
4848266
1756228
2008748
2606066
2165228
2851929
3048810
5061033
4960628
1990449
1256930
2101557
1258579
2070409
2545348
1892353
3638479
1600415
2316176
3195618
1842043
1468467
2050536
3299402
4321780
1852605
154083
2444150
4283977
1273299
1496766
2700056
3688968
4889675
783607
785999
4584932
2022201
3963274
3552895
2034895
2643264
2684917
4039340
3301586
3821207
4434306
953394
4129169
1805758
5065247
35015
2496467
4238983
50712
2385731
1836306
1092365
1831197
3333703
1023197
2781571
2060301
4019294
4540169
3370358
2746036
3754880
5013749
4837373
2052644
2479006
4349998
21010
1493345
4810017
2330482
1902431
3874351
2099565
4313921
4599269
1274017
402494
4791393
2063447
1665717
4858264
201075
1820170
4830303
2279950
1677107
4090664
4592989
899732
4172057
2881593
4931056
1378619
1945667
3349882
1570269
4463310
5087774
2054965
1848456
2885708
1997149
1028733
3305281
3290808
3989578
4884868
2543190
611753
4370546
2278232
4805580
2663986
3982549
3557271
4003754
4405119
2299512
2419085
2078620
304289
1846644
4312255
2979808
4713808
4048208
5041439
2514775
3097451
4257707
1158325
1278814
4640775
2752359
4134856
4803734
1749322
1456883
991733
3963430
784791
4848734
1915340
2073154
1665638
2017799
3421429
1495848
2182766
1949860
4654706
4849615
4839234
1946507
1680755
4059162
4337542
2964221
2802736
3111067
407788
2639644
2133726
2496318
2797918
4423554
4791385
1611178
2083422
2518847
4366225
5057521
847977
1768241
4645011
1746175
767203
1629635
2811763
4915906
4610112
3338304
869222
2192267
4059770
818597
2060303
4821674
1849273
2237467
3101174
1943739
4683207
1973475
1255391
3690510
1663107
676172
2474728
3579873
4848297
4861771
891757
4839768
1047919
2489632
2897724
4664151
4276799
433005
4512669
3912664
4295249
1676829
3977191
4780611
759888
1946219
402511
2486025
1958930
2060308
4347692
2514778
2718273
4569104
4146222
4019121
3625849
1836354
2818772
4884430
1380717
4999611
1180676
3547780
2622659
1846270
4415584
1481773
1909555
1262895
4717049
2828520
2630685
1950484
1415582
4881934
3101226
4643441
4914437
4193382
1053729
3795193
1849121
2097898
663776
2550295
1908509
3160148
1124269
4452319
2025393
2078622
3385968
1945006
2710014
1097552
4227679
2037317
2650738
1939643
4419660
2478053
4029776
569636
4845277
2615748
4470172
1969288
2010421
88804
2231831
2060307
3197548
1949561
5047712
3076104
2205311
406970
4708432
2115982
4806838
3169255
1154433
4555447
1110483
1961271
1554602
924414
3025365
1901786
1943781
929999
402516
2477261
2641556
2206954
2035753
2593620
1588369
3542856
4664773
1532489
1421827
930497
2083425
333820
4791387
4125069
3970329
1269345
1649528
914220
1910263
4045152
1724279
4310272
4353227
1201636
2139855
544419
5067636
2032868
1714637
4093248
4848660
3286201
1962945
561335
1055147
4352488
3725129
66246
1929398
4694276
1496486
956825
1707789
3262862
2238881
1746492
277022
3730520
1793422
416043
809469
4143861
2052794
2608130
2188031
2053796
3980676
4182613
3665398
4828490
4127421
3229006
935135
2502643
4734795
2011144
3954641
2966682
1770368
4041185
3102206
2719372
2994583
1057141
3173880
1483801
2564428
1854205
2964434
2593619
276365
4342484
3860796
4595471
2681192
4470043
2005910
4352514
1937409
980668
3542643
4848656
3813485
4029686
681786
4017839
2450838
1842700
2226722
4204889
4867758
3412600
1891137
1680262
1119026
4170707
1801586
4712543
742575
4431476
1302567
1370837
2027665
2295882
1679720
3059494
1925478
2102287
1867520
2410947
1531011
3968196
2802324
3784428
2237466
3358972
4692990
3337690
828242
2200841
2829777
793846
839947
4923042
1289926
4915909
4040624
949888
2037594
4760524
2413242
3309668
1261879
2397136
1762728
4469976
4771467
4778054
465548
2103566
2668755
1706210
4915910
4742940
4768672
2581610
4468295
4315024
2100225
2097124
1573762
4796008
3553569
5047713
429797
1054501
1822108
3137126
5016093
3932495
946082
1941089
2410945
1897393
1493486
3653442
3299362
2405863
2285682
4672863
4754115
4708805
3216882
2740030
5066679
2303231
3036835
3014649
2444148
2327962
1410548
2528860
1015314
1831032
3164032
3945419
1616369
4672306
2096948
3069169
2621336
3678730
4841179
979231
4276045
3278257
2199220
2924443
2945512
2802630
646530
4054015
5134481
1918978
2610994
2933746
2092396
1172819
2546607
4472749
2332088
2117268
4221414
2664317
4199237
4092693
2988681
4059154
4689249
4609930
2318885
2505956
1609180
4893839
1520653
3752975
933875
4288114
1629636
5002594
1271007
4884240
5084019
4881796
3772188
4828735
4303461
3048737
2796473
4654501
4591775
3560543
4320298
3567527
2269544
1839222
4009812
4841799
1289675
3042887
4804609
4983568
4698086
4786951
4278911
113897
3690388
3626128
4520249
5041434
2484994
3821025
4889840
3352759
1720903
4853789
5130804
5005206
2793431
1843086
2135493
Total scores: 1901
Average score: 326494.74
SSH: 54, SH: 71, SS: 24, S: 109, A: 1269, B: 271, C: 94, D: 9
