2382377
1459488
1261879
1078675
4543721
3802844
2403677
2201145
4113363
1296305
2599450
1148905
4055410
2753891
2117268
2444276
2301351
3854743
1849580
2671379
3814186
4319071
3057790
2460718
3135149
2318117
3668020
1846270
3707952
988726
1083470
2176404
1860169
915210
2141888
3019859
2675756
2510998
3123711
1366917
1863083
3221833
3070066
2319171
3869560
2624331
3322168
4436738
4199237
4176938
2399767
3012582
4351425
2280910
1990718
4291753
3034593
4134856
2573914
2677343
3070111
3118604
2843965
1162425
4228703
1150868
3509293
2863658
1938974
1350927
2078195
3823798
1044728
2786058
2249387
4093245
3147541
3104339
2844390
4294493
1711307
3145600
3849847
4017839
4187053
3752975
2660053
4042905
1075797
1435459
2323911
2615210
3893054
3517482
3967023
1655981
1776723
3579281
2099491
3383316
3926567
2854691
3389394
2796126
2325387
2775397
1492911
934110
2590119
2543244
2267564
4792013
3194930
4246671
3899964
2469200
3034770
4269663
3697682
3722539
2750832
4143861
2599504
1069949
3272740
1180676
3680348
3149030
2901666
1241370
3901232
3636156
2743756
3238236
2520220
3074108
3411122
2781369
2898419
1656727
3306465
2490307
3438148
3220698
4197563
3911766
3093271
1816243
2689931
2660294
1410549
2633231
4742940
3536437
3501901
1067513
4140323
2864137
1199955
3038997
2240526
4321803
2495792
4272569
3040104
2274874
4180630
2446829
2060211
2629595
2670208
887059
1046841
4053803
1013839
2187211
4471539
3997710
2088427
2528860
2794099
2548533
1816073
1920872
2597020
3989790
1274573
1582287
4028364
3405760
3304843
2486881
2448565
1157717
1655167
3010986
4027058
1563000
3119369
2046445
2675575
2958102
2562794
3578634
3946327
2684033
4309247
4205425
1889804
1816571
1754777
4039338
3062908
2331169
2470194
2189162
2628955
4349998
4321070
828242
1456499
2568117
3284709
2731892
3093269
3300948
1075001
4124528
2520832
1385398
2801009
1828400
2870046
1842675
4224418
3666979
745360
2759805
1701404
3881448
2492632
3122902
1002940
2535650
1642267
3022072
2315558
1076862
3582938
3645519
2383590
1828346
2993974
2904978
3256660
1600283
4629906
2807851
725718
1911308
2809073
2791233
2279621
1860991
1895604
2530755
3313127
1770368
2660646
2677494
1159687
1969946
1838426
2004799
1302583
2263415
1635233
3273140
4208500
1782046
2686032
2298473
3019409
4372575
2535899
2512396
2458202
1961233
1845585
1770893
4160827
2971241
4294727
1569904
3814944
2116006
2628691
3993429
2914646
3778937
2521259
2185824
3365585
3885402
1922277
1270000
2987243
3301849
4546446
4598620
1701775
2802324
4307278
1861487
2304622
1134237
2469345
1737899
2466406
1989203
2422276
2202603
4611641
2627421
2460779
1805627
1872396
3168035
2565674
2129143
1759814
2593620
2231831
3415914
2103968
3688439
3782349
2389623
2732387
3238447
1660820
1631588
1704794
1306448
2659368
3874133
3708195
2474574
2034983
3546710
2094965
1836593
1701940
2616989
1690355
4284414
1111047
2610843
2410948
4541862
3493411
4374452
2514739
1919312
2995944
1157868
3703862
2230996
2034057
2444148
1813857
2034654
2354378
1129193
2298047
2734925
1793625
1935845
3460680
3927904
821785
3206007
3526068
1028733
2128030
1274017
2639644
3833439
2368880
3644156
2126752
1008998
989228
4208798
2564395
4059970
3121178
2785254
1580084
1527884
1301212
2256823
1936713
1385964
888010
1677545
1110827
2559938
1636104
4499311
1807735
4284415
3054701
2628166
3086100
2164997
4287878
1344602
3083319
2404778
4228692
1097891
602917
3227490
2055393
839627
2610039
3627469
1778560
4298815
1843481
3535138
1400367
898597
2663986
4074461
2035291
3025113
3071981
1267222
960875
1890062
2410945
1558337
3742437
3985893
4226993
2336764
142954
1476606
1414282
2338610
3037642
3173880
1064909
2326754
3976192
3690510
2179629
2461848
1983406
1227415
1281015
2987588
2428358
2495251
2506240
2505956
1941064
4028888
795627
1343792
1432041
2111844
1489207
2281078
2183206
4078685
1414762
4520249
4469359
1911572
1961300
2484994
4874327
2677191
1722247
3820910
4855807
1895605
3637960
3844552
1846275
1890412
2034429
1736571
2964230
3379344
1603635
1738018
4834698
1977528
2192267
2719144
1640225
803828
1462180
2169301
364532
943415
2685918
3551549
4322403
1537817
2623095
1752315
2025393
1041727
2411125
1768240
989244
1995061
2880367
2022204
2237466
1265017
4822449
4353389
1785090
1892257
3257722
3990534
1671813
3551777
614323
2461085
2751775
4177434
1843653
2201460
2574259
3409202
2122411
4606740
1895602
4201195
4193272
2330357
1605598
1915340
899732
4095763
918415
1869933
2058788
1593724
2241579
1142884
2351797
2304990
1296370
2485595
1695382
2468866
1886839
2176530
3566847
1010596
1763013
1219647
2682795
652234
2041050
1782795
1732802
3093274
902259
4274637
2234808
1353828
4186244
4644712
3078254
2033294
1808605
687303
1911574
2172320
2033361
1988911
2752359
2304303
952515
2044148
2185148
1725999
1796309
2974590
2553242
1551135
4020054
2546607
1937747
3470687
769590
1313029
3764179
3710758
2285719
1983665
2082447
2994076
927754
2687022
812161
2784168
1770623
1306992
4975261
2097898
1377588
2185224
4061893
2546306
4020050
1717456
2236622
4029403
4609930
2226722
1817548
2567738
1626537
1995360
4059980
467689
1826438
1571309
3511219
3802617
2503284
2118693
2559126
4189841
1852572
1815397
2570403
816327
820619
1021579
3246922
1024480
4142643
1580814
2685931
2315560
1249175
2897463
1715917
4610836
4610117
2204720
1829927
2204234
2822288
2133576
804164
2231706
880496
1298530
2318901
2476857
1642274
2047629
2752284
1990449
1951188
4001494
2677176
929999
730865
2781522
2615297
4327708
869222
1895606
3030240
1128531
2485438
864055
1663107
2990619
690982
2044362
4561901
4198445
2225697
2536179
2287401
2241580
2799357
1843589
1831435
2445954
1905231
2081844
3819203
1872564
2022718
1649064
1186901
1811722
281632
2294643
2282512
2063980
3724573
2099297
762207
828214
1918978
2294654
3737266
937709
2403907
1716049
1952177
2281045
1315479
4018769
1700220
774965
1758255
1569956
256027
2379656
633993
4001454
1041481
1031991
893739
1221602
2321257
2122460
1955170
4214867
2464761
2666060
2077126
4037908
4213989
3353491
3847448
2249464
4309379
2069605
2200809
1189078
4221414
2497064
3534671
1103903
1395942
680689
3801747
2045107
1992469
1941712
1108593
2303916
2223077
1746492
2196278
1091973
2877476
1172819
718679
1839044
794670
3791668
847592
3756270
1619555
3023414
2112908
2206542
1963713
2083425
1968283
1158325
1640362
1786515
4186890
660593
1018247
1725588
3500105
2063893
2237579
2046856
2870649
2014389
2519704
2269544
2870806
2365752
2078961
2522580
1176410
1194232
755124
2151203
1473296
940396
3591213
4452319
2523668
1699366
2238881
2555112
2107520
1870551
2446555
1882794
816600
889632
2282067
1668949
2010006
2189687
4528380
777074
2141415
2164601
1519160
2187164
2168206
3811857
3518450
2547378
2324863
2176046
2451189
2961551
1474795
1709022
2245774
1095854
4985596
1126915
2138577
2020320
1918015
1062394
1646193
2164274
2559963
1495848
452508
2342579
1040115
1484776
2686592
1325741
2361328
4238983
2981376
1233778
2906051
3078717
879062
2615748
1405991
977770
2136294
3340629
3688094
1917082
525278
4605491
2240404
1092582
3428216
2078712
1319547
544419
1811389
2535773
902888
2196331
2587226
2692144
1485100
2488855
2986935
1737326
425761
1839001
2779000
3607872
2134538
1912276
2008748
3782929
1955867
999720
661243
2654458
1388399
1902624
2025942
2126990
2596015
914220
1984889
1494828
2518847
555797
3570177
1262025
2677019
1419403
4972441
1168174
2637738
2775881
3907830
3358972
2073335
1290692
1314214
959426
611751
1181761
2693244
2989057
3073983
1454845
1583228
3151808
3137396
1706407
1838427
4321781
2398423
4085207
2061192
776951
2150733
1451282
4009550
2276210
1545355
2385573
1736329
1911333
2005307
2082725
3322065
1213856
4104249
3460940
926644
3379944
2315274
1377957
2124420
1165959
2338619
1862525
1312375
1975370
4517806
2588365
1563135
2184521
2140939
1829718
1893461
2543190
1029307
3294694
2966215
1827432
2392113
975549
986837
2729836
1097543
4001453
2894212
1127798
1082245
1034421
861415
1762429
1973410
4444067
2274905
1258579
3089375
1045304
1327000
2503194
172662
764472
1569153
2083676
1246807
1971822
1627148
1219310
3658660
4134503
1951733
995837
1909555
89171
734339
1141858
1588369
308917
1817769
1436329
1844622
1204537
1839649
952383
3700073
4003754
2124919
1351114
4134502
1027692
1046830
1315117
1517511
4059151
2144017
1981053
427090
2697861
2235465
1552947
4009159
1286726
2026764
1014943
1822108
2696829
2394645
2874408
3098371
3217677
2409643
1527747
1970565
3520087
4059149
1609602
1642961
4082763
1140518
2580634
509510
3825430
1263356
1749322
3919917
3456481
1356795
857624
1702903
3905613
2951013
2407880
1618980
4131132
1917058
957468
2556724
1810154
2025205
1605533
2066867
1932597
883670
4303784
725198
1400414
2118443
4284486
2045979
4303783
1518125
1571556
839569
4093243
1984539
2740274
2229349
1579854
2932019
2639520
1834598
1788628
2678437
820481
1302567
1528015
1659553
785999
2015527
3910736
1926958
2699196
672100
1743616
768454
4029683
1348658
2060305
422328
2872101
2988681
1231616
2139880
1893432
1844417
1894345
3230981
3834882
1766216
735833
2327792
1695991
1718671
1855356
1854182
4049497
732951
839711
1232752
1968445
3022540
2715815
1329273
968065
1556336
2079597
1970600
3148234
2232788
3048446
767774
1690353
4214499
839947
1649842
1109565
1551874
1185311
2221441
2667881
896753
3995168
2309694
1760666
1995114
3107506
146957
2594993
853779
1789204
118380
1692395
1229493
2477065
1970829
792117
2765068
2098787
3229056
2022201
1351585
901854
2064453
887621
2008173
1112521
1354319
1464221
656916
4861384
3582418
2457470
2591255
412057
2270137
2118444
1289927
4125888
1155062
3692446
1468467
805855
3245209
2156323
1914981
4635796
3710704
1923476
1256330
18170
2655718
1925194
3925362
1911588
815071
917369
2021776
1083643
995563
1068383
933875
1706410
300746
1681634
1413257
3988838
1546425
1935596
1679789
2360153
1229038
1137173
2046653
1975912
2225299
133938
1230854
1728493
2301163
2142543
1208245
1955829
2960557
2132924
3188000
3908671
2245766
833605
4255312
2508518
1433306
2037502
4108340
1259653
3117154
4491213
917061
2176280
1309612
2065883
667857
2181250
1831051
4189842
1849505
3242265
2743383
2057057
3305281
1728216
1076706
2044485
3056420
1649528
735272
2505463
2527030
1764213
1110532
4131039
2057577
2165744
1979409
2102274
674324
4381227
1539450
2245783
1848919
352757
1358921
1895603
2419371
1826941
1657723
1559394
1916018
1226524
986943
1892253
1115737
1258642
1524103
2246659
1073279
3751460
2102292
1177094
1515526
2963216
714001
3499015
2048477
519080
756423
2231707
2149821
4561659
1918734
2677188
1474956
3530608
2180369
3462322
2152441
1646483
2439848
3799924
2600169
1043223
3425436
2514909
1570203
2046351
1860433
915154
4480795
1350562
2269122
1158474
106965
2186288
161787
2586420
1762724
799913
1609688
1820714
2150737
1023492
3006997
1107104
1897567
1373950
3577374
1911665
1531283
2047677
2639521
4877481
1126352
1895607
1419243
1963977
757823
1507882
1243461
2156318
4913570
1849273
2014634
2040035
1956123
1725621
4059156
1506694
898106
2188031
1255789
1797549
2341682
4136188
4302998
2069841
2099567
1594426
1820817
2044368
2211141
4111939
4059152
541990
1564607
1925409
4303991
3369471
4896968
1788379
1095855
970331
2705258
1945175
3332588
1219705
1503624
211154
4480846
2289083
1869619
47152
2259381
1233157
2113754
677938
3393903
1047919
1785659
457061
3236300
817174
1659421
673275
1621319
1962182
1574314
4783687
1700275
2634649
1056207
1369375
828806
1509460
1091249
1783034
2067473
2116466
1879393
3896189
3700995
1294632
1879176
732842
1025210
4329889
1762728
2330574
1740993
1876287
1018776
1113343
930249
1508694
2229266
2155617
790218
252238
978213
2958956
1562308
1809151
1786111
2347578
4585194
966243
1936782
3768762
403447
1722406
2020258
803704
1108758
3324966
4184538
2340796
1655728
3305970
2009788
1114721
830322
1172150
1190510
3569579
1029562
1982647
1501410
1231072
2044366
1238045
744740
2199470
1618799
2658327
1804553
1724654
1981405
1643386
1930104
1283506
1236601
2058087
2332178
1534949
2201675
1607736
1864795
3118383
1482959
994495
785904
1217417
104945
1949715
3152325
2173002
2351094
744673
2150735
1125665
3152012
2099172
1797542
1982295
678106
1229400
1561394
1150597
1860435
1985668
1927045
2333525
1875421
1646901
240488
1312697
2550792
969686
912625
1722487
2741910
897024
1768802
1762730
674349
954692
1149303
1559974
2221476
1981733
4291608
2319438
1401254
3333255
969681
2512181
3158738
94187
3707958
1163521
1831032
1762729
2293137
1137172
983680
3926807
985141
323875
910147
1426769
2299178
2229286
1317032
860793
1529763
1215688
1816320
4462023
1572100
1775314
4302884
3019857
3020246
1878931
2016168
1055147
1208664
954254
1396152
569636
1071369
591347
3851147
1658695
759316
963877
1241924
2352279
4031440
1473301
2278232
822651
728875
1863270
1541853
486513
1762727
1487213
1492011
905745
282545
2161305
3640197
3864489
3595734
767280
1773386
1071424
140473
1973475
4610114
2253531
2149819
2129145
4631489
1944926
1958283
675330
1918979
1992682
1711830
3257742
1405981
3034391
655679
2321562
1149713
2254752
1294709
1861763
1534523
561335
1018411
1961271
1686499
1126510
1799197
1174838
206567
1347841
4295242
1413258
1909493
1675842
2149716
3547780
2262966
2570115
1429457
2102287
1199852
1780941
40017
3337887
1269564
622407
1620144
1180037
3585965
2898086
2769784
1675844
1354657
4208733
2641365
1686503
1921032
808848
1436138
1398110
4188027
1481624
663725
716398
1699759
2654506
637549
2283327
2219758
1963403
221950
2158249
3613647
1911335
3542856
1587909
3370358
4098179
3299402
1215641
3812908
4244680
1675830
2768381
102441
2245772
1075653
1218649
659991
3256946
665200
909032
131564
787957
2560657
2132775
261705
746737
2272898
2131813
3745820
1576975
2533281
1981063
1639261
1902818
869286
2404675
724015
487384
1289657
1154509
1962275
1702581
850263
2221478
1890972
1610746
1897802
1059388
1787870
2376713
3821207
3390227
3233265
3934310
1023497
1623285
3046747
2063323
1610745
3625240
1485283
2413749
1492008
2719326
454023
2172109
261703
2012780
2399207
3773772
1611276
129847
1881625
1119026
1587059
1988753
1149638
2691242
1016169
787430
4252608
807983
4047810
1529189
1059894
2234162
3923620
1991349
3450779
801303
1730178
3564083
2286068
4415495
4353220
1656874
1612453
1606115
1566634
296384
1942473
1686505
3397001
4047799
4111778
26799
1632673
3189187
2358383
2004892
865851
1065224
2182766
4376532
514516
1781533
684970
2044338
2296022
3963274
1762733
1046339
2454006
1018937
1440018
2017880
2333145
1321492
919196
728877
1254392
2264767
1298998
1153219
2261501
4183351
1262832
4172057
1979530
4302973
930497
1724319
4695614
3765522
1324385
434189
1245003
1071416
2173926
2609731
2722432
4415744
4345352
1994942
1211828
4046281
201997
4312255
1227359
1493052
4172054
1777067
2545234
2156326
1495634
1373482
3950672
1707074
2869875
1149423
2844779
1601284
1240783
4634744
1839222
315
919772
4838348
3873310
3207058
2032960
1797557
1513529
2136959
3802259
1071565
2786980
1055828
1981457
3526953
683825
2330438
917062
4163794
2284893
1083052
664265
4099819
2090255
2834752
390889
1665638
3377514
1451992
1181061
3468557
1890237
3753922
3026248
916788
3041566
1237234
983609
3340195
4283977
238766
668460
2668755
2014201
4558388
3492582
746738
1289755
1070639
4059162
2089486
3704458
2245707
1969636
4048545
2722655
2697884
1621068
2726346
878369
2277236
220330
1060576
1306932
3549213
1800249
1617643
2202788
1687643
2853913
495899
4285230
2338612
1897577
1762731
1791893
1734751
40034
2630685
728870
861245
823257
2295882
3195618
796693
3914213
1494833
2058288
1687641
318340
2245785
2095636
3967773
2117909
1681360
2127199
3614514
2597311
3767017
2012009
4528224
2735748
2084862
4168135
2298847
2084661
2813660
2710628
2026790
4648563
2781571
2643204
4852491
3898311
3349882
3739213
4156714
1859223
1231400
3759944
1450182
3892142
1135897
1735075
4915912
3290808
3396352
1072455
2563946
306018
1481226
28819
3142477
1734749
4044653
252836
3655780
208820
992563
1264972
3578631
1399651
670881
4048501
2319009
1715165
369349
72585
1643106
924414
1350200
1714634
462736
3704761
1662836
845378
3338714
2679998
2135493
3101174
2106916
4321955
2569254
2622988
4030294
3567527
2126721
3578050
1509639
1332018
4845277
2909363
3345193
4146222
2134458
479812
2683120
3459056
2223833
2745510
2527378
2495051
2517295
1370029
3446914
3656603
3096363
741477
2116146
2710014
4323073
3090137
1972417
1462224
2088908
4029682
3565718
415479
726381
2255524
1768093
4007768
1397838
1654579
2347442
2573493
3323078
3333793
2078680
3397669
1629635
2479479
1642169
1112356
3444967
2017799
1636879
3980676
1103732
2719334
4088605
4638742
3653442
4010086
1655332
862088
1855195
887556
1397854
4675618
3545864
2779029
1415526
3251884
799916
3760479
4029686
3871989
3699308
3102206
1137879
2360394
3941094
1640115
3553569
3876716
4352488
1926301
3921649
3945419
2552046
2293429
784369
1788997
4310021
4437056
4018669
2545604
4319952
3169255
611753
1129951
3263082
2878235
2458536
4064639
24023
2554611
2256378
2505545
2596018
26707
1291267
1935058
Total scores: 2143
Average score: 266553.71
SSH: 38, SH: 248, SS: 16, S: 195, A: 1329, B: 215, C: 83, D: 19
