5007164
2901666
4048208
2403677
2994583
2528860
2641556
4640775
2399767
2352279
1923214
1842700
2382377
1002940
4543721
2599450
1192902
2786058
2399766
4639931
1885816
4376495
3492582
914220
2450838
1021579
4176938
4638949
1630164
3927904
2495251
2295882
2024506
2898419
1414282
4440053
3010986
2327962
2553242
2675756
999720
2201145
2540399
1845585
3173880
1075797
4537193
1941208
935135
1701996
3543557
4468592
4560811
4113363
1163521
4236385
4059154
915210
1274017
2874408
2843965
2389303
3708195
3122902
3462322
3057790
3397860
4184538
2735748
3168035
5058002
2715370
5058000
4486136
3542856
2179629
4047519
1459488
2079597
3591499
2556199
1148905
1808605
4086426
2689931
4583712
3595734
2159408
2625911
1849580
2365752
3997710
1855195
1162425
2240526
1616369
2171360
2753891
2078195
1786929
1949106
1313029
1296305
3025365
1711307
4690175
3579281
1199955
3982549
3977703
3802129
3012582
2318117
3758766
2945512
1302567
4054015
828242
3814186
3284709
4646545
1861487
3821905
4244680
4010086
1979409
2205311
3722078
4449473
2276210
4059156
3229006
4029403
4545631
2176404
1938974
3349882
1157868
2240223
3834251
1350927
4143815
4536514
1121616
2279621
3802844
2573914
3040104
4085207
4480795
4436738
1129951
4672863
1187302
1289675
2781369
4134856
4101543
2671379
2325387
3135149
3070066
4610119
3849847
4059149
1233778
4772080
4727786
1519863
3926086
1816243
2168419
2677494
2521259
2487880
3266252
3419039
1064976
3577374
3338714
4189842
3056765
2719302
1385398
862088
2209202
4225030
1394506
415479
3195618
2743756
3697682
1496766
1078675
4287878
1863083
2319171
3487528
3221833
1046841
4226575
3668020
3194930
3501901
1003013
3707946
3361023
4818584
1582287
2775397
2744798
1013786
2692144
2493463
2134538
3438148
869222
1690353
2312539
3081546
4096258
1108758
4342891
2863658
5054544
2064453
1990718
2206542
2236260
2236622
1820714
1306992
1655981
2238956
3542653
4189841
4404049
929999
1241370
2257346
4291753
4319071
2590119
4528224
831241
2813660
2550203
2660294
3272740
4272569
3658332
2173926
4042223
2633231
3745820
2769886
888010
465548
3847754
4048545
3990534
1805627
3869560
3517482
1435459
1527747
1811722
2238881
3415077
3205000
1732802
4140323
1816113
2737141
4172057
3644156
3093271
3392208
1760666
2323911
2141888
777074
1995061
4197563
4761861
4585194
1028733
901854
4198445
1569904
2527150
2351797
3926567
2078916
1150868
1846270
4276614
1816073
658127
807074
4322403
1723343
2014389
4315024
2174412
2559938
3791672
1920872
2249387
861415
3773772
2041050
1019544
2628691
2314336
1997892
4321781
4756087
2469200
1895606
3532090
3385971
1141858
1985735
2280910
3101226
3765522
927754
4537613
2610039
1783034
3149030
2840740
3844631
3707952
3654660
887059
2303916
1047919
3843928
2300083
4586651
1714882
2486881
4189161
3967023
2628955
4610121
2264767
3313127
1911588
3136153
1385964
4532648
4355276
3322635
2173528
1044728
2187211
3019409
1754777
2914646
2226722
1744843
1095855
725718
2726346
3121079
623699
1890412
3145600
4742940
2367231
736215
1101611
1988320
2272898
960875
2278930
2069841
4721743
3721240
2069999
3752975
4518871
3284710
1210660
745360
724015
1289705
2520220
3074108
1822108
2676534
1681360
1186901
4039494
1984886
1826438
988726
4017839
4134503
4374452
1377957
3037642
2740030
2012300
2622988
2403907
2026764
1828346
1895607
1095893
2610193
714001
776951
2562794
3822205
2178404
2962206
2084319
3119369
1286241
1872396
2796126
1860169
2117268
2590221
1083470
2284893
4417382
2659368
1551874
2099491
4321803
1544643
3034391
2267564
890190
1919312
4294727
1524103
2624331
4134502
1836680
2708949
2469345
3431450
2602090
1125406
3578631
2249059
1776723
1725588
2677343
2484994
2512990
4229598
1918978
1358921
3040755
369349
4557010
1701404
1353828
1302583
1809379
1129193
1159687
4157223
4874327
1943817
1935845
1754659
2864137
2715815
2046445
2058087
4401663
2597020
2677191
757003
958038
1347794
2410948
2070594
2545604
2223077
663725
1158325
1399651
2470194
2490307
2750550
2246659
4276799
1204537
2564229
1013839
902259
4059153
3023414
2239445
1951721
1895603
1866087
3441025
2182100
2510998
1695382
1226524
3301849
1515089
2574090
1529189
2116006
2689921
1843481
2111505
2294643
104229
894090
1895605
2185824
4291608
1331324
4020054
2231831
2231706
3071981
2599504
3085953
1073279
2632230
2629595
2034654
1583228
2603845
1956730
817929
1489207
4294493
3536437
1955170
1563000
611931
1410548
1075001
1842675
4708233
1909555
1818641
2805013
3707950
2699196
3565301
2164997
633993
2615210
2458202
2188031
1721685
4581701
2918482
2486948
1473296
1451282
2514803
658561
1400367
986943
4027058
1849273
2444148
4019294
2963216
1770623
142954
2962915
933875
1069949
1631588
2315558
3881448
2360394
1697643
3683363
2986935
3526068
1922277
1737899
1097891
1875396
1451703
2211018
4610117
2601508
1838426
1701940
4303991
4047799
1156405
2675575
2330438
3484856
1934864
1353480
1737326
2815315
1850409
1252504
3304843
2801428
1029562
2330357
1679789
1656727
1909554
4345352
4822449
1419243
3365585
2328679
3127889
3992687
2358493
4610116
1062394
2574259
2327059
2201460
1977528
2987243
3993429
1274573
821070
4789754
2077121
3976192
3220698
1097543
1701775
1644535
1942387
978213
1432041
2732387
2033294
4570949
1476606
2097898
1820817
670881
920879
1319547
2464761
4896646
2231703
784369
1895604
1405991
2097426
2082725
2004799
1968283
3582938
2589292
4802061
2460779
1142884
1989203
4584932
1936713
1804553
1589931
4054200
1719416
1180701
774965
2811014
2335100
525278
479812
1181761
4605491
2200805
1940633
1892257
1843653
3703862
2565674
1255495
1829131
2304622
1125665
2583617
4028364
2088427
4029683
1975370
3001448
256027
762207
2474574
2964221
680689
3542643
1111047
1165959
949756
3030240
1256809
1736329
4252608
3216821
3523496
3917025
1857519
4070109
1282960
1231616
1009197
1874508
899732
1648055
1938392
2183659
2620911
3227490
2853913
2034983
1860433
769590
1736333
1605598
3992865
785999
2058788
1736571
2331169
1134237
1492911
2586420
2266529
1862506
3578634
2077126
3066712
4059155
4009220
2684033
1554502
4179379
1889232
821785
3285233
2492632
907479
2564395
1716049
1816571
879062
2004892
2637738
3604997
1746902
1270000
989228
1743616
2518847
730865
4059151
1895602
2164274
3257742
1911572
2616989
2245774
1118614
3109204
1530057
648081
1024480
955737
1836484
1678956
1484776
1494828
2189687
2731892
2545603
1456499
3950672
1997307
953586
1769144
2128030
3206402
1974604
2040582
1836593
3533482
4276045
2274874
1649528
2044338
2933746
1926958
1954900
1838383
2269609
1912276
2171675
1438917
2457532
908042
2336704
1487213
2534559
2328680
1086431
2021776
2281078
1527884
1076862
1263085
3499015
3773045
412288
2244060
2639521
3896189
1969946
2971241
3551777
1817847
3351262
2596015
2122460
1264831
3194354
2705665
2457197
3710758
1989857
1944926
1682424
2240404
4228692
2360153
2078961
1690355
2485595
1992711
2326754
2336764
894744
1626537
1820921
1121834
3614514
3500105
89171
1557181
1692395
1827324
4029709
1186685
4307278
2321562
2158670
3078717
1860991
1570203
1768802
1193449
2090974
889632
862506
888383
3902488
791713
4295240
1365772
1258579
3637960
2495789
35015
2118444
1796176
1915340
1344602
2241579
1941064
2654458
704360
870707
2330482
2269544
782021
3117154
2185148
1890846
2082727
2241580
2132119
2231704
683970
837694
2034429
3908671
2084545
1829925
1551135
2183215
1500645
1304748
3286201
1918015
4610114
994495
2338610
1603635
1073277
794670
462736
2410945
898597
1614477
4302973
3855810
1954858
3608097
172662
2785254
679131
861180
722470
2503284
1520550
1124269
1498618
2035291
433005
2406461
2338619
1108593
407788
1759814
2151273
927487
1679667
1565884
1208664
1596706
1961300
858241
4142643
544419
3669775
2941386
1828400
783860
657917
2834752
4708806
2129143
3791668
900957
1031991
1669068
1004823
789765
1354319
2474570
3206007
1768093
767203
1259798
880496
3108320
4001454
4131039
1086267
4392947
3782929
2500162
2176530
3551877
1899011
2281045
1289927
1845874
1010596
555797
3351879
2281075
2234162
1480196
1227415
1319335
669496
2123284
1380717
4287016
2196278
2677019
2579665
791274
3530608
1737885
1844239
831443
1083052
2615748
820619
1848803
1827323
884664
2563055
1893432
1271007
2168568
820481
3989790
1746492
1882794
1988100
2014390
4214499
3612033
1154744
2200807
1306448
1623892
364532
4074165
1474795
3160882
4009159
1400414
1915794
4313787
2127254
1981802
2138577
1252711
1963403
2022204
2083422
3006997
3283445
1126228
644971
2022718
2391843
1168174
1871842
1841906
878369
2084862
1963713
1123759
883670
2006936
318340
1125784
462700
2779000
1600465
2587226
2524042
1728456
674324
1770893
1065821
1843589
2141415
2452860
3844552
4606740
1377588
1533884
4450601
1407152
902888
4798763
1621319
756423
211154
1500437
2818772
3152325
646713
2784168
1131424
1165105
308917
1709022
3524168
2394336
2737173
905745
611753
1592916
1053232
3728856
2831036
737100
1852572
2077119
1827616
836339
1714637
3034770
1881837
3707958
1893461
2054191
767774
672100
4059152
2523668
1041481
684163
1644670
2116146
1489536
3563274
1649989
2246465
1236211
1505448
4610115
2102287
1155085
3946759
4059162
2354761
509510
845378
1868881
1619555
2020385
2273031
948540
3273140
1735472
3880919
705091
2073335
1454845
3345795
622407
1809151
1714634
1345670
4303783
2149131
1501472
1320129
1351585
1509693
1827558
3093274
141423
1329273
2555112
715637
495538
943415
2112908
1515526
1436329
2103968
1091973
1911308
1917082
1192232
1099220
1103903
2044362
2229349
818304
804164
827803
767280
2570115
1154908
3700995
1607736
2310700
1811389
1122874
2132775
977875
816327
71080
2667802
1668949
1169773
806325
2133576
937709
1261879
2598214
4569104
4001453
3369471
2050696
2061192
3907830
1003447
1290674
1023355
1859282
3130993
1861010
828243
1563135
3905613
1226973
1125642
1261191
1018247
1034421
2057577
1402392
4001494
1994564
1185311
2782887
1702172
49101
1694855
973278
3397015
2206954
1996809
66514
1179007
2045979
1890062
2897463
3564211
1787941
1720465
1528015
2606880
1125138
1788628
2234808
83975
4018769
2906051
2296022
2047629
1911574
4285230
1706410
2149886
3246922
2204720
1860435
3587688
1166448
678054
1611276
1868131
1884654
4228703
1409923
1630299
1706407
1642274
4302972
1862525
4031440
1932597
3607872
306018
933666
1621068
3108587
1970829
3488458
1313635
1219705
2225736
924414
898106
1710926
3073983
1051486
1056202
1609180
269294
2285719
2413749
4221414
977770
296384
1706210
2842174
4003754
753014
1977950
3638672
3620693
1681634
2870649
966177
2048191
1567645
991733
1401254
857586
690982
2719326
1230854
4284486
1968445
1073278
1476582
1630565
2843304
2439848
1955867
4275147
1296370
1032126
1545707
1030374
1546425
1329774
2885708
1973805
1145198
1930104
3137396
40017
41044
1579854
300746
2543244
1315468
1796309
1828342
2688677
4049691
1211828
1462224
848161
959426
2443190
1611251
1914981
4104249
839947
2294654
1728493
292319
1052124
1605533
3322065
794899
714190
2118440
1984889
1385396
1217417
1977469
2225299
1952177
917061
963304
3034396
3892142
731320
452508
561335
1126915
1722247
889676
3233265
947145
2235254
1343792
1288341
2399207
1969005
2298473
1370029
1140187
1659421
1474956
3963274
1555792
1913605
1066243
2083425
1003565
905800
2156318
1902818
1259155
1535180
676575
1612465
3349095
839711
404663
2112898
340652
1715166
2245772
2496646
1341646
2166311
1102101
1509460
2053094
1925029
1623093
3718868
69129
2789992
657519
3582418
883953
1669990
3549213
1406267
1806531
3240001
910147
1725346
1137448
2118443
1892253
1358299
1414762
990527
1793625
2195031
1643106
1388399
1043326
1807642
4074787
2102292
559673
1029307
1569153
1509512
1219310
1918979
966243
126229
4491213
4122129
2067859
1166087
3279668
1345676
1095288
161787
1657917
1187925
2142543
2678437
981872
1075653
2127114
1762937
3011287
2060305
222278
1432943
681813
3438591
1927541
2479479
3385419
864446
1734750
93842
1225627
2259381
735833
457061
1360265
2307015
3276724
2932019
2844963
1438557
1429457
1519160
2109961
1820339
986837
1107112
757912
3876086
1396342
1803397
3593409
2219645
2326935
3118383
1166381
483164
725198
1925194
2615898
766891
2554582
1865037
4295242
830322
1643631
989244
722844
795627
1363026
1556336
2034862
3020314
1895699
1186227
2404675
403449
785156
2096054
1698115
4131132
3306465
1757109
1715917
1838427
2168768
4790484
511046
1500058
2416573
3089375
2292925
1115844
3299402
3526953
1188172
4329889
3232901
1672204
2132924
2283327
314496
794779
1846898
974662
1596114
817623
1633675
2332462
4617328
862338
1636304
978877
1092582
3995168
3333255
1262832
824970
1452809
983609
1724600
631963
1279490
164183
2565986
1373482
1831051
2769784
1995114
1817464
1405981
1366190
856743
2283637
2839767
2245707
1026729
1215688
4325290
131891
2048477
1926750
1572100
919772
3447527
1969637
2133514
1014943
4243844
50712
2198640
2881612
652234
4183351
924759
1388622
879061
3459056
869286
3547780
1219991
1720903
1897317
2144226
2058288
1768904
1074806
1454085
832691
1620144
560453
2061191
2233986
4694276
1725347
2514909
1979601
1955829
720589
1799431
1785659
1351114
25296
2077273
1687642
3688644
1431482
1124268
2065883
2036903
3891728
1766943
3283681
1618799
1142960
1318360
1602159
1695991
1864795
2048026
655679
1565265
1749322
2022468
3057801
2102289
1501410
1982079
1454087
1917158
3229021
2152330
4313921
3625240
1483372
888621
1781697
1548347
1028144
352757
220330
4302249
1210405
2132967
2314614
2026320
3628152
1682831
2054557
2625175
1665638
1219210
684970
3934310
2170029
4415495
1730109
2030431
2104881
1668840
1714451
2902384
252836
102441
434189
4302971
173391
2133744
437139
2152416
1969122
2706308
2868857
1734403
3218312
276451
1076706
1756905
967558
1174838
1633205
1033882
1694395
1670874
1733519
1383825
1351972
1329592
2223745
930307
1555610
1846237
2134823
1782389
683825
1724319
612871
1634984
1231072
557781
1982647
2226504
1991349
2271364
2260875
1493052
2519700
4557895
2340914
728870
2223964
690778
778603
1100071
2161305
3236300
2017881
1746993
1749822
1971660
1804040
2060302
1082510
1309336
2144017
1700408
3397001
1343292
1034782
567376
2223735
4642202
4284814
1403276
4295249
1675832
1842523
1946834
1342804
2113754
4662226
1936122
2693244
1724654
805029
1292113
2618935
1399834
1796164
1086109
1468473
1137172
1587059
1220272
1028537
405059
1982146
1243461
1762728
1731655
2069610
942356
1669658
1016169
4443021
1922293
764472
1901537
3579652
2661537
1742937
1679782
1415582
3768762
3377514
1818843
1840736
60941
1905215
1859153
1800249
2678891
1604236
1625191
870152
1103732
1637011
2136959
2225036
3305281
1447690
978408
1602969
841565
1621175
1271397
1256330
1752313
393953
1496486
822765
1856805
136400
3753922
1768837
2341259
3450779
4322080
935029
1154509
762853
1114721
2132927
2277236
2116483
1074466
1071438
1777075
1488259
1529943
1509637
1843594
2881593
3864489
522905
3518
1447689
1982345
1877959
608491
2132928
4323073
1952037
1529763
1988750
2061188
1121405
1818789
1529761
4321955
1671172
1089798
1896796
1938846
161902
2008748
1686499
2319009
2046116
154853
1397854
1668950
1544689
2630685
69058
315
2282512
3243075
1799568
1047758
1785185
1872563
2958102
1740944
1906336
1013534
2848842
2211017
3996216
1764707
3101174
591347
2462245
201523
3656603
345189
2543190
1857880
2237468
2008482
3567527
146957
1858652
1646483
1241924
734434
2474571
3737266
2596971
1754266
1629635
1172819
2431627
715044
1509639
4321780
1981708
677604
252238
4648374
1083643
1639735
1402167
1636879
2448565
2889229
1294709
3104339
3377513
2388297
4645541
1859223
3862594
203701
917062
1009330
930497
3653442
113897
727637
1253592
990396
3945419
1761422
221777
1034570
2458536
2165744
1043169
2085694
2677188
Total scores: 1967
Average score: 312908.59
SSH: 12, SH: 364, SS: 20, S: 288, A: 1114, B: 126, C: 33, D: 10
