4000950
1642274
4127115
2237465
1199955
2058788
1989203
3018109
1476606
3970329
2615748
3963090
1808605
129891
1127798
4638742
2368758
795627
1997307
1251181
4821023
3851983
658127
4099971
3522619
3645570
4846148
924337
4838452
1377957
1401254
1073278
4303291
3885119
1032126
3637802
429800
4636550
948153
865344
83975
4049167
2079597
3906726
3889200
1242427
1256809
1172819
2477065
3946158
783860
2874408
2530810
4706688
3385971
173391
1286225
1028733
786547
878379
4306835
2518845
2213673
4862040
1475620
992106
2237467
2519704
1402392
722844
4125605
2496646
335041
2165271
1768177
574471
422328
3548649
807074
188709
555797
2237466
774965
1621068
828806
3853713
717632
2099567
1783812
1031991
2852981
2817560
2521210
2437233
3863490
1277254
2457465
1380717
1157868
1749322
2166311
4143027
2677019
196977
2547084
1988753
3928577
164020
1804553
2254763
2145832
4476311
1716795
807482
4486700
1142669
1046830
736214
2943272
1925194
252238
817987
2778999
878369
1895602
1932649
305948
1054655
1205876
2606880
1772897
4098827
5027617
1754777
1644535
4684394
2956396
3232952
3184241
2064046
1783813
209276
4404756
857624
2095314
4004944
3078415
1001682
1087334
1632673
1889232
773398
2357806
2132119
4896167
4798246
1594727
1039511
4848181
126645
3020123
1047758
893739
907594
3933767
1029562
2298847
3623520
2225036
2133576
2059822
2791432
2800923
572051
1871842
2044364
738980
1489207
1705327
1241370
2540772
983680
326660
1172150
889632
2719326
4866801
1827323
1911308
3615659
368238
3564271
753010
435350
1955170
325209
1733305
2069841
1772895
3480947
1816113
168504
246584
3930309
1519137
4266945
767203
552068
2452465
780914
4697891
1229493
3759170
820483
149388
949650
5078595
386728
847314
4876676
3825620
910147
547566
2082447
677938
2044368
1744385
727204
2067117
1029307
1511760
1405981
169841
1234064
2569254
2249059
1059388
1419243
660594
986375
941302
1260398
898576
1720903
1915983
2083425
784240
4535499
3645144
3497288
4112173
986232
2203573
1483372
845378
1860169
1566024
1988748
2063622
1873147
3127889
1385396
4234632
127363
848084
301176
4243838
378781
1919312
1918413
589671
58063
744673
305227
3111926
47152
2962206
1576395
2200811
4780999
5039434
2336731
1436138
4642440
1623092
4303773
1778560
788662
633993
1785750
974662
2164997
2185879
1484989
114635
1648055
1612454
432155
1530797
4325459
111439
1907933
476149
690982
1859185
1762724
1282380
1533884
3020124
2443190
825308
1924025
3333700
1836274
1150882
385544
1148303
1141084
2609485
69405
2067473
2039119
2221476
95795
3299406
663973
1218337
553131
857477
3884903
1730139
179070
135880
161787
1974323
1714637
279140
328472
1096903
790218
1110281
804164
137121
815857
317460
2651771
160491
996357
519080
4872480
2477067
1295194
845391
1962182
2281078
175693
1073275
736213
2619459
1810188
256839
3295947
1838427
2779000
1829038
4586033
736215
1848732
142954
2502889
53554
806325
1030374
2817456
1033002
2419371
854824
1749294
4755428
1318245
2089376
1043661
996356
2540399
2825230
1764213
724015
1726474
2708952
1827558
4154528
4521894
1018845
1864177
457257
875945
828940
1912765
761868
711758
790048
3888920
4352514
2596164
2201814
57540
1097543
180104
2535968
2624071
1570203
2399176
974148
2173072
245780
2438536
1255288
896753
1587909
2100940
16266
137119
58062
1557471
5064356
1033154
2778998
1675830
2128241
1127341
2063029
366142
824970
1849273
187791
1803553
1770626
894744
420080
1714833
753012
2264529
660593
932400
256027
1813910
772293
1778453
3326367
2078661
122693
1501761
1474946
1258642
1639687
2124919
1309931
2732387
1841188
209576
786021
4144818
3632631
960985
3168378
1002857
3455868
725718
1951721
815690
1515487
2944126
2203868
1937456
932432
1088292
2352543
4872483
366140
2125715
2098548
1963209
2271070
1351585
1762728
977875
1403276
2699264
674349
532666
1230741
116128
2142039
1594726
1675832
847296
2315392
4553618
95583
2802273
679131
111680
2626718
1253352
727636
683086
2217440
2152441
1093703
2237470
1833964
994038
783861
2641751
2569175
2518844
803199
1107300
658961
1030059
1294881
2187303
430888
1080393
1647345
1838159
1926301
2291305
131286
2368899
163054
1739112
1191209
889643
959406
1363850
3696570
4551694
975588
539909
1895606
1083470
972457
1897567
1255475
2874944
1897577
168254
2071921
2083421
1023492
107875
1343292
696225
493373
1970829
178645
5062973
1144257
1056320
1351114
124321
2701517
1972186
1826137
2659640
1077686
1108627
1498150
822403
443616
778732
623835
1800871
1066567
385548
2399465
2012527
777074
1944898
207174
44139
1188172
1821081
1816785
2947682
24695
114716
1675834
1623093
1474947
3613815
1805910
2036906
1021251
1672165
2086442
176280
1324772
221950
3755042
1113616
325060
1603635
1219148
892543
2719327
635679
4306821
819944
3991720
3508931
2168156
3867131
2201824
128718
140665
352757
97942
1026729
2420455
2097898
3613816
142480
827932
4560802
2217439
1036354
2536882
1245365
144029
869285
1648053
160106
1621175
1765284
664265
2036902
229699
2310865
3937149
104229
145563
2512181
1109849
176960
1003944
3301339
1644648
847659
58286
517432
43603
2897724
614323
142772
2701267
1814702
160486
3886233
803704
638017
3444608
838482
1846237
48416
5036616
2168425
1936122
2779004
638493
4722606
2165269
1086057
801054
722607
1142960
2128221
943246
1971795
1675838
918723
655684
2052447
367175
463505
1594730
42716
1018238
961692
207659
5036613
922916
146299
41044
2128226
970163
902259
3403124
1610994
939072
806376
2762018
1762730
1385398
2945175
1783814
134334
2947493
2824646
1147609
1864175
1992818
1215777
4042990
678461
3828999
2151207
2791233
1463190
4069161
3580622
1487797
1645699
2482032
221948
1912769
1594713
2033840
847313
2518847
2709349
518878
2701875
133938
1053520
21010
2121051
107410
1530620
1986845
229695
758579
1324919
177973
847592
2988414
4366807
188758
1025133
2125723
1762729
240488
1909493
954692
1083055
719594
1635980
1642169
487384
2064221
679242
3888922
2465008
4081854
3898064
131891
986042
1231615
351992
688942
2388297
776594
1753408
1474956
3598398
661993
1466008
3206
1694787
322279
647685
351996
1107104
3583414
948654
2938031
1486576
124701
298880
1882462
2022061
1034482
3645577
1810150
2538199
1302354
4168913
1762037
2443188
32928
905745
131564
1432943
4704234
1128411
2206507
1675842
1501472
663819
753014
1675840
843906
682053
95733
3385969
2009788
2448542
983692
719517
994495
972691
3440631
2509145
2133119
2443187
433440
140897
97525
1783944
3666584
3509524
201522
18801
1026548
1984257
1857524
221777
1296610
110175
992281
2608130
1465147
140821
1498892
2058789
2709838
28152
3899620
1826438
1366191
3926702
3954641
1068383
3527703
1828400
1385397
2021335
646713
1350134
841599
3237969
894090
2128224
86324
1762727
954254
1612453
480891
851518
1968605
1166895
2336375
1841190
351993
4672163
2103350
2141004
2281077
3019319
221677
1247754
1135897
684913
924446
2359099
1675844
2775172
794779
2853902
4420590
235880
1968440
161902
282166
2413427
1610022
2083683
15370
772294
896480
4392960
3326383
96792
1531842
3555173
1975855
1118196
2229286
1802875
433168
1005548
1530642
145561
96763
1573997
268080
1988750
325654
801663
1220665
1454845
2180883
979547
1613232
908059
118068
655680
1826136
799208
4464241
1594731
263900
2066644
4240721
614215
1836302
904866
172501
131006
1815796
637477
2532379
1655981
783607
179758
1614054
47359
1021579
178721
136553
707772
2702508
1630565
783667
2161977
129407
3493929
1385399
3887173
1135331
1714633
2218609
2848137
4684351
1244293
2933892
2221478
1119026
1372142
2943265
1487095
77231
2039543
2125711
967546
1366189
98415
716020
1810372
737100
299167
1829878
3414487
1765587
235879
1053519
3160676
1941208
83974
276451
4622106
714506
3778935
1071369
4098658
2242173
1619338
1169773
125702
1621319
1139717
3520088
3667951
814734
1622298
1308941
952069
3465282
860921
1594728
1053243
457833
1690355
125838
814293
2036903
326550
406970
3496042
1969946
433005
833638
2541840
1985735
1894591
1675837
1595667
1895604
1846226
4352739
1569904
1911702
2010007
2744037
2391596
1181761
110795
967941
3615775
2058786
1036510
1297325
846726
407788
1306871
380029
174195
1757416
2606015
1639290
27637
502418
2419373
1828340
112817
108343
1771721
2635006
1192232
1782316
2269544
3646485
677872
783127
816327
924324
950679
1861487
1483395
1071565
537411
2920768
3530008
96564
1289398
4771467
1125982
2823085
999566
1002874
3563097
1773386
1643270
1619555
239265
994043
341891
2058833
2241715
1742530
203906
2040812
2458768
1454083
1675833
1408296
4376042
1840736
1872396
1025919
554519
1530057
1266392
197813
1968445
2664875
2352180
2453247
2325387
1570798
1535062
2143128
2039544
1049287
731975
1760666
744675
1294238
2463770
1907737
828242
3544929
2098534
1079133
119803
2033680
1912767
1950368
3901896
1370029
999944
943399
1220396
1041551
1232328
1027702
1885048
216747
1074122
1895605
3572698
2226722
949233
789765
3514241
2194972
961907
1073711
3444743
2596971
3764203
1100231
845803
3676169
1353480
4044863
292368
4406631
1265800
993419
657916
1038425
2320451
1644937
4095751
1481150
46628
3891584
1474944
1059390
489634
2451494
1498152
2421233
893627
1675839
1190696
1927666
47970
512000
2161305
1759106
2141005
801303
3459056
1828345
637623
1187250
1026084
1241924
1454087
3792435
3879769
1820817
890190
1623206
3719004
1854034
4017110
4524272
2164274
914977
716955
462225
26547
3032550
776076
1714634
1040855
908183
1587910
623699
2060019
1815491
1548125
700653
4308870
2420454
1002858
2420485
2624331
327062
4535471
895331
1442773
104621
4648154
1701923
157287
4236749
2128030
4087821
24517
1911701
949232
2759110
962800
720176
2123199
2610039
4607972
1435459
1706210
1895607
696629
2881890
140937
1034889
3635433
2290342
967559
1169865
1514256
3497331
1480694
1095855
3028667
1253351
820481
1294877
960875
2303231
4610839
962979
1518125
1988434
3683516
929999
2741910
2254470
1762937
147146
3440632
3907023
766473
1697561
2200557
60826
1594729
158870
129847
60858
3687828
4226605
4293574
3852942
2567535
4045689
2525656
792989
4680797
2553242
3469843
3849082
581185
1236683
982912
1126915
917129
958160
4431142
63133
460506
1746902
2044362
1690358
683970
1264503
3496211
657519
1690359
962454
1261879
2518846
3306465
1627157
123417
24733
2239073
2937933
674361
322742
4131103
3552839
1286241
1507125
1142884
2623831
3246376
2994583
4859859
1692260
1425098
945107
180103
119953
1527747
3813237
3638672
2054727
2240223
1952051
1675841
1341478
4606700
1754266
1539079
1095854
1944776
880496
2077273
2196456
2194715
2250833
160490
3992816
1016169
990527
223670
1932099
715044
1145198
2613334
1828344
2185106
2036901
1366188
1895603
525278
1162425
2869650
1343925
906558
1944714
943403
3894237
990654
1056202
3238282
1994599
2095311
3286045
776496
2083422
1893432
28068
1045304
1396915
1083052
1111833
1930320
790229
3057801
864446
2489378
152679
3644151
395873
209550
628351
2217436
194320
460507
541392
366236
2559287
1018898
1192895
1474948
1523011
12789
1110969
966243
1944713
1294887
1838426
2751787
1587059
1892257
1150868
1113561
1488230
849199
1579923
1481149
3369714
2194915
3613647
3629575
3217551
1788628
1588277
1690353
5070035
967558
1743443
2726346
3752975
680919
958098
462736
978213
2575008
693288
4106914
1236682
901854
580941
3908671
2046445
1612465
2784162
4288226
1134237
1063867
1694501
1681634
2562794
2546190
1341563
1301562
1118614
3135149
3520087
3729849
2200807
2667802
1442771
5035509
1344602
3573970
951401
821785
1643106
992563
2479479
2679663
663725
1186901
1809151
2267564
2677189
1860434
1636879
1366185
5043508
1899100
862088
3526113
924759
3564083
2844649
1451703
680689
3100786
2668755
1231134
591347
1580794
2781571
94944
3499015
1849131
1860433
Total scores: 1505
Average score: 271772.87
SSH: 31, SH: 85, SS: 59, S: 283, A: 892, B: 133, C: 20, D: 2
