154727
44746
529108
1040239
653966
847314
1020713
86390
807219
651744
692241
580225
891695
86269
987965
1192085
519080
1602763
918340
1134724
90656
90094
476048
1274975
111680
404910
654791
495590
269963
455013
979077
1074378
490188
460456
125256
706003
55003
523822
115457
907850
100659
1982874
472110
313165
415693
74959
96792
1150419
112531
438061
558277
2685040
1398028
148653
188562
1020008
918087
139821
428653
1475945
558765
1153526
187821
728186
161338
539036
882957
295356
316258
257512
737333
174285
613967
284104
1301466
488459
115173
658350
622769
834354
164183
64001
730831
2691260
878311
1959554
235949
4005281
467765
711778
562561
291371
369246
706798
710753
210009
994568
522773
691163
120428
403180
156592
574943
2813535
145280
910913
617429
939209
455455
1025946
552498
363716
136258
538286
2012311
77170
817101
464973
285708
395338
264252
973208
443129
662095
535808
441680
755932
554627
1965617
129946
213750
164051
61684
1071125
408298
147379
274537
353384
2383173
569363
84077
742701
429814
765880
895014
155404
174644
372872
2181064
220245
920015
351513
219614
86219
374834
521458
308908
135810
134301
83112
894471
153402
94170
2010421
140963
351912
932185
1483099
784751
67714
193926
386617
124321
376752
860220
247794
1872396
454655
394162
595841
703177
688907
134269
632721
979412
446256
530358
88910
347112
79362
1024725
765392
799871
250368
819696
597469
1510212
134918
1412952
210353
2664535
271638
749520
141368
357470
1138584
53883
647119
323769
115340
1154292
208849
240498
918691
856204
675569
425173
162168
458405
120374
153896
223864
87066
1041710
138247
409033
313129
1455969
646310
447164
1146709
747320
797845
905424
105806
182613
859591
85738
157244
246732
374835
495198
205415
1182248
283035
49952
956456
792303
454888
363724
312547
727426
93680
988323
61507
2400965
1018869
458813
284949
272815
786538
245599
1302611
603691
264218
351189
509489
295857
150057
1056732
115328
363982
197189
139139
317112
161632
128074
628139
1033739
775522
236854
292006
74273
47807
2685718
316176
543834
93869
2125040
134791
746298
343232
116289
768493
2123717
81107
168988
159851
720909
2550489
218021
70918
332312
652226
352693
803402
761600
4005288
151643
181730
359216
370094
630591
283858
1017975
455222
165182
631859
145071
1704995
587103
1633678
313888
975036
757656
295097
226351
154922
490802
2317701
245816
1188553
258409
519405
63769
70923
301676
1036304
789207
239581
139170
1533376
737536
2902813
451383
105796
428874
263807
942998
415020
764652
681412
1617640
748438
767804
83968
85106
117182
128680
155856
83075
274832
361011
210105
267495
405716
2529907
3062999
1002613
483882
76909
180194
244281
147086
722558
937380
943328
828030
144769
185495
1451924
949064
1355094
86973
929627
679556
387409
606557
669105
667957
741840
82241
123573
758459
83969
623191
544837
661349
540956
357755
707636
703419
559886
530562
393360
133398
207659
828065
606563
235309
931597
807795
428931
2643282
526634
209668
688289
35270
236466
225280
734339
351109
65250
514703
258252
105218
687524
62408
112583
232167
1199362
470939
333375
455176
82604
336734
193835
182007
1382659
443806
457350
239816
738735
812590
510643
114125
831716
945609
210161
277782
279757
130938
1621813
408047
1187604
307706
369921
363616
395299
261850
211620
861846
220021
175461
2538910
284070
362949
172968
1169038
45179
36736
368119
1184314
898201
1135332
98301
847313
96142
899144
251792
325603
128899
162363
761926
158587
99858
51626
209181
563006
313887
314149
1873147
307852
463135
739195
91198
2943946
443272
415941
642577
757816
163571
114182
737331
193523
77751
132623
77509
373277
218464
173243
671747
133173
831705
280677
629007
535062
99056
2579124
745345
2328271
75253
166485
236224
283593
2223073
594331
271848
556039
591369
517651
199049
137650
382975
820944
389698
161214
260872
435273
2515485
192111
1621084
523139
281500
649545
1065757
2609064
380012
224204
661243
735021
167880
369401
75320
1027034
72904
1589646
274901
131202
148988
138432
154889
753224
999890
167963
870855
506779
1020665
321868
213713
564853
740064
999524
56542
91068
742346
1851041
560833
76512
92244
2852181
290309
93681
185904
886712
152826
1149288
1023849
97521
1154766
966307
153771
432841
989603
1026749
789208
71073
59409
540526
47808
821594
304446
545933
519647
218276
66355
796624
169832
735433
154925
783650
1899327
1013625
69448
567607
59286
61802
140111
156313
162237
777303
379038
2815257
231018
854344
166830
83427
65312
159121
187830
168069
47893
168836
602973
105004
653779
1964355
40428
211878
685380
232288
170934
490608
493755
129080
131141
423761
958424
746415
391522
151644
122855
1034421
283252
188065
131633
238264
319737
972844
2556428
2389656
848143
963936
94552
63639
787768
173866
127440
170985
329508
151588
1097265
881700
148944
665565
121197
94467
4256460
733638
571925
580407
133737
1982308
82749
276165
3915463
657509
172942
283607
722291
718046
498711
321356
684221
168989
783613
132438
737001
461600
128533
327189
130807
379090
309534
329565
144620
782073
648072
596161
50867
119575
525304
1282099
294225
44924
76540
1996577
149364
315552
667993
167271
1011658
271150
307618
159029
102352
3931984
1428543
757847
85075
1418128
500939
420131
285517
2627977
164230
143990
66660
759780
1219046
413446
985248
233830
680751
1863248
274319
519848
303207
250454
822682
1006811
302028
860022
132490
688382
421129
101863
208085
2533159
129613
2966994
501894
387276
242653
553689
709880
366919
187882
150537
481272
686399
137166
891557
167378
300689
152955
1428267
1039330
398812
91672
2860939
832224
156904
203269
155989
422549
84916
141563
424450
175250
86080
518331
654387
89620
818686
289275
83123
1800565
376997
760534
208669
310067
54276
252741
277848
320682
575205
319546
149835
2540648
593823
875557
148943
180993
651596
960304
1789452
166585
238698
688618
283992
163077
183207
110855
1442952
135307
307607
81898
496006
2389725
547752
804164
139871
2691949
202217
828302
319795
199047
89901
95318
1284048
168816
684823
327899
490154
72617
597819
2323588
909174
563370
90940
684101
1031420
1321495
1208245
398869
380353
274078
751936
516748
223185
1353632
2600984
707577
802291
596015
106890
170799
655300
3647500
261417
185590
1025348
2088910
62179
2523121
171617
276462
139299
671906
254824
425890
559123
67870
436277
2901015
253159
849385
131716
973014
972834
176138
831868
1619555
174604
1065898
668549
654520
1083694
94687
223356
2829681
182759
188891
135259
1058710
2596292
48646
471369
74376
168743
315101
840882
762518
262127
996113
424192
530235
1848882
195290
232673
980800
2378549
440373
196598
515453
792670
850263
100393
2890961
402349
1148834
131916
705329
747177
628687
1879808
2691912
124029
611245
93570
275387
812041
397319
98491
194203
869537
413325
110626
417884
802755
2755564
500753
64364
512981
1641833
380485
1139535
1180108
222947
434870
418631
2717460
94972
190715
35723
204752
2618287
906489
192875
647118
737427
139634
660178
4006497
473697
197926
138222
1030559
517756
3863235
1737169
1130622
293807
150955
156070
736819
450182
371490
514449
679903
355851
146784
116273
380596
558049
3019026
406386
79762
125246
543814
451406
178643
726608
272235
1121687
577517
230976
128406
138219
70217
1086956
217484
528310
165554
1027175
84197
139311
310071
50269
184114
671412
515751
397594
307162
180901
131525
2069610
72441
535334
2840234
947526
763520
59411
1572800
1406645
386638
560270
538388
466736
355533
728393
133654
1245276
714365
128863
2892752
668879
1038201
1037415
4005285
220411
754051
139464
98168
996708
2115037
191580
1155619
3890272
148316
269990
292429
512707
161611
293934
315223
1867520
1578837
721158
800101
283173
639435
133480
117493
1286763
212045
309209
1854205
147605
75095
113019
1962068
237675
48745
878856
441920
962366
4249334
269185
525037
386464
187228
95538
502793
2382179
273827
1007052
345099
172070
126912
88618
181589
520080
308462
229676
495285
249257
435350
279393
913258
115509
146393
1396122
227854
245924
486152
497171
143915
509031
401004
2923623
141028
614843
1214378
507572
44960
364711
89856
2943063
266685
371930
94588
368798
854599
356691
776730
175220
946065
211901
155369
276821
809971
378270
112218
316032
190304
2392113
444356
661902
1204198
46553
65177
375036
340135
88302
107075
92386
197963
489768
1040044
433646
232952
423419
604265
125837
175523
132608
169618
2524708
158911
309198
926137
1058300
71403
3708437
505278
912396
182262
342289
123585
795988
61332
1071722
46118
88754
322053
581783
1873663
2486052
123152
758156
279633
288788
3063239
850729
1307019
438783
148839
771496
677541
138750
673632
1863289
130754
330788
521539
1407223
50124
449484
237725
1802851
272554
315496
402348
75061
833389
271196
115733
455175
415915
804714
271088
758701
276596
447506
930315
260930
73433
127363
222312
154198
1983436
67002
123429
660345
496376
211732
290188
703042
159453
1582677
114635
647498
56307
154774
745087
685262
948431
951393
757792
371593
122936
382755
776489
148609
199107
1815321
121838
549659
272684
794985
154582
373273
1324163
397832
563717
152902
92382
756752
2581223
111285
356170
222342
609129
878109
784256
979547
154714
1150189
351796
267478
733678
220983
698249
517595
83449
215099
166447
557987
1228631
138529
744040
300963
297108
1937747
262617
2618028
642687
163032
639865
167621
134050
800633
378469
857477
175628
291385
65634
142622
1439137
869222
1931472
328977
140890
188393
1269259
2002273
47124
2394332
134364
211697
169242
906940
150253
187730
2241188
316547
132411
91606
638207
700607
474679
345600
388441
2851932
1701160
1104323
37997
227763
222666
548390
657498
1673623
265429
803446
256580
168324
140139
758500
978120
462478
236022
373042
130372
969665
1919061
118549
974072
1306151
737638
368159
171642
78707
92878
285515
292743
179174
350238
1591550
113304
711357
2922555
991267
359663
451528
167620
679779
902721
48807
133245
876674
455829
316468
928691
1741594
371645
1661768
824389
2688677
1501840
446846
87300
803405
949650
451741
863159
2839967
697330
1260399
2067820
861348
316404
525036
104614
1522331
72382
2853190
62037
63128
75861
289752
53554
372170
1633126
833632
106359
2664451
550605
1109360
597817
556040
58361
179758
264159
1684705
853918
1135331
3492744
199593
1213457
129058
132903
333675
57477
112123
2581610
430543
143113
71102
2696241
2709933
955732
80584
267453
232720
72986
416492
949065
71071
128379
118751
316131
193375
328890
926153
1882462
695636
290715
165140
158663
314449
2560355
150093
325523
1454378
2318971
44845
143668
1399911
424201
805030
412841
717344
2432921
173567
95972
1699930
125838
106387
619391
74275
633251
216690
256095
802311
129683
265027
168579
404237
56533
2115970
1636104
602547
186184
63441
2582808
152540
1176265
67817
193641
539090
136251
1880327
169474
435472
403822
2506968
861398
877622
81775
663674
1881693
381500
75473
473200
136413
872520
243660
181507
207299
490173
299049
147008
774965
589965
209155
430528
1345357
334512
2749879
63716
712079
75846
128606
2491234
149693
1120682
1094174
223350
965182
79217
118606
980398
153631
546514
123478
532469
402601
133596
183117
241724
357780
424538
168904
190458
792345
947470
637739
949289
139477
340923
697276
528060
167867
544852
336821
202216
404489
958819
130339
792291
285600
191314
66927
1164084
103221
782160
816453
1176117
164689
742348
150241
1160293
2283410
184267
1837666
89606
55352
568958
671745
688886
320837
446612
2523113
124304
295414
451414
3937343
1815796
1812394
2444666
73982
332460
245123
323264
2349207
313727
139026
281331
298880
402718
1785133
269251
2554841
107200
599293
185596
2465651
1080886
1842604
2587026
146967
402573
86106
1178758
1713168
759164
443481
1284436
989018
947708
209895
790355
334989
369757
3721348
106373
185276
356638
98415
3858628
104229
268445
542640
468994
764014
142375
208519
827464
2228175
1588610
2587024
281174
1053231
1221314
1724066
1838079
94468
356968
144292
74748
2475939
59708
80384
299364
135985
2940723
1759106
1028436
1510219
460843
2535967
109420
267831
2880794
548641
1095944
324010
1930341
2829645
216594
771495
166046
1899079
338682
427104
619429
332387
160712
2609903
248474
221862
125254
1074000
400898
251662
695675
1065711
2620693
155929
931388
122363
735012
459845
1986961
971708
507098
630519
251754
761802
510687
157886
282369
1413077
1801887
1086188
400527
159942
61012
2732801
3976675
2470867
515953
978693
592123
314645
407314
2270798
1439410
125067
187829
1480163
1468912
173505
1165780
89391
749388
64028
309501
1536487
164567
2905433
1082244
737406
281047
60761
157725
637505
149942
323907
159785
526305
4003023
1084742
405800
420793
297471
214356
113587
134488
3932366
1033305
2464761
140361
537529
76770
2519190
130311
825308
614255
300923
301302
1767385
2337839
746533
145656
992122
161615
271882
329752
165015
2720744
74684
631677
1870698
237556
794551
795140
77146
419451
74628
966309
1468282
199895
766098
359079
237649
164956
947334
525769
4005286
1652117
452882
530223
251782
389078
52008
965040
889634
201210
738558
1672490
183769
2333307
329680
136269
2937543
129835
135728
520914
46623
93655
737755
164174
210805
599995
296160
2011721
692240
889327
623835
321036
571981
3669820
424554
823688
1428990
72425
653424
226563
259463
252737
61403
1029043
598771
99989
264370
153927
736214
559853
341891
354898
2372012
2484459
1298486
113883
2519913
291562
2443285
1491273
2800789
916150
125944
1274106
296411
1258135
361726
122230
379411
667685
480648
93871
173002
101872
820733
1411984
1082245
244437
1283279
103023
3858732
144851
251645
3891085
785130
559372
424591
797288
763875
461364
1261881
537887
52233
657034
1693828
510234
918202
2615907
472087
2311949
81647
897395
684797
1962069
945538
77403
446346
1394371
956355
943019
1506402
869145
356205
382728
110628
289140
563719
800385
401784
544993
544780
200703
63678
159786
737117
1095721
54321
1415439
439579
519009
362998
681874
160120
1749064
343371
2618970
163668
359082
279824
2593669
733830
418630
438239
902086
1879804
2679351
286033
703275
2806598
881739
2841350
691156
70086
95641
818728
54307
856125
180911
170242
76756
735458
277969
53244
139824
136323
345701
107734
279481
3919752
2391307
109759
108021
2039850
102385
215236
62803
38089
176021
112002
76318
1407818
107649
169140
352372
879785
508267
366142
1546635
1672408
995922
1226344
1258138
484686
316395
1082145
181505
210404
599979
238492
184249
72718
167380
633375
903567
150610
181897
3880919
1947215
1582674
905419
473218
138657
265028
103379
113776
2498640
661124
128568
1836540
1388395
347778
2738772
91320
148881
3944280
327281
369228
297663
3981702
645355
2059941
83136
290581
2059940
410359
2091238
966335
2401293
290532
370801
2590409
179838
2509341
454109
152884
1256532
1011273
137325
2585154
881504
570872
515914
1961962
456752
470360
2283400
2467448
2475392
1974685
112158
1453868
1222361
168456
462599
808621
45823
661710
136322
465022
126920
111468
462657
644989
481882
95782
1395949
738959
561674
388128
238150
797479
253811
949456
901218
65927
839058
334472
1541907
231825
73581
1186518
122141
800100
530589
3057000
1076374
209632
154165
3672326
185779
1035528
396554
107769
487384
968632
2504505
3920729
50430
492175
1642054
362845
97120
1520653
199361
874940
132155
2954960
943065
78234
134620
98995
568565
409992
2117515
75025
553034
549630
2533174
468714
144894
3910602
1153826
491785
338797
1919045
224279
123803
2027056
233184
291523
829279
940293
1129261
139053
387361
367327
398742
127847
2669767
1438651
371360
81007
814991
357601
738606
1296761
90624
1141034
160132
315760
104503
89362
289222
3905080
1585741
1624401
135097
206199
140054
2578746
2568969
146852
1881449
259336
50014
2003931
744361
181565
839759
75256
147893
1258137
954129
102371
2139012
2535520
1803603
523594
700321
544562
261930
1496709
410430
1754072
263806
790428
1764226
256840
131982
791595
2291721
1066567
1938846
108398
384521
94074
56910
743896
741469
1436435
258977
218944
59406
156591
332977
934674
563475
788676
82364
556313
2971550
97379
238685
328472
2059942
161850
117424
1921069
2554639
128543
648359
43854
520208
320451
3818726
499373
246064
644881
354828
912722
985471
169046
431766
254914
1279777
1096903
315260
325260
85383
1164097
645342
1852618
532459
83249
880076
748505
159030
835149
703418
81579
260713
592167
556312
165567
3950705
440716
200670
82996
244033
387355
339184
406529
434337
266255
693966
2177531
1020712
1056578
265157
1295717
804246
116169
899449
728001
164519
1436946
1387318
105081
205698
1019802
235308
167611
471257
87315
966566
648876
149327
2176497
1018995
646443
3879524
163054
2631845
142267
653965
1186867
1092280
1882780
252488
2117133
99816
2345474
288705
3863498
1765085
150056
883492
274085
2538808
122075
821882
135118
721162
908373
2810665
129641
1039435
74660
209123
680703
2747162
87400
363206
1097096
56485
123180
90452
445615
1474717
695162
113887
215237
1418604
802694
148000
2584895
85561
293573
739502
156805
150624
140323
2780995
416643
96281
162640
2954322
1101062
166068
1865005
108343
232989
187455
125784
791809
150595
1369208
595683
110775
1043757
135738
887600
119586
1807002
464974
1233793
1609987
3958394
315939
89223
823751
111471
678133
187909
253996
429813
432839
289386
464496
542332
194227
847315
2045001
177362
152908
134300
57101
83047
1990497
76198
317192
1231134
805256
209633
737119
225387
155557
499344
78367
259519
2733359
456315
103220
2283853
674080
181270
1123155
2405424
77308
376736
105069
233452
109479
990970
645992
242793
96708
1837923
719282
747652
3976414
224410
1429978
1864179
183350
178046
501292
1674334
279208
142989
3005302
573034
672259
1131410
1347457
73671
1458573
91831
245850
775966
790415
864468
210704
230162
733772
271617
143916
123246
2673455
521570
141811
513847
449287
176342
116854
2589725
1437118
189519
575169
150756
257721
248740
703173
1620698
655978
220020
429087
1452811
744438
570975
1942340
325654
1520675
76986
602385
1028017
135666
1929543
527028
145164
2589617
539900
515023
386041
528757
367559
90032
457009
319376
3840474
2279602
201814
1809947
213767
433441
1079056
462355
1566064
2737989
52604
569812
1195081
837282
298251
306654
1267580
790371
1007353
3900696
630155
435749
82534
1514249
456164
2902507
1938392
2234062
124028
677310
1822004
267994
127313
679884
124217
157885
695766
1893026
264732
90442
741467
313128
1516541
1377033
329013
460007
982909
956099
71576
2118197
1109947
312786
425779
135918
111335
730803
534989
147327
985336
374238
169853
92762
722160
221950
273772
61869
238493
170292
1475254
545169
260155
308534
297230
335436
983432
539394
2575572
1208872
1382258
209384
808894
771230
1473830
911517
1974602
942386
141970
860544
231664
2092306
890825
585951
374402
453073
560643
1965616
308910
1816273
250468
371178
408045
162071
351039
1433158
866020
801610
214912
1966084
405909
354687
1495322
445671
164983
827109
158309
875798
964533
1124841
92201
126859
270886
93721
260795
2373420
541227
2037317
272077
248461
81163
1899081
196122
208847
382887
130528
526282
776749
1053243
106081
424742
1901784
162221
547423
94238
469007
128644
3902542
297107
968101
76768
1170962
1429835
437882
797292
640073
369345
127762
1051614
148664
1083395
177936
2245707
240986
198935
1188584
118355
707339
3829736
485631
2967218
46483
2904914
167063
163398
161184
191295
373229
512128
273028
2258926
1813244
2414390
714364
269493
589035
2407203
154370
474175
127441
667843
1283710
1004360
192515
1589540
193925
292622
768800
412288
269112
531036
177874
1695755
82249
83261
181833
258342
983224
180902
2391308
1972800
1971884
325915
365134
2612363
281182
605403
1125982
117602
2240520
1099942
1327000
948490
339116
176373
1121944
1063907
1146708
632127
238271
190503
129632
716919
945280
166767
1644002
355024
1578009
952482
1607986
95149
894189
1046339
226316
2045016
451044
2316007
169257
163967
210183
148858
460809
92243
2776718
3735609
142217
683105
1518441
834353
304754
158620
757264
2537323
1847738
552196
255603
329499
2685719
160139
553055
113727
173114
250370
722011
1983024
1135202
840589
2669769
865001
136400
610097
735636
920014
123771
111470
237766
801271
266525
708907
2311712
486796
2667496
1077525
2122583
575747
231676
616925
312546
717345
300598
363063
2435107
550087
88032
2312594
1899078
2892696
476543
746690
143431
689157
132731
89307
216409
1761722
156927
2769033
356813
927358
2699137
145442
403181
125518
220868
535714
146360
490398
244407
639493
3508250
493332
1939787
740976
986515
571083
645436
967621
420899
691162
2897611
476693
929905
380298
817856
292020
219313
637397
167194
103387
1626718
757655
937019
1022472
153969
66721
457570
1085133
316260
166452
858746
172460
137288
119803
151904
725166
1018250
916931
896466
185506
977326
900516
783397
1519064
133548
288794
462731
957827
279394
389719
366359
118354
383195
119888
1802209
133379
825777
419604
172969
1100642
325209
229682
2814848
671411
1412578
178095
2401853
574187
192763
886675
173790
56625
1576653
93873
320351
168142
163309
294224
184167
4223842
300183
3845671
2959446
2609063
1578915
649034
936014
818749
676262
407041
2515756
571621
76612
277455
922029
788249
1065381
228972
351512
108387
876429
268152
186036
324612
1366280
594609
106889
187954
899103
631789
130806
1524104
187319
141825
163983
1161891
1620772
714591
1144839
126911
161751
1629581
138995
1717855
167349
738560
773118
368945
1633499
389901
209276
344491
321010
318142
2294527
1062552
819448
539603
176179
189238
761601
295256
113198
1370837
643607
147034
1527508
156701
332192
405555
469206
522112
765154
3756814
389077
1002840
1090154
185302
333416
455174
392235
623189
1959143
1902431
128780
281677
1132800
666178
1689172
178039
1372586
1418129
136381
313818
154924
132431
314192
2961260
1451923
1004241
99550
1781940
163669
181717
533616
976696
150217
261898
1863291
222551
2769000
145576
132013
1299082
414708
1863246
273310
210786
1076564
68036
227274
520516
549289
778244
929874
329012
408836
340501
380511
141909
231053
191203
458115
273174
254854
78365
436193
2720745
476047
2266550
123460
2007325
198889
386720
131200
1431582
1662302
1971488
427962
658775
519907
1134784
714631
655257
2785109
138416
1095507
177871
838488
496181
222263
628637
136726
1302610
189072
937601
160619
135338
305215
274276
1878540
313508
1986962
461955
512423
173504
2643289
2684233
1092364
126401
154207
277634
376996
2265685
195532
1968904
155744
152552
76748
263567
264402
321506
690887
329261
109096
430888
220040
1177269
1281383
1364724
471477
2490692
2582146
455454
214166
954210
766460
694156
386589
649188
204428
807794
80784
189887
1047386
667065
386781
1941522
429789
266534
963935
669285
2669161
1154822
179328
1007169
153609
191796
1689100
1385668
516394
949649
209990
2284451
417911
1810519
139760
137930
164320
138617
627113
270456
4005284
1031600
401278
398018
673062
140837
1841906
164813
361774
1507344
876810
304572
912134
1644001
210630
337121
664530
290704
148232
556739
1183371
483375
1477397
2892551
408800
1572200
2652719
498242
533357
737491
322051
376703
163284
164603
793866
178856
174643
428870
2701348
659423
139219
709879
915124
130626
523596
271953
316807
2018266
598255
1570183
3648495
541550
329062
105325
316033
884199
2223096
322005
1174887
325377
386616
261852
1939983
508936
865461
770825
134511
1090791
239817
373842
381477
204601
574163
148317
326044
248562
251646
1365253
134641
2248125
833988
96230
1518608
145791
2903363
600445
137158
231139
408899
318052
896898
690207
2574593
117059
371503
128096
386868
2703904
192110
1777075
171031
171059
791299
241430
677872
2549398
163709
70998
189725
44234
497860
371932
184849
677152
108581
575367
606171
264983
1057278
132976
1629264
1011630
268288
3965013
654108
680746
188121
744437
405628
204230
1757984
1256329
357410
872519
126133
1509602
167655
1745036
2619803
744966
275160
2808923
236783
572117
1916521
668723
164408
1978458
531489
391521
267657
2449310
879786
139432
107074
1391725
1543757
465496
828806
371522
303107
438873
285414
786021
721225
1766664
325409
716252
2533173
519507
325028
554626
123417
920811
284181
937654
784750
233070
165292
213219
295544
950856
264764
207813
182774
304602
374777
203906
87203
172161
563971
170279
58360
132034
230967
279166
821691
808848
2512181
160723
164225
1765853
926136
1353404
181376
36263
163812
92422
193311
539936
133566
952576
408522
2610990
95361
353568
1811389
476481
63893
190180
2397755
471418
961014
371377
1541577
2920768
1370802
1044567
169549
302686
2480901
901854
169159
2729249
1977860
133734
163928
878770
862303
579749
111828
462534
199032
811454
819807
438060
117427
180103
76511
199131
209954
298157
316764
1003453
71180
1184042
75822
775361
4009811
123779
189746
219240
793727
339650
155409
454262
251531
1706042
169741
659942
244788
3957764
159920
1007523
644365
163666
190714
606559
395865
421540
1165246
55071
2688290
784205
144004
316763
950364
206840
1518809
275043
76802
213722
647450
502546
235471
149261
231155
892515
987514
1305803
813754
506155
139904
357555
277495
369146
836500
301960
295641
1950724
921152
3917905
2581632
314170
224830
493367
672564
182470
186721
299041
1356825
705328
83134
112050
115724
520627
758642
242939
159031
224712
2391463
1283528
132662
669808
154009
126880
83104
955864
324601
498116
1987903
449579
2512182
1930333
1901789
72772
340104
541431
386940
260008
521710
2052319
142334
66353
355981
533274
2810472
147821
152323
818368
1004556
168465
182261
335167
313889
154249
360786
80436
923319
153515
719560
327567
85937
119627
166448
124756
1078110
561627
745789
700500
148804
1024010
225279
325306
148930
862566
275701
500485
160825
136587
398013
603727
294297
1280898
819697
1531843
270586
449540
976192
338772
752977
231311
132451
199555
724440
2040764
146299
918690
948666
244182
170984
209894
839942
525038
140110
460842
144887
1152834
466517
411785
1029054
120225
147976
244444
247679
634001
668548
196472
138325
162498
363463
424382
505146
276006
730162
238128
89064
312204
257690
326317
357696
593441
606167
731423
176970
1982309
681504
128862
2483136
1216034
678268
1127275
142581
208935
398209
780020
171572
791594
62277
647563
1490588
1927840
556622
190195
823544
445978
159784
556909
1923650
147377
2817456
879462
1071124
664388
139676
167428
818371
891671
390130
2730293
423760
2475898
1997083
350132
385559
334703
130937
463098
1357003
975518
357816
321355
1501806
1011272
197332
208178
110333
279632
134855
2802054
145181
436998
1931473
247300
201615
758700
336344
424453
892780
392550
310328
964270
1989198
182586
468186
183425
138931
1097264
2092200
1160890
437093
125957
2551232
653778
1149570
150621
812040
209119
399977
682741
374831
949896
159780
1031615
989091
790232
542249
1372528
116760
164416
1196488
898514
1123159
2688679
1322412
647969
1258217
1053330
274077
44998
742579
258521
242948
164927
328709
424708
2686260
538387
274697
250062
856371
138895
287459
169746
2785316
556068
428196
310078
1725277
3501642
112845
1146122
1406634
1872553
1939643
544671
2683920
513551
863620
516631
547751
2521008
430187
1829429
310279
382625
2797436
375035
1445946
2080676
1708151
823455
2060211
877620
279773
439816
452881
320359
130090
2676581
289280
384954
2840238
166305
73074
482147
1327955
520109
457095
123534
416702
879155
77089
329086
195843
974017
137804
221409
274506
243983
1204251
163836
723308
424452
241043
336295
1065756
66372
1761724
420817
170115
731459
1165775
387275
143669
116065
1520991
291522
145361
902037
427401
143855
256093
747240
2531804
1605510
776661
2672252
947555
1000740
352727
270137
419342
1212276
1406451
287281
81776
1019438
269164
45239
1899018
150954
290047
87396
134506
909503
413598
167489
327300
299338
837369
896309
1937596
946535
569527
417144
139799
140472
90942
165461
399465
174882
1021251
1111226
153451
860188
272445
1253622
469331
404900
2730294
3936745
1399400
373834
879787
608787
120799
168634
439300
2467941
579751
684534
428938
2494808
421156
133034
126229
646835
272421
591657
131016
61124
185903
181456
2133537
1988054
1098527
104062
661760
411343
567606
253249
2485989
401824
826058
533147
94171
970550
1260616
799604
129755
833967
173156
1563139
128532
1272066
1974600
266778
191313
742347
1480266
327673
664665
130212
138816
162431
3735423
517799
468752
140653
2246270
2090237
315010
463472
891555
1538007
130370
197149
254359
319545
137998
901417
735074
755858
632049
125783
2885022
251141
304517
2406372
284598
194406
133865
691259
1839479
2678913
146885
1187324
1109359
973901
175430
3387968
1536493
565658
3825620
927047
785099
193252
1933174
181827
487589
1819756
368261
2691157
545555
152304
1059779
1213767
506013
553854
3845113
1809719
1140941
319348
898690
455262
1700716
1846817
148997
1572855
221813
1870200
132569
1818843
2519744
3991497
1649464
1398205
479198
931795
2493674
1496450
173381
1841166
151101
626343
138656
2493288
1175532
2042429
737025
1186089
187227
174825
932162
873811
947166
689156
240567
521110
984755
1021825
873391
924324
1183577
2063988
148299
2605092
865002
736215
983102
188961
878256
1735695
199184
139918
1407237
1047058
2527003
173499
2910723
656134
470009
1531842
169450
2476527
177425
605813
129681
1271434
1633677
2665459
570140
739789
1296762
97163
188386
430908
60276
1181741
736213
2488666
722158
682520
565448
2712658
2459171
329619
522968
131579
762984
667982
1622359
731535
875799
620951
287270
725061
276595
833079
88929
941044
154359
325938
322362
796828
537235
1692474
1879911
197394
157763
457571
1865009
2239984
652500
260972
1124153
170932
391520
360671
98943
1863247
2429013
365279
208086
298632
225221
2633335
1053188
823640
91319
273741
150538
137257
786018
483880
638019
388588
107500
257705
106107
1800922
201601
193830
909551
455679
2287866
1637427
374400
2487301
498051
124361
1177723
666034
518731
660524
290530
533695
1778936
541673
1026542
43918
616251
322746
209718
1689076
682673
137597
2851636
873389
253528
979155
2716253
454161
737330
1631016
1828903
682956
1028006
794860
531151
867559
451416
1098084
286345
251753
778233
740725
257135
124027
1871931
1626815
638017
1451020
521111
687660
95795
395785
363043
1056610
2133558
180418
273342
964680
136571
361263
1901963
379037
841943
917430
2519981
1305405
513347
1928795
2647907
398038
517570
1725613
853166
579357
812721
1765854
716401
492163
318975
1680025
694350
1898894
151844
2697374
3475324
272097
2587025
187485
758466
1011599
1973927
1399770
1961963
809513
456113
1587703
964622
94771
463818
121809
114708
3680277
497679
973744
758383
122513
241695
526957
2663990
188285
2714828
680886
712742
945564
876349
221289
587105
1938404
152179
1649062
1274974
122584
793550
617337
1857444
1249152
1626733
2480903
2019477
456042
100696
2722867
404828
153348
1214269
119495
899533
564037
1204252
1181749
624941
1706376
495651
1270821
1067409
159874
432866
936035
1299134
696303
526239
923244
951171
971086
176514
357966
63176
125073
2838849
946064
421687
478504
656337
71746
2472187
808505
1838749
1633675
136680
241578
800098
839057
753167
910865
678120
808873
1085206
1864177
1492822
417250
1056891
928868
384818
183364
3862281
129937
970554
139221
955218
462589
3115672
153614
266684
1751100
2896682
691782
43231
2535625
553293
534997
370143
2739658
2521245
386728
364990
389348
1099955
1308941
461274
676948
936769
561539
859247
582975
498644
1011274
2094354
1503313
499343
2235499
3325486
2921013
286472
1462836
1596706
2647906
392637
1938403
1258642
392220
936160
2340872
475945
683409
797290
470051
1935352
140654
2393487
1563136
827803
557980
125702
699391
382930
1291655
1514216
485284
231390
436442
279607
898577
2548635
1809691
807482
1426330
1155377
297812
722587
875328
188819
587739
920384
176389
2947670
384718
1533551
197031
2947984
104035
558144
480480
2126897
2503731
860472
607813
970207
129248
1587405
322054
915210
722934
315090
867391
2942889
2324161
836556
808996
151168
1582809
1390955
2152326
1498916
1924025
815690
1105879
2655079
3702307
1911796
684921
1636952
357381
335040
1938402
2294521
2300237
145118
112026
429694
683152
374574
661705
1302567
792949
367175
2573589
123021
862124
799913
692015
3701092
658351
1606637
1097612
173384
279591
295915
148018
888305
422762
163505
1517923
342543
409588
950170
317327
993540
2961261
2020904
2787050
220908
646764
819944
274050
355792
815259
1504335
313545
819260
1918025
758298
86293
1077370
657917
2608162
254370
594963
1921070
192508
509204
2033584
320098
834763
1403318
547367
335299
964065
102109
840979
794710
760034
422506
2728065
2996605
230127
358682
278262
297463
869240
198428
1160292
297668
307289
878479
1053520
1181521
847634
3685508
707802
120003
1649462
2380608
415217
425385
456703
413417
1943086
720176
1654062
2946768
1949551
230692
1150857
243487
1128443
129685
907479
160252
638551
660698
1248109
583343
658387
436825
274152
1121504
2888161
150956
845391
635743
318822
112051
1187393
126402
1352167
1974604
1382127
692036
981047
128619
2071077
1097543
865344
1009768
2159668
2791233
93947
2270951
1813814
888018
1271012
903667
1029307
2681792
205958
2594547
2011555
2902513
149943
125991
3692900
674188
438922
1476592
2540371
2223074
2851919
1704329
1016156
1855713
507728
1253183
397072
366140
94169
129684
2937778
1043661
131891
839056
2954321
2179768
591445
668662
948161
378178
244781
24695
742975
2648427
1899826
106506
408046
395239
907200
2926075
1411985
1518419
3512208
86569
130373
531100
740693
414709
369684
783860
660951
1299081
107565
261486
2280507
555050
1177311
153926
889729
150594
1508907
1169773
48511
554287
2495051
394808
1105931
132688
172061
3825329
3516483
221163
819861
147722
590341
2173646
726357
147370
524312
81162
538930
658127
812028
406247
487951
1759615
935402
967248
164020
594965
526757
718620
2593242
1746519
533622
252238
2341259
185667
2369074
1990454
941600
1128445
632027
220324
775365
2486881
1126460
1744385
106491
1935353
166126
901234
497467
306669
1894508
619051
572475
1476890
1428541
981204
485125
2021128
940295
516322
1857527
2320949
399756
2344004
703997
222890
827228
973278
694958
134856
915154
145601
297410
173383
1099759
271033
859246
1251955
1526606
125128
490113
358160
703657
557821
858241
287175
1988048
590343
355510
391228
1941712
369981
1941499
1053130
728318
1649916
96055
853625
179070
879061
1001682
722224
718679
518383
1459621
1506556
1849904
481282
1974601
534946
2882501
592367
1443602
291553
187410
478605
1129535
1476218
676445
867747
631413
535189
1614492
507910
131564
1602801
427455
816648
820737
1415441
1394344
301690
2381069
1019570
445177
712278
978326
1532240
1430354
2474821
559071
235470
335628
1930332
821336
1536491
925838
821965
843597
802440
860047
1775699
973546
731905
866727
806584
1679686
3755374
2230657
839711
759638
811127
880206
656312
1188549
817623
789815
1100090
1238425
1042342
911537
1089478
932724
3057706
1717851
1609384
1965586
1168783
698254
523661
786379
693195
2587027
1315116
3537981
424925
369938
277522
793846
764292
1219094
1624360
509510
2706197
2317700
1934013
550578
1883742
1706044
883912
916972
1317186
2538199
932141
1012160
665721
1981240
827984
875945
1097476
715013
3717906
255700
1087428
1349478
2290564
674484
1836136
750846
1711326
2003094
1031991
910124
2473856
1024742
1413717
2294526
1838165
751180
548741
871193
646713
975385
979599
860019
1177137
914570
411291
522936
201811
1000747
1719416
609843
763946
985004
2581097
1174565
1233051
1563135
879062
2769981
1370595
804960
2920984
3685509
2395803
903049
1317124
1283136
1000684
563946
547566
495541
796606
1588910
1003264
862088
1420353
1157868
2274468
2906716
1086050
495899
598867
336229
602917
1303380
877312
888010
1266164
2554221
2784411
122693
356030
1539594
527533
927487
954254
1816113
890190
1856597
1873843
933228
1301562
433005
992389
1656150
1231420
734927
990324
1049018
3438148
2757259
1700408
1886627
1624249
1642420
1099369
669496
555797
2126101
1889232
431957
1784323
2117273
2510640
1260538
874939
860793
1222063
1419801
1777995
1601880
975153
2659781
794750
1549194
2322515
1961046
986375
1361574
118068
1706571
1008122
1066243
1871739
1183338
817929
2116181
1165959
760894
764310
655679
2764432
1103732
1521717
2252249
572051
1149423
2706720
2894142
999720
1418160
1524103
960875
635679
1591935
3699015
831241
494818
465548
949234
827528
240689
942418
1033882
1864175
1919770
1348158
1477241
207721
883670
964330
1725906
1563134
1473304
1776148
490910
1086431
574107
2506859
2337307
3481701
1494043
1382037
869286
1757416
Total scores: 4992
Average score: 168633.52
SSH: 2450, SH: 23, SS: 88, S: 570, A: 948, B: 519, C: 319, D: 75
