1083470
4742940
1754777
1746902
1159687
2128030
2632230
1157868
2995944
1563000
2437233
2469345
1860169
1946507
1073279
1860991
2791233
2069841
1768240
2188031
1537817
2269544
2486881
1917082
806325
2164997
1816113
894090
917129
1860433
745360
1725588
1701404
2404778
1843653
1969946
2352279
1306992
1554502
592113
2237466
1989203
1621068
1062394
1690355
2514739
1955170
2596314
1619555
2466406
1861487
2496720
908042
2185824
1807735
804164
774965
1746492
1943046
452508
4189842
1763013
2025393
1919312
1028733
2685931
2368880
2502643
1125642
1373977
992563
1596706
2095311
1213856
2226722
657917
1251181
3970329
1649989
1258642
724015
142954
1103903
1988911
2428358
1097543
2505956
2154507
2708949
3885119
1890062
1843589
1046339
1569904
2663986
2083422
1892257
1936782
790415
2113578
2897724
1941499
1249175
1514256
2231831
816327
2129143
2682795
2045979
2213673
2245774
869222
820619
1113332
2125262
2239445
1610745
1573320
688886
1804553
675734
1201636
894744
1911308
999944
820481
2118540
2713369
718679
1630299
2245529
2610039
2058788
1031991
1286241
2173528
2287401
845374
196977
2354761
1466557
2069999
2357524
658127
2502692
1172819
2336704
924337
2587226
364532
965234
1659421
1893461
1551874
878369
1400414
1983456
338682
2580981
1112356
1808605
1315468
2078788
1897802
2240526
2201460
3353088
1649842
1829925
2107519
1577009
104229
1983406
1816243
1524103
2485259
1551135
2937933
1256809
949029
1603635
1514105
2238053
1481747
1654579
1752315
1112521
2118444
1899764
1623285
1969005
2730593
2553242
1989332
1462180
1882794
1217417
1992711
1762431
1616369
1635388
1241370
736214
1039511
3104522
1484776
660593
1997892
1296370
2596015
2249059
2227344
1036049
1199955
1713939
1961233
2276210
2423610
1181761
1586945
1969637
3385971
550235
864446
1329273
1163521
1760666
1510355
1859166
1941208
736729
2616981
4486700
2140745
1990449
2274013
1996531
828242
2493793
1848803
2322515
1644535
2026320
2902513
1872396
425779
1600415
1840044
410250
1952177
1619561
1255495
2964221
2428357
2077121
2806598
2133576
1528015
2410948
1989857
2298047
2034983
827488
1992818
1220272
1694501
1419243
2225036
1843595
915210
2444148
1142669
801158
1693956
2034057
1101611
1556336
1518125
3063865
2011121
2540771
831241
2097898
2245772
2020385
2102287
129891
1402392
843597
2200809
1377957
2596018
2233205
2131079
164183
1769144
2149819
1770619
1353480
2060305
1512368
1656727
1218337
1722487
4829677
1474956
624133
2351580
1631457
3854743
2462356
2580634
881123
776951
888015
2111436
1125647
853625
1941498
2778643
880496
2298522
1925194
1871842
4958758
1828339
433005
1065821
1610746
335628
1672165
722844
2554945
1972480
930249
2547084
974352
1642274
1230854
2473856
2073439
388878
3626588
879062
985141
2116001
1614477
1519160
1970829
133938
812590
718643
2275674
2249401
821273
1869933
1625858
2808470
648081
1115737
3195618
1623093
1277254
2477065
1073201
1775699
1108593
1788628
1819898
655679
2138577
816600
2022718
1783813
1321823
1916018
1849580
2044362
718156
1963713
1571309
2057057
910147
1476606
994495
1258579
2615748
555797
1854022
3306465
1783812
2468866
1829658
1172150
2610170
1508874
2045107
740044
256027
4777711
1507125
2410945
2964230
1852572
4950775
756508
2229349
422328
2622787
563946
1431582
2565986
1997307
1604286
2229689
1669719
4470043
2659911
1858799
2365928
1049426
1289927
263070
1935389
2681192
1616500
922600
165416
1543159
1380717
797018
2345714
2451721
714001
2943265
525278
4651512
1832316
172662
1627148
1947968
2388297
2173002
1244293
1166087
1233793
1782778
1611167
1419403
844103
1501840
2225073
1762429
1869406
4913570
887621
1155294
2237465
1675844
955737
547566
1607369
2932817
1887783
1578185
1909555
2013012
1541293
1702903
1512820
1586754
1095854
1094910
2077119
1453152
722596
2540399
1029307
2012740
2082447
4792613
1601387
2654458
2584895
2684219
2570594
1706834
1162425
1861434
1567387
905745
1742937
1844417
1665829
1093078
223397
1879808
221777
914220
969686
1679238
4013493
710881
1189078
858271
334760
848159
559071
1219310
2424572
552068
1991379
1046830
507099
1744043
958038
839569
2373569
1973410
1690353
1894345
978026
1294935
929999
1155619
1828346
1385398
863935
2603107
344332
2025205
782882
2193895
754084
879061
1968445
2613334
2616989
1650859
1810150
765327
1006822
889327
1709121
713594
2211018
1493121
1035104
1759814
767203
1350927
1778101
1706210
1958623
2073335
2367340
3042164
808848
2089680
1770626
1174467
1915798
1555717
1311613
1657639
1495848
4252710
3539681
1120405
2224740
3192017
2164274
1056138
4753647
1551599
2365752
127363
1129193
888305
1731701
953586
91037
1561529
1474946
2096054
1090932
1728493
2328679
929905
736215
1625870
2127114
1890080
1749322
1981872
1614421
1087334
2205164
1358921
1758872
2222070
1083583
2033294
1827324
1128411
1130376
917369
1599393
1796420
2023927
2531164
2988681
1667530
2382822
2721306
1001682
2022204
1483372
741870
952383
1365637
1373482
1635857
1972186
252238
1805627
1226524
1687615
1961271
1626537
1824871
2048191
812161
889228
2446893
703584
1827558
2217489
960875
2187428
821548
968065
1469240
1766841
932141
1922277
28068
1557461
1934139
326864
3247999
1745849
1126510
969681
1849273
1515526
1655981
1473296
4929215
1570203
1907933
2276018
3353486
983680
1480196
1243117
1768904
1351956
987133
770576
2197165
1383876
2105741
1259155
2514909
809469
2413242
1541853
164020
1695382
1541404
1870556
735833
1236582
1911078
667021
638493
1764213
772476
1889232
2025942
1160996
2372825
1155085
2257392
732724
1045757
1347936
193404
2619459
954254
1885374
853779
2658147
1494828
1321542
2146365
1400405
419551
2078961
1811477
958044
1316758
1911333
1742483
2547378
146105
2628166
683387
890190
1718671
1699366
1140518
1672466
2485438
1611251
1605533
683409
1752311
1554693
467689
1767713
1564521
683970
1846898
1271012
1994597
1365772
1183255
1029562
1266406
1836772
1895004
1765587
1813918
271303
930307
1093605
2512368
1872812
2045115
1649528
638551
439956
1412805
1802456
1709022
1862269
2211019
4857997
890467
1187302
991733
947477
577517
1401254
1261879
1811527
1019007
784369
434189
2282512
1938323
1836354
1306493
1145026
1682749
2026805
1848985
2559209
1868484
711758
446256
1988899
1970565
380646
479681
895495
692389
327526
2255367
2850905
1397263
746738
1116199
1317992
1030374
1288341
1768802
1901789
1952051
1626530
766560
1678083
1451867
721995
2166410
665787
1085554
1770623
2043183
1701892
2054965
2302850
1994564
1116197
665907
1267571
743896
1385397
1354319
3024148
1803397
1682475
3108140
2443190
1751119
2014389
2126752
753445
674349
2411125
1865075
1064909
2296022
1862525
877899
633993
1724319
2611482
685756
1619564
1744286
891542
187791
794670
2244060
1363026
1623092
2689510
690982
1564607
1726994
1023086
959119
2609731
716176
902888
514824
1065863
425761
1565265
861164
1820921
86324
742975
2593620
957468
2722172
509510
2349467
1054416
820483
814293
135370
744673
2118440
1988753
769590
1681810
5100570
4881844
1949083
1262434
52862
1345676
1661477
1576395
1443674
673101
1126915
1018238
2267564
1995114
522317
680394
1408519
1141858
170608
848161
1918152
1951733
131891
1496425
1262832
705059
1220839
824970
1941088
245284
1378154
1678956
1527722
1682373
2658590
4956752
1518000
1583483
58701
1676342
1252078
1512177
803123
1475722
2769844
1019417
328472
1814494
1643386
98452
1842700
1286374
614323
2097562
1848919
1938324
1829993
1643270
1302554
2394645
995563
101597
907200
1862241
2546306
1955841
1573321
1451282
1302567
3385965
2047629
1986409
1575142
953394
1351114
2139064
1270538
308917
487384
828806
1111760
2475402
2283641
1973474
1544629
2421848
1313635
731320
2906125
909244
1405981
979155
789765
1853004
1459343
1528368
1267082
1382895
221950
114635
801303
1062374
580941
295985
3917718
2182100
1786749
737100
1941890
1850246
1692395
1074378
2118443
2069833
1131424
4786514
1253252
1557181
1562151
283705
1892789
106965
1373950
2486025
2482886
1603084
1530797
1594426
1829131
181589
1167848
435350
1053520
1571242
1391282
1121504
1436138
1503470
948431
2077126
917872
2058789
1910465
1155062
1726474
1736729
151229
1704984
1897567
674206
2336864
2200807
968742
2098034
2677188
1161150
1813910
1514898
2571545
1177269
116128
243946
519080
1004556
1121032
875945
894011
1120086
1723101
2139556
521687
1844019
547598
1804279
905800
2686592
2162848
1298486
831868
1563135
1086267
1675384
1778267
2202862
1482959
696225
131362
708367
1329592
1762728
3417460
1345670
1454087
1775394
686421
1675837
1169559
1901963
1700344
1257660
1907051
178645
353135
86044
1158325
1786977
1262895
1215538
2096800
1805108
1486738
1751630
1401281
1601400
1401283
966243
1860763
1263997
1696136
226279
816734
323769
1751873
939896
2477451
648315
1856597
983410
1982345
1594009
178353
2456288
4019123
1353828
1590239
1865366
275250
820944
1498630
709264
1217241
1559582
103102
749274
738980
402496
1574296
1201899
1893431
1018869
1462224
949011
1820257
1210660
1589320
1010850
1225317
1857519
269963
734184
1229107
538286
161787
222591
2336252
1227263
1817847
1555610
1414928
415887
974378
264090
1301498
3538356
139821
1209163
1319682
797329
1032126
2449792
96161
1317124
699318
2204927
1706059
2156323
378126
3071981
806017
779950
1264070
1092980
1828961
1319699
1527723
1318195
229180
1012197
1675832
1186378
2285947
1773192
1699547
350132
957792
781124
418762
1699369
292645
1541288
1410860
125448
1189905
441721
1166895
1537566
574471
722894
1583475
731975
44714
2235223
756448
2194284
1720903
891293
858241
1087026
1270687
1454622
1041934
817174
1262049
1582579
1762724
2489378
1026729
1791086
581931
496368
1969007
1892784
970331
187639
1476903
1605598
1925409
1668949
437139
933827
1694787
1703691
1200757
1618411
2200805
1531547
2198494
1613687
115352
1977950
1512179
690461
1356233
58243
1454085
1827323
47152
83975
875926
1608414
483375
1915794
162363
937380
1549270
1514253
1929495
2315558
2094402
1509693
823197
1071369
514516
4942836
821785
1927245
1506154
1024225
4189841
1695991
304602
16266
65943
2285713
927487
95382
660248
1297260
1556636
1632327
163054
1060568
305948
351992
1033002
1396342
722238
1917158
62589
1828340
114716
2021259
1062037
335041
82597
855762
4792013
769389
2267377
827064
969764
1603081
950997
623699
130500
407544
821070
728870
1071242
1099380
2278919
2077273
657519
458582
65417
1180037
1557711
176280
2854062
1938365
986610
134443
2205402
1169773
822651
1309705
765873
1541243
66684
1906336
1264972
683120
696895
2127691
762573
31279
1218407
1226653
1286225
968220
721158
119021
2480927
285086
121607
417298
1269803
2121136
1229705
1031604
912134
914570
1911335
1015113
1165153
786867
1699620
539697
1348014
937709
791636
1015966
1774124
37166
21010
957154
932223
1262433
1209160
1601036
386728
1738018
2447121
1902670
1655728
966203
795232
907057
975588
1180702
1148238
994818
646391
1227359
1067123
532664
381928
2281045
803402
351993
142561
1088339
48416
82962
2263159
449848
1147
2099955
939897
1301662
703467
146372
1260403
1704367
1909230
50354
556313
2716411
541673
1501472
1972802
825308
1911665
1068383
823757
2095008
1580557
1328722
1366190
1071754
1288675
1573638
34162
1911076
72469
728770
2211017
1848094
1118296
429800
2279617
1476582
1403588
80991
1715917
92051
453042
242002
1294632
40017
1518059
813200
3592622
96219
1543673
1052353
396353
51077
518069
103051
2369202
2201553
274901
1652571
81136
2179560
5062269
413597
975549
1257580
646390
1277926
1642169
569113
1414429
209285
1246807
1160292
1587090
187830
746736
816821
138552
883094
1189391
452186
1070639
1809151
166830
993529
285708
124275
875557
416403
1804342
102736
1368231
131564
896753
97934
895014
1815839
1233607
1729283
1265800
677903
1938319
1582621
1794074
1209708
941476
926644
63322
602973
2130349
457257
1442769
1829927
1344602
190045
1019311
168355
1110353
2193184
1797692
485631
1086431
1122324
1881833
1628302
656385
516748
1269225
144029
1662708
4641402
1730889
790229
1916880
510510
787430
1332018
1180209
1529761
1511724
281500
486740
1826941
1343293
1836593
94994
1783814
975517
2281346
4947083
2061192
66820
1654883
1397316
1696257
129847
161190
141423
1596178
983692
2113754
1486576
937647
1403678
1136506
1367259
378178
646066
1529763
899732
1702984
1608832
775522
2166045
2657705
857431
2263134
1414507
327899
1613232
230542
1822451
1455114
902488
1038608
1831032
41293
1979504
1305675
936026
1549486
1705607
828935
429989
1141084
1926750
2201307
1725624
125957
1565293
1441081
1696207
276451
1433789
1043089
1618800
726381
1071416
1034482
114446
1573762
256839
153402
2217297
2153460
767774
1889094
999720
1829998
799190
228919
1053519
97501
1826438
1516650
555965
1063101
1075088
1609741
1073275
1104572
1128452
1177137
1554749
1546205
2992705
60276
112922
2219758
2004799
899942
207659
1515487
2477069
465548
2391596
942356
2507955
1083054
1099383
614215
28422
785904
462736
1153219
1414456
1464026
1441054
1468912
647685
1156498
3917717
1702172
1270874
668662
1345677
549766
2252249
180888
1474947
1007525
82785
900957
85326
221948
196643
2341602
1263789
675330
1041682
1532490
1266405
1451973
1037112
1548125
1210485
1149303
1881835
1292113
1163867
1454845
40234
1117451
1300513
1525734
374841
703794
1478254
1083052
1652503
625323
2183215
1837082
179700
1193512
1092364
215906
1149713
449640
1891348
1343292
2459145
1026834
1702971
1069950
2306594
935997
1575468
1056709
4804330
1509460
1142884
1532339
708140
178721
172501
1593926
128718
40034
1698343
1192895
238698
32619
306669
1627410
4893839
1500650
1255391
3057318
39825
1418862
780865
2628834
1092234
1266392
1517522
75095
1729805
672564
999724
2061247
1669955
1366191
442861
1646082
1783310
871154
2359099
1021211
1253352
1838662
2332178
1268973
1348764
1385056
137501
1181061
144737
2129145
823324
668780
1228840
4872411
496006
1836484
1483943
974148
1538271
1059388
820480
1170505
371621
107410
1341957
186645
473209
801557
2553777
242948
943399
659439
184536
1343925
2184680
764099
1796684
1139633
1806803
68005
138830
96763
1270576
1709401
2823535
1039163
1343792
42697
2669266
239259
103199
1588910
80914
1626556
1162433
1385399
495776
1072460
978213
318950
865851
1701539
531100
203906
64267
1034190
1118297
404237
1385396
1881584
1643106
860311
1752313
156473
1651290
2242173
1033882
110771
944710
1271851
426891
664265
970550
1142643
1264192
1650442
1416124
1494458
2166322
1569720
241143
1716795
725139
1455779
4921872
1074466
1013786
734434
1477261
1552095
1959499
1686500
1065224
1465730
1079540
1021579
440413
1489207
1184962
2591381
1438917
1657661
1115844
1454625
1474944
869197
1645699
517432
1662810
790218
676172
87570
1838381
2008690
1009377
1346523
1055945
271000
1087620
150621
772987
988616
1343703
861180
1607370
733753
1947213
1509549
1503150
1150868
1263316
1576397
1572367
1043348
1292224
283201
1271985
1703878
1139440
1281115
1182213
1608726
1988434
784791
765097
58064
1290342
1938318
914229
1304276
756423
1320292
1503731
2325387
24023
1610022
1671171
1348405
1424854
439135
841599
794779
27637
1893432
569225
1432556
1482543
2439848
2020982
262189
63321
1341795
1791803
808856
1738445
1360693
2287350
181097
145669
14651
2075268
859607
1516382
633379
416971
1604236
2126494
1180916
2565084
790238
1495634
1553356
1083053
1134237
3586383
893739
391522
1442773
1103732
222278
1070249
815857
1075653
1591970
539361
1275999
223726
727636
822765
3131107
958308
1468745
1190710
2014567
2106916
485109
2523668
98415
1299791
1015266
1414400
646713
1701715
121650
386940
1253987
1163937
2014390
2581610
1640362
1597015
2317735
1952151
4978004
1400686
2137969
2171333
660357
1331610
770227
1157344
2278930
398620
2158783
1547825
999064
515649
673086
1287979
47328
716398
1754266
2318096
1420669
291285
1412467
1125406
1077686
1718994
1027542
72585
1110532
1513529
682673
1614054
1524104
1374019
2202603
1321943
736213
2101630
1187492
1474888
4884908
454109
502574
890974
2503284
1777160
855975
286472
1256924
933228
1918413
2046445
1214421
1118614
1799197
1672204
1659767
220231
1687643
1427259
4978005
1355247
1480694
484036
2232788
1944844
1092646
1681634
35015
2067859
561335
680689
2108648
1164568
847725
1010549
2338623
1302583
2555384
933875
1013839
1204537
1610994
761641
1529189
307410
705091
1576304
924759
2318842
1354531
544419
318340
1186901
2562794
316548
2719334
1589232
2084862
1454948
2589292
938628
1470146
1740944
1487213
1612947
2321277
342074
1428949
1850329
591347
2479479
1408449
1264367
4987241
479812
1601038
1899100
1056202
1140187
2731312
1897511
663725
2529372
715044
60737
1468473
381251
744036
1126228
1175425
1468970
2677189
737408
1399651
2857447
704360
3135149
862088
1636879
1450182
827317
5013309
1949106
2223303
1670874
1124313
1530057
1909553
1596933
929660
1839222
2719372
1088347
1641008
1612465
480561
1820817
962194
1509639
799916
1392757
1589899
768358
1943817
1168807
1352717
768453
901854
1050582
28065
1523011
1822181
888621
2304990
2328680
2018512
194320
1926301
1451703
2194972
794624
2078680
1531196
2625297
415479
2635971
902048
768454
1362265
3902585
556716
2303916
869973
1559974
1275989
970048
1733305
2303231
1770970
1944926
4705585
296384
1027560
990527
1206528
2349497
1231400
660247
2623831
1502221
1785659
2376713
1541044
1762937
113897
1263323
4867544
1809374
Total scores: 2216
Average score: 258444.32
SSH: 24, SH: 251, SS: 17, S: 148, A: 1402, B: 271, C: 94, D: 9
