1514256
2276210
1909555
2791233
1031991
2079597
1816113
1808605
1172819
1199955
1849580
1226524
1860169
724015
1230854
338682
2437233
922600
1997307
924337
831241
1028733
2058788
1261879
326864
2025205
3648544
1746492
1804553
790048
1289927
2205311
3238171
507099
1537566
851255
2654458
2064453
722894
1157868
1200757
633993
1695382
887621
839947
226605
2569254
2050696
1995061
1302567
890190
1865075
772774
823710
2881890
2225036
1181761
1495848
1233607
1879176
816453
1296370
2067473
1218337
1392757
1124857
2699196
1890216
1306992
1003565
1754777
1714350
1062394
211154
142954
1350927
970331
1897802
1754659
817929
613351
783860
855762
828242
1644535
2477069
2546607
1690353
1066243
1299236
1129145
467689
1307320
1506556
2502643
1635388
793846
740044
2471173
2732588
791264
2125715
1541853
2817560
1955170
1200272
2324906
2573909
1493345
506520
902888
1489207
164020
761868
1289675
661705
786867
1201899
637935
380625
815857
572051
2549105
699318
76663
2523231
909032
744396
1649528
1018776
1056562
899732
1861434
1460834
795810
1385398
971834
236344
714190
735833
2795857
1520526
47152
164183
733943
73561
2285354
698254
2831663
1321542
2106248
1501472
1354319
83603
2548533
727636
2231704
614323
435472
582517
1760666
896843
820737
139446
254370
679131
654520
784791
1714686
1086431
736396
135142
65233
915925
1754013
136540
57405
684163
2270137
2592551
1436138
281914
459939
472110
1312156
912431
1271985
2478408
747855
1607736
792545
1053520
345099
1313816
840538
377903
1480932
49067
47686
1220839
753445
1355247
891762
315660
1514898
178236
537235
743034
792581
1414600
37166
714001
2586235
333090
372840
1320129
345189
422328
145669
43388
1406645
471257
1515652
64665
256027
68825
861381
507098
243983
732318
1843086
53987
99342
2058789
626343
1874508
294387
665787
1518125
768986
1553251
889632
839711
1439489
1459734
408410
1574314
978026
99465
592167
821691
1139440
890911
929905
2822322
801158
1162919
446256
1524357
2770392
2620911
3468147
956502
279140
64909
1508554
1479802
735701
378126
66563
1385396
1232440
1210089
1236211
738558
461048
451612
1275831
1509693
1476582
1827616
2688677
1715917
896753
948389
3481651
241969
846105
1398848
181730
345283
425385
1810154
979155
876708
947556
53043
46996
2125723
1457925
1064527
1554312
1186443
1838165
848994
355136
2069841
751180
1270687
74852
313025
1174467
103300
796721
107747
1722406
1187506
706105
761857
174644
83925
1245365
230127
674349
382602
1255495
797288
766969
39205
2465106
493373
551348
1162224
2817542
96165
1083816
1292434
660622
931856
969686
1765587
626001
179816
387361
359869
1092364
121520
66684
232661
816327
2933892
845391
1512177
424925
1180080
81907
1829927
2596015
32977
2754196
104229
785394
1133290
770744
2719462
1731978
2616981
816600
1162425
763122
703905
1983024
1608832
1308975
53765
1303748
64468
2489207
2716291
103051
1195081
2593243
148716
139077
1543159
592143
784893
1299322
1286241
475240
2493793
62589
47328
40202
48067
147086
454449
791029
205941
89362
65484
3834561
37746
1389955
1082783
192181
2474287
703467
448843
1056207
150238
969314
2446893
1625960
1095566
270686
1281115
139821
813164
701018
126446
139827
517570
2632448
1177094
787430
1692260
795232
1619338
124321
131891
921840
147377
803739
807482
1517820
158870
736729
1992818
238264
145601
1770626
1730139
66458
356968
720589
40001
1694787
1012160
397535
48632
69405
425643
1011599
713935
960918
1169638
509510
1590239
274901
64394
290581
128899
1879169
483390
1257855
187378
793727
1294898
368934
501049
737117
1142669
82597
32345
36206
1210405
414972
52862
833432
132623
1179257
217977
544993
1236255
316032
1451342
2489268
1740092
1211828
929660
135200
89547
635865
706817
459484
1120184
1454378
737100
102871
263807
87872
2475433
1217417
1365214
183541
264090
1020931
2237466
522818
261741
316445
19964
79982
891293
585981
212045
79743
154988
1700432
734339
1465778
442221
766891
784411
304179
39514
244281
1252022
1273321
18801
1403907
43603
172662
2210863
338545
757656
463818
428318
524417
16611
725920
822553
1306932
821549
727447
175666
771495
359663
540798
293134
513847
1509316
776752
746296
365922
1348658
229093
188318
536847
328472
776749
1112356
243495
759821
1477241
173567
459513
821238
500753
531148
294801
92426
1405971
795988
1872563
744222
133737
1415466
902873
861971
133723
90651
1529756
995922
386617
467765
1518159
1454407
800237
1298998
118068
211901
177162
1909963
106965
2211074
1168807
1509639
4501
539909
1524103
1509460
1330764
439956
181700
596161
2085794
124304
2365714
171474
2291305
1520231
1818207
1398810
204564
994310
291562
303370
1058918
291430
276451
252319
138333
279481
33192
262592
187228
274043
90955
571925
114635
2296606
2457075
1517511
1475510
262617
231257
192515
195732
81283
186766
142856
911515
185667
126920
790227
503262
98887
356658
878369
371645
1984424
3320181
135696
1268518
502031
295915
94244
1538272
132973
173092
1529761
186184
104614
133938
1529763
1572
784974
1515054
1869619
2164095
716398
2995539
916150
561674
84571
401324
178966
1240783
508267
81498
1283710
3764598
824329
1552095
905046
2035761
1191831
358054
1345677
1505568
966243
3712954
380750
454289
743458
282028
2513164
1706210
238150
353989
839834
970946
958093
178506
964618
129301
2226722
186167
68309
967546
1541571
1991349
96103
2722432
382110
899449
932620
2582210
1477910
932161
1570798
819282
289971
93426
1787848
1503313
728870
211097
2623831
710769
939894
1087620
1480862
66648
1480366
1149423
400231
1768264
276865
2457802
471475
1714819
2768155
93722
841565
27737
2523873
2183215
305430
855627
216955
1613687
106156
942356
308492
272291
308505
391521
1570183
922069
131564
151229
1382561
399465
1332018
1033882
261524
375541
458638
1245714
85494
1793625
50845
1914037
1219210
1609620
3400
683409
2057029
1740944
60089
67086
1227359
537682
1528588
858241
2969884
2269544
1457148
1331610
3019887
40017
818304
1570203
186301
1060576
177704
50148
473210
223397
141599
774293
839569
308495
929999
479681
1056202
655679
1578784
216062
2487840
2573493
120030
32416
1103732
657519
1450182
1451733
1643106
1897317
1469136
145118
2046351
978213
2778437
19990
465548
186676
2932583
3588263
1142884
42244
2046445
1126915
2562794
135370
2048191
2267564
524776
1681634
2135493
1571448
1451703
2479479
622407
407788
1408449
699471
29844
1636879
683442
1186901
196977
3921649
Total scores: 856
Average score: 241236.89
SSH: 99, SH: 82, SS: 19, S: 175, A: 422, B: 48, C: 9, D: 2
