4177434
1064976
4070109
3773248
3854743
1582287
4298765
1714882
4190966
3361951
2708949
1241370
4122187
1754777
1808605
2520220
3191142
4064320
3647082
3494148
2100822
2079597
3892050
3666536
1866087
2294912
925812
2707826
3891761
3336714
4000950
2126752
3468687
2872154
3196322
1257564
4466556
869222
1737899
4074165
3884667
4013921
1554502
3629540
3404667
2867108
4628575
4205843
4337667
1488203
4033854
3963090
3891621
3885119
4298969
2026805
3665005
806325
2153420
2069610
1469240
4276420
1091973
3208196
3826352
3018109
4431564
1566024
3841965
4403746
2983479
1213856
1286697
2282512
2413242
2663986
3215636
1989203
1199955
1677789
3641902
1816113
668662
1760666
2874408
4112173
3589082
2095803
2354761
3393903
2097882
4855367
2524196
4354184
3704352
1990449
4013493
3415931
4265218
4636164
4446015
2637743
4531245
387070
4272845
1720423
4245111
3950587
2800319
3710704
4214779
2502643
1997892
1872396
2397136
1555792
2335982
3170563
3932615
1903809
388878
3203785
2014469
3928577
132043
845378
4343206
3661258
3648544
1250723
1178526
4796007
2615748
2461258
894744
5012527
1129193
5029542
4019149
2496646
774965
1127798
1413257
2404778
3385971
2779000
974352
4211571
4681473
1172819
4798302
3029817
722844
3169485
895495
1969946
1737489
816600
2870900
3873445
3667466
4001991
3687545
3669201
1848919
1141858
1103903
3413771
3176797
1864423
4633043
1919312
1514105
780914
3624206
3385967
2701407
1951733
2316176
2266572
1600415
1962182
1736333
694305
4804389
2477047
2496720
3466221
1749322
1644535
4459494
1299050
4418770
2267264
3873289
2235465
3733949
2100137
3933636
2502889
2467121
2037204
2506713
2399623
4797838
644971
746471
1083817
3901039
428047
2209202
5003261
3335934
1897577
1069949
4543492
2659369
2606880
4642177
4537916
4794238
910147
845391
3465034
330276
2796264
1892257
1695382
1556336
3523630
2077119
2597616
2102287
161787
864446
4512458
1355966
895822
1401254
3970526
2039845
4583951
1649489
1955170
1464254
2955445
863999
3008156
2267262
2404837
672188
1911308
2267263
1509693
1911335
4339545
1153255
4931910
4675950
2222880
4129167
3128003
4975570
4965307
4440790
3061371
4633040
1804553
988793
3533716
1943817
4789139
3903620
3189824
2338610
3130993
1474946
1648055
3609961
2512396
3118054
4001990
4681477
4906158
555797
3919436
4017169
2544488
2627079
162405
1500621
3170564
1736330
2060305
3644156
2526517
3020230
1737606
129891
4531264
1783556
3952939
4980421
2841350
4167895
4277943
2496721
3963421
3346897
1537566
3691926
154915
3184241
1620144
2321148
3013996
1498618
3666452
3674403
4026470
4633041
1988753
1911705
1282960
4907698
2384141
1627148
3122603
1392757
3736223
4459391
2118443
1491209
1294950
4002050
111680
4129168
1623092
4586651
4212344
1675842
4575997
678347
2325900
4701529
4192228
2517795
4681475
164020
3644487
4681478
764293
3097443
622287
4681480
4294411
1893431
952620
4132662
3156877
4606895
2025938
3975819
2654257
4011741
763167
1783813
4682683
2700534
1402392
25844
4574851
2627981
1783812
3790214
3055652
3097881
3920486
804411
2327211
1597247
2205311
335041
2701517
4431381
1623093
2257346
37055
4522073
3906726
1968445
3473589
1675838
4590529
4803942
2653460
3259704
2111505
1675844
2075222
2042991
76612
4906150
44494
3693265
2449792
1702172
2803005
304602
2403410
734339
4506884
4796020
4076499
4598481
4001452
1970829
1675830
2899195
3917718
3020769
140460
713935
1007522
4274997
1483372
2069841
3309138
3514033
983680
4980107
1610994
4926909
3097122
3355863
3855128
2229349
2546075
4675991
3524974
2514462
2156842
1403240
3659920
1413258
1419003
4833831
1480208
4776326
3017374
2659364
1007546
3052252
442905
4440499
4496879
4519373
957468
1627157
2482117
5011669
2959445
3388222
704360
1954900
828806
5029543
1632673
3651168
2941257
3025038
1391815
4685543
4455929
1988748
4564240
4962285
4573240
3424921
4678306
239037
3755042
1098040
4503049
1899511
2778999
231825
4027217
4933299
4599288
1720903
5005203
3136589
3890692
1974323
4583953
4842343
3148073
196773
3008842
3262137
334497
4565515
484661
2838537
1619564
4166422
3811857
136336
209276
533332
3919008
2272998
5022611
1657612
1610745
1733305
3987398
2086379
2054965
2554945
1806693
1371450
4650478
1985735
4100751
4645170
816734
1534523
44167
3411191
3523999
4906152
2327794
661480
660622
138008
3962022
4642525
5062269
3328862
3266307
1891512
3797883
4427385
1877644
2643158
4689736
4980813
2626718
5046408
1266548
3343490
2284525
4486639
1363026
4623824
4054229
2223303
844103
772293
281918
2615811
4588540
3345731
1315468
2833987
1607327
1675839
880163
4675972
3616426
3426993
3933758
1610746
4684394
47152
4234632
4381036
905800
1295987
3367053
4055138
1650477
3861065
2501957
2006581
1018937
4316210
4095167
3289030
2786685
2712572
4249805
1552952
933875
2025942
2468864
2982509
4638875
2333701
4074534
292368
4545363
4389675
2847753
3914634
943990
1087334
2510455
4565947
81040
4215279
3506880
2905678
4944769
149388
3430044
4687979
722968
766939
3579036
3423393
3975717
3475215
2786504
994495
1601387
4658939
2584766
3727508
4611926
2933892
263368
2195763
946136
3941231
3036223
4955439
1019007
4906160
4867754
1024369
231257
4356772
1911572
847314
4681476
4094343
3548983
4197793
1880092
3638947
1889232
4124405
1989448
3767750
4245931
1692260
4704018
3555230
2477066
1304374
1429798
4622335
3825397
4984951
2473926
4507842
2082715
2449788
4916606
97237
2570165
4755078
1574314
2627978
514516
3520093
4705750
4581419
2895240
3659089
4393863
2199664
4698634
2914811
871639
2759772
1368355
1019006
4631972
3557726
4419687
3855843
4588427
3402239
4125501
4522390
3683363
1253352
4568496
4555533
4355510
3652653
3216574
4684396
4583961
2884186
1927990
4168199
3349418
3093344
4497808
2477615
4545064
4511243
3363110
4962030
1385957
2360155
1937847
1010596
2514777
4528207
3308755
4438003
2657559
3503819
4942940
372170
898597
1675837
1930099
4003565
4584401
4598302
1909493
77606
2338619
4273032
4970187
4982819
4479056
4591595
4615282
2063622
2328816
4191789
4027219
1892411
3620552
2521210
75346
3333085
1893432
1515526
1621175
2039544
4257282
4594039
1126915
4456672
1649528
3400152
3967160
3127291
2561309
4473287
2983686
4675984
438316
2022705
791625
1416386
3279638
2670604
1328722
5012525
3453461
2767470
3022348
62356
4342216
4479057
1532622
2413195
1897567
38021
1021251
4414065
1804650
4634791
102290
1229705
3021451
4058616
1305515
1764412
4060568
4388237
4906146
890911
4629725
1829038
3949761
1417132
1833962
1742403
4626464
3535185
3756074
2449781
2121317
2468861
1543888
4117084
3874766
1109112
4267591
40034
2090844
4432061
1610022
4605655
3289029
4953095
1608872
3407176
3318983
4638982
1046676
3257630
5077642
1675832
4659264
1169559
3804968
4272188
3309892
753445
2729925
2477878
1725588
4591158
4483154
1034737
169090
1612454
4816982
4508583
2325394
3220652
3444644
4675990
3995477
2449784
3017372
943989
4553579
3454956
945157
3970839
4921479
279757
1316210
4502890
1027065
4534361
1944898
4964775
4448963
4688213
3503279
4264841
4599781
4056072
808167
943399
89721
3555229
4618822
3966495
3977444
4428000
4610104
4684398
4150886
3917456
1217241
1927840
2341601
4676294
1649525
1644002
875945
2101986
2109130
3046595
4035283
4587209
4414107
4519375
4686482
2131079
4396012
1736327
847199
4971074
1783814
1826084
519080
2787963
4872642
4532815
2702259
3040670
2303351
1289940
4186572
1562308
1613102
3270001
4520808
790218
3412256
66442
2339801
94972
139597
4287468
1974685
2787180
2441822
589671
2670869
2190486
2504668
1675833
3472791
4660742
1373950
514449
3453182
88632
744673
1401283
3469875
4293471
90690
1076674
3316275
4676926
3055879
3469819
1231294
3045646
4977898
382042
4705740
903567
1093107
4676909
1375890
2263280
3483015
4645721
3935460
3132518
4294409
4342766
4677112
3892384
2123907
2408317
28699
4528039
4419873
2900102
3965630
3605201
1655990
4192224
531613
897901
4249120
2652445
4527341
647443
3602591
1477380
3831190
1142884
1821561
4559979
4911785
2809892
1355778
2360811
4019724
887252
92036
1764795
4610622
684797
3117488
4036700
1154509
328588
2193255
1283463
1611276
3385969
4821119
3444608
934369
1612453
1911347
2809893
4053436
3007038
2590941
4462665
37972
3335250
2833259
544671
4352741
4698635
3967013
3320563
847197
4314665
4144580
2835133
1083470
2451533
1525893
55537
4959291
4244902
2129147
2596314
4496040
4884918
2633654
4903680
3653690
3925571
4610102
2992526
4337673
4498583
4622729
3441410
933666
4020368
823257
4961734
4750492
3668477
1689162
3690195
483375
473697
3993390
3247467
43918
3664894
1299049
4590212
2423130
1480224
3924952
1736331
967296
1263789
3981849
1370703
4047050
1405981
2970030
757823
4526363
4713188
3230245
1946302
4276315
2090745
1318245
2024490
4399672
4133987
4416306
3013524
4501247
2192843
738980
340624
1654261
2102289
67661
4646496
4269029
3624320
2403799
4669227
2061330
3951573
1678083
1104276
2014470
3939245
2234142
2465404
3061372
4577578
2383158
3407222
4112630
73982
3564271
1969194
4580654
2106986
1298488
193647
1029562
1212686
1298486
61523
2972901
1206034
2116077
2986485
4261871
1185260
4605417
4270508
1281731
2205154
3902737
1963209
873389
672594
2659911
2244488
671038
2554443
71002
56418
2035617
2616897
3829895
2496630
4650477
3190767
961450
2690172
3818726
4987035
2689746
3907571
1647919
1984138
2749107
4606535
4872645
4140650
914229
4322610
2751003
1572367
92037
5002973
4655105
456277
3921750
4547730
25300
3880714
345703
3272148
4131789
5013926
4754538
1594860
3953949
4499724
3298211
4035693
1215538
1755267
2760263
4583963
4592979
354067
2003882
1692279
4658073
3742584
2940656
5047648
1951648
3040107
3394644
72776
3449811
3365422
1726474
1615827
847341
2089366
4677458
3509219
3082637
4050452
457456
26672
3229770
2769648
4065393
895076
3081825
66727
3030158
1983124
4595891
3999706
788468
4789572
4331537
4869466
4606545
1384506
2405223
4641377
1752575
4637145
2433731
2160410
2217566
4173592
2039543
3961281
3507715
4108932
1639738
3748673
69666
2769029
709264
2765289
5024950
4557722
4610569
246599
150621
3876751
801054
1911346
4897431
2450610
4522219
627687
4536267
2601894
252238
4943364
4944921
1497902
3576240
3341443
4005681
4053095
1555610
2361008
2200174
2472592
4766905
3466219
2701875
892853
1468670
3017378
1039842
1763072
593823
293224
2025941
4290249
783399
4136607
1053729
4675786
5030973
3337883
942469
1350187
4917671
2449759
419451
3476709
2153072
1250833
2953413
916150
1685991
3823124
3610206
1009530
2086311
1269745
1448834
1570668
3283618
2659371
4550768
4389135
2922036
770285
1403276
3651943
160491
3555216
4249298
127313
1675840
4192227
2431862
892399
2467806
4103971
40130
1403588
3906832
4091987
373834
3688760
4713189
857268
1656875
3866797
1937819
4720367
513847
1281729
3390098
1869534
4956321
2002273
4252849
4190760
3249383
1775842
1206770
4718093
4101850
869285
4103969
1129261
50430
4020291
1933083
3491593
4794326
2684855
39673
2742961
4376736
5014384
4961880
4954143
190584
3672133
1218649
4652843
135265
1776020
2509420
3883556
4066340
1619561
3627263
3243378
1773232
475570
3644429
3532516
60884
3985409
857431
4166031
4340281
4496808
4592426
4072457
4579363
4474009
2144183
2151200
4569557
241578
970331
2064324
1018661
4989722
5080973
1266886
4889658
3122806
824970
4269714
4340830
4609707
4198673
4584823
5032009
4642832
4879884
3236444
1289926
88433
2729836
4879479
60918
3323223
1413191
2187181
3938363
4584112
3530469
786540
4960767
4431767
2659696
1923538
4913604
3029339
442295
3161211
1414507
4224158
1562874
3192292
1895569
2721588
1063101
4875490
1091478
4462512
2591044
4129562
4173699
1181749
548641
515360
2305912
1033154
61817
3698668
2064699
3404834
66684
4046597
2054768
2138175
172612
4489731
4162519
2959446
695675
4051812
3407277
3982806
2532379
4698636
1458377
3751243
1725654
328580
4208553
3619910
1359927
4678106
3440631
3937149
768556
4694142
21724
3099150
1183879
3419203
4944771
2024492
4087751
4893209
33741
2615903
552969
209553
4625399
4419264
2596015
1018776
2533673
4230499
648409
3309894
153988
2281077
4176492
674696
3802257
4613729
2485437
374113
4715378
3359283
4590378
1941066
2777735
3036599
2667326
1480394
405555
3101720
698
85501
1054502
4131558
3459613
4023289
3880716
4736787
4344665
1972800
2658225
3955228
1623220
1849120
44800
3566578
242822
1752938
1783725
1451992
1736329
2456817
1863290
4190541
2853012
1949195
141776
4012166
3809431
941569
1926750
3721422
4877373
2820662
2250747
4525748
2958923
4499470
2823086
1660133
4676347
417897
1554235
3890764
543496
5016529
76148
388877
4677111
3967210
4029809
949616
84895
3911113
2881378
3535960
3966047
4651607
3919785
3910307
3874871
2758185
1465778
4050506
3009098
4813488
3376889
992281
1657468
661718
3453891
2185535
3290176
405955
701254
2625235
1420671
3373328
3555226
2912681
2486881
3842522
878369
4581863
1086190
2768998
4746602
673736
209576
674771
2761221
3686393
3604588
3216139
550235
452044
2338622
2275111
4455334
4448964
4661494
967941
3717666
4794930
3994922
4876030
1184359
4032163
4233616
4613366
1010848
4977547
2414282
4130531
1123159
2722494
175397
3911765
3031204
2794222
4436424
3988373
4675962
3971543
3662830
2267364
2834663
648799
1514799
2472636
3169487
3647101
2129145
4125530
135389
2144116
4599500
798827
1971795
5025396
2245775
2210845
4509671
560241
3255601
2706475
4518345
3939244
2612975
18650
3943553
3980481
4419204
4825260
2050364
4114668
4397043
4289455
131494
1960973
566538
67526
5026690
1829878
2779004
3328966
1474947
3572269
4496678
3218709
3977391
1071416
9631
4552477
4543669
3879897
4911787
4527490
3216928
4402124
1643386
2787354
4036452
4186223
4006706
4389423
2338617
4056033
4001956
2556352
724212
1025133
1593361
2596017
2778998
3555227
2703370
1773538
4192226
3743777
4645690
313159
355154
4379928
4726790
61642
60990
4021622
3955997
4834439
61311
4664128
22217
3594765
4042557
1315100
3332444
787430
4023580
2823087
4600712
2124036
2980264
3666992
134621
780200
1207908
2205153
4208051
2946455
1601795
4697928
3992575
4147886
2601326
4756238
4192945
772294
4117089
495590
1593699
3400249
4380552
2916771
4908087
1785888
1465099
231976
4620312
3207049
614215
609855
2057380
4169077
3908805
1709556
2918998
2060302
4756034
4126440
2777736
3699735
699
4421555
2801208
3924949
551273
2800850
181521
3030556
1399399
1282141
3333763
3062999
1658312
4110420
4654687
985141
380870
1342273
2011555
718156
2701267
368306
2453681
2857598
4972951
420080
4641365
1081806
158954
2788250
871815
77711
149785
3892058
4393861
1074000
3952940
4637992
2619375
290505
3955579
763294
698693
37917
2908653
1388395
1848250
1675834
2924352
3987938
1896298
1161891
378126
4474008
1251194
3669628
1243786
1988750
786315
1486738
2609485
793107
3503281
1751423
4642477
4017223
256696
1117799
5034395
3965515
3781526
4693376
4602844
3662560
5062506
1059388
3453184
4674908
3395008
2551698
2646750
4813489
4676927
4024173
4684395
4907304
3264995
1619562
4120340
1848868
595983
608923
3366499
756035
279756
3348535
2895242
1255391
4606902
3909572
2333966
4625811
539090
2952473
4881764
293189
1015986
4052850
274391
3259349
4675979
3217057
2617332
2844052
2149558
1728757
3602592
4685807
2856191
3621954
3496770
2846122
1843594
4510816
2501958
1064998
2922207
138062
4021646
3938365
73244
3182359
2759775
1135331
3625849
4244903
1497813
266925
3457998
3721711
1021398
4421556
3574265
3040028
65951
133193
2543608
2361589
3230247
914230
4723086
1949714
4921872
297812
2195735
4601644
1232328
1052987
1149303
3266996
3982097
4200325
4371627
2218881
3050932
4119629
3686870
1123180
3650151
1836302
4355653
4048531
3419211
1940193
4215427
4606394
2651508
3652882
4985790
3262018
3055179
4141693
2878340
65409
3408429
3654439
1791108
4141065
5013710
2480971
219394
4255411
4600500
1259235
2787352
210009
2921706
340484
1543870
2200808
594197
261252
1450377
2177627
4952530
4930120
4666160
4801969
1974023
4236468
773153
3471635
3873749
4653236
3624378
2084150
172608
1989332
2769863
241078
521681
4031589
465260
4182198
954108
2675378
962854
2959444
72534
2496604
35413
4137825
1059527
104621
3920887
120893
4675988
2782389
603075
2514751
4884577
4362160
1256373
956270
3743710
1342593
2625237
4977508
307289
4605017
4282921
3400122
1793142
363638
1552342
4710923
430888
893030
2970474
1154100
1534639
4794241
3943575
66683
4569927
786680
475188
4641378
3873313
803663
4475099
3058402
4409625
2716750
2609556
3877398
2338618
4530257
903820
2193606
4570942
1623206
1288450
4026577
243946
368697
4980422
4226999
483185
1329592
3552768
1104798
232480
3509309
3880715
4660071
4665741
2696002
4391054
4974831
4910516
4600555
3522813
3206402
2138178
1751857
4650910
4992246
3259779
4013979
3810147
2204246
1977955
4760641
4191786
1257627
4635748
4118107
4496239
3731603
2836463
4558581
3159553
4231597
3308486
907302
4917244
2362339
2843005
307618
3467013
1768636
773229
4005926
1269746
4619594
3512770
2944587
4011548
3546088
1385399
3475740
1186316
3322736
2554442
1895402
783249
4147245
4675738
1260090
3963687
4878623
1559778
1712875
4064326
3017376
1243286
1618411
4180554
21677
958423
2305346
764517
747336
3905821
1846237
739999
1614054
4113963
31676
819944
1095566
3801993
2123908
3698101
2628959
1391928
3141036
1697646
768459
4074327
1613232
3564236
4329809
3913124
1843040
382043
1814702
2052447
1736332
1527463
791636
926644
4653666
2743133
1782738
4225695
5022142
691572
4844581
2727221
3568142
4443518
4999978
1957087
3899779
2753223
1121944
1911799
4674771
4237369
2666060
3098623
4254655
252289
1019973
70050
4754871
3437423
3921841
3920886
2789102
2431442
2514752
1473302
606613
2690301
5004148
3359226
58313
4151389
3527943
4558937
3532514
4209533
76147
4499221
1432607
4164438
4658491
3983875
4674905
1547972
1940187
1464529
3681151
1718672
1266345
967612
2278502
2848244
1310291
1933247
3461838
2396057
4119469
1058615
675330
4613771
226563
3217027
1020665
2044431
2679110
24458
50172
4043390
4537918
4150057
2863391
4158210
4512138
3802251
3025039
2244785
1088962
4704021
2885663
1260335
139827
2634300
762864
1505416
2855406
1527650
1131984
4656668
3708170
31267
3896662
4631995
1752313
2820118
4551339
690818
2711843
345365
3969851
154313
3713670
2452960
180194
3830641
142765
3072084
1607294
2837355
1601353
4859257
3957764
2505989
487601
3032169
4043396
4252750
722238
1157993
1843592
3732138
4113766
787717
1827920
157261
794860
3041450
1894591
1098045
4496550
2985865
3888195
2577829
1366280
1046841
3510927
1943012
4120338
2809897
1200519
4533131
4939369
3775260
1575079
3888234
2090847
2709331
1405980
192180
4890269
3292536
3455190
4313601
1429835
4556557
4145854
5026689
1420669
3852941
4675881
3006574
2140181
22623
4976647
3975818
9904
2943103
2344072
978408
4172893
3574266
3294721
1899018
560272
4086133
4043297
407314
3507925
260592
1738445
265590
363639
4352739
3713701
3320177
3936816
2777737
3404836
4549272
949875
276865
1526255
2509170
1044610
3017375
3836885
796828
1066086
1987903
1376531
759510
4649482
4042569
3176714
4966372
4142115
1908334
1595847
1848516
2480926
1290618
4182542
4512276
4602818
711305
4676343
1290855
1513113
1849718
4570069
1674283
1583472
92229
4628574
1635440
114295
3686586
4011549
2060019
2065515
4065439
207659
3816517
4632306
786979
418277
4105983
131891
4175221
520270
241043
4592981
5045153
2928440
1954466
798856
4424998
3098186
530043
446612
4173701
874975
3453387
4069285
3517426
145071
187455
1416924
3427816
150238
4619679
31421
288339
4570882
1736335
3441116
827932
2669841
2944586
3398328
1399400
304972
2941767
2579079
2451194
2090201
3188140
3333139
514515
2769653
2958387
1257723
1777047
4088402
4973153
4575469
141659
1623285
1795178
3180981
1043089
4751839
2439142
3199749
51326
71423
3906861
2490373
3012622
4325680
2509145
1892365
59950
635991
961451
3760290
18665
471858
2848672
4098085
172618
272029
3283801
4311200
4218773
4654144
539252
2405064
4024307
3684873
3961299
2942365
4665469
299011
648081
2836842
1863231
4691570
1051495
2245786
155404
3692961
4141289
4128162
2851919
853094
3704226
185506
4005957
753732
1861781
912123
2376193
661561
3688128
1502635
4876920
894163
1270965
2409854
3564539
3428928
3883429
43113
3684868
1149638
1441813
4077920
2847754
2200803
808849
4398779
4231382
1171239
140650
3968757
1137172
3008137
4917499
5036331
1725331
417898
325603
4186214
4545302
3979914
2245776
755041
3319172
322742
4600487
1400763
122074
3104443
4323806
1113951
4620303
1561394
4612547
23897
523575
249904
3477432
230692
2913380
2060301
22759
118319
1782570
143798
1945751
4270199
142768
4571113
4082226
136138
72042
425510
4019933
4246085
350197
3473036
2933587
1675691
1111621
1871842
2165938
4048172
778295
4540990
665475
283593
2886714
1625592
389398
2423129
2228129
675316
3938939
807414
43854
909622
2370477
3696389
4185991
1849735
1649990
1033429
218464
4587956
462157
3283620
4894258
4541975
505458
1456372
2900319
1149406
3683829
4107663
4021212
4235350
3665101
168335
4175598
4605116
4602817
3922625
1365161
420951
3582493
22924
2794219
5047643
4290079
3480953
4545548
770744
2123717
4040465
4978145
1940186
1376543
1342371
96525
2145933
4900124
1503731
150057
3386904
1783726
4875678
263270
4091617
1264192
4483016
4139055
3378432
3688761
1878800
2843695
700546
4461875
4096098
1628055
1389366
1094551
1201330
1827412
703419
4652864
4721046
3856237
3408977
3969332
2759778
1430977
1753505
2599587
2820659
557963
37303
64066
2619376
1107441
2590901
295650
3991003
555236
4597001
4070883
103439
1968605
3903485
4653225
1144839
4943509
272815
2107630
3967275
2317735
474190
4565946
1505878
1940191
812721
4026597
1515151
5050687
1597015
553034
3128026
4339415
1848337
2747275
752175
1215541
119803
5005911
4338034
45699
3550000
153451
4198674
5065517
932223
4694836
4024213
1318244
712983
372169
3274375
81479
1086187
5017446
2078961
4653776
791322
683765
105265
1406426
120121
2983684
3702017
4917610
3007037
4140800
526282
82567
3982073
1149000
2681913
2924673
97922
4564663
3967211
1252705
4108931
608919
1729807
4126009
141053
365128
4840026
4975624
4587235
4155735
4649483
1686838
2792766
18226
4047322
2532603
3404692
31798
134447
3698518
162388
3931692
4578832
2462569
2830411
4666886
2957552
251043
2254285
3099022
3037585
4622929
474549
2303909
4652942
83059
909391
4003564
4542198
2596016
367860
537377
1369924
4107936
744631
129186
4681474
2986326
10820
1826587
2826322
668964
441646
1221610
4121726
4169368
59225
2387070
4683476
24252
2904378
3214639
53617
4462639
3952391
2672796
4833456
196794
506013
1053243
813773
1473890
1153219
3634652
453358
4023577
4606333
2617331
1974024
4613374
71622
791635
1181741
4216718
3008157
4647815
2455776
827990
107875
4048530
1700356
585895
516295
3152584
133729
4148597
1576397
4334315
2167709
539789
3036598
1331610
66437
3930069
3262520
193436
2786063
623191
3187649
3370430
54915
660882
3002367
2240055
2242915
953697
155560
2864723
2885272
163398
3312803
152908
2327793
3592335
819840
354167
4389300
674234
725061
1348014
55279
3631112
2318278
1477381
589035
4978017
105218
2992208
1028396
4088462
2503313
569801
836641
3103887
1192759
112446
3552450
2014468
135632
3128651
273787
4682193
4128911
4190243
4174552
1560478
4509214
1443511
2098245
2761952
2849611
3571659
3333446
3904708
24265
5002972
38048
146372
366919
4107863
2447243
3962066
818304
1451267
182759
2659370
3273167
351189
2054966
1344213
4189338
3131518
4896571
171126
2874540
4182518
4922800
1701066
300923
1562274
1656874
2770683
4868075
98623
4112294
3575904
4681479
1313540
174322
2674642
163462
2361608
226161
4192964
4241326
3897180
4592024
321506
3150488
1635439
2065443
3991852
1501843
2865358
933105
1534587
4069867
666347
1270103
4190732
4431382
2094974
3529222
85651
138140
1791086
3806442
3986329
3961915
1150597
2836542
1385056
3130540
4083240
3627262
4613835
2636546
3158573
2861704
4206158
1892095
672260
3572825
353384
3639116
17545
782067
1562306
5048726
983692
3073959
1065224
4564759
153316
4673218
147146
4053180
2226813
3039358
3652179
122989
152213
841707
3360078
3672160
1932952
1034889
4423828
1426677
1414506
3593191
3964758
313716
2918279
4136734
514518
2782390
667021
1012150
1031467
2769864
1694582
3541966
3578250
4122642
1250719
9806
1387651
2245785
2612976
315552
4398037
4777135
3980954
5053116
1442472
2801137
4126741
4042151
1914494
4961938
871814
169483
351287
3096723
3906253
2073335
792377
518878
2896259
1236756
1574312
1119026
1398288
56293
4082632
3253015
1028454
4019609
129613
4518347
61001
22079
955470
3764210
817720
122612
2809896
1467217
2761371
2160276
2920002
3709526
4618454
3731889
4379993
358556
4509909
22369
4615284
132731
4579007
2792233
1639736
3130927
4073963
2796933
1549265
3658288
565448
83058
712945
1734750
79860
4231598
1115630
4126008
943246
4172144
100023
2967737
2328045
4989720
3483375
4587994
3641172
4085201
3445289
1383552
4535937
1147080
176339
4284879
401513
4099411
1518386
3249543
3825869
4364911
3082359
3700090
3914313
4224117
1128725
397904
4036379
3846024
697679
1303667
4496807
1635437
3419210
4610570
1123215
1103841
700286
3456888
1488511
56884
2723100
607235
3153176
745360
924562
2795859
2796934
41522
731450
4672822
2352495
190044
1015625
3228526
3055083
4588428
147789
140523
4461257
3988649
2445735
3969331
249905
397535
4610103
151025
4052849
2896103
2841097
505084
368308
1070639
1098042
2514776
3988446
4896184
4128910
2521562
4270200
5062318
53849
263381
4031560
2472723
3997774
1145025
4249803
1925094
2983683
3275867
340532
384818
2054967
235309
2948463
4405871
10848
4676267
3624224
2518842
3613336
5044268
1656877
1133435
24577
4257604
675216
3455906
301176
1412353
3665102
2694308
3974456
4183149
3963406
3999707
2885205
772983
4808850
833638
2501959
1637017
4781449
2717678
152350
4791564
3579922
151125
3804959
1241226
118689
19530
1535030
4097151
3693677
3720482
909551
4931093
847313
4691056
42414
1198930
4648244
392107
3098232
3359563
4172540
4535938
4396068
279032
71140
1256532
1571318
4025126
110334
221228
3594876
37762
3537881
3081344
152077
2345775
1059263
1659942
828154
435749
3927849
1846556
2295594
3604872
3832028
685141
533695
1570361
3719472
3905974
40030
1647914
1654076
4184700
1486576
4178311
2524333
4092441
4153835
3489573
139505
1675841
1939173
2114081
1289864
1279551
3938361
4764052
827019
1157990
2304706
796997
4431383
4009066
2416995
171125
4499192
4959826
1126625
3580610
1210444
80988
490063
1843039
15197
1786703
3099024
2259838
1128185
3053634
31047
599979
505082
540973
1592915
4906145
172610
1774821
3907133
1782090
109380
3509308
103438
98636
46256
4025641
3687362
2925978
180761
3875540
2105262
2810199
1970115
4795878
2750276
2820660
252696
86030
3411998
4461258
99009
4781986
2579717
3833070
354514
3781695
1776019
999566
1152984
27979
3531381
4132360
215802
1731984
4001598
746921
3187060
515359
4597636
52168
4792591
4697660
4193496
2390012
4076402
1250898
110175
144621
3719484
3272535
1645505
1256662
2043200
1073389
765299
4567209
1601796
29519
4675983
4534525
1435761
4358533
4120003
845959
122776
28945
153193
4630628
1491266
4429877
4967153
4620074
630731
2416996
159598
122603
3613544
141368
4254588
3152714
4976069
1369527
1294204
734524
4662409
4117082
1525816
172609
3355993
163639
1362335
1231615
263269
1549098
4417587
28014
4134025
4568442
792410
4097153
2772588
2800281
3186141
1017602
244115
4981127
147271
231018
120015
3810852
452508
3698172
3734290
930497
649686
4019011
674361
3152717
525317
2764415
3470248
2449786
109379
229380
1215580
901194
4913603
3597304
3632027
1510844
2507132
1980708
3791872
4389188
4475754
514703
1548114
2681945
2784981
545933
1402715
33237
4675892
2120898
4927668
108319
4332517
3013968
4432262
4846579
75074
3104444
467059
1074466
72796
4173009
20708
1270997
3572629
486513
2813113
3005443
987361
3755818
172473
1556368
111051
1621813
2587576
3507716
3662496
151588
4223176
2090846
3563499
66398
5047645
1194354
1492011
3743760
3988953
4238962
3483896
2923019
1128184
4179442
1161457
4519009
4609708
1033430
2924652
954576
22774
4502
112035
1301516
4663497
281593
4461487
3429489
172619
1752312
4681967
1531609
4572145
1494005
3443664
3990587
2836584
3801215
91523
2821728
681141
154693
1464026
4650479
3997326
739906
679556
3093816
748438
2108938
89772
139506
2162082
1348013
250454
237694
2932150
4212322
104781
2147837
1310812
2254089
3725763
4098612
1907737
1685775
125838
154758
80862
3250012
1629267
98634
2136328
2341755
141866
3614958
933635
2791830
1527414
301676
2120896
3901957
3923062
676402
1561395
3091924
1196148
442808
4577131
1737316
405800
4029215
4280622
3592336
44010
3835881
1654077
4525891
791305
4974195
2821729
3267060
4072459
1925323
452042
4321826
676920
2623386
154049
663819
1533020
736216
3898949
551274
659780
3230246
577427
847370
4644280
4978100
3742582
1088285
4185307
2586769
851706
540956
2675306
252921
3434977
4725071
4910704
1353632
4768151
4341009
1440741
86029
541990
3697509
2577280
112645
3138315
2777062
291592
611245
4159081
4744838
4227066
3395812
4143579
984714
1988749
4770341
4330255
2545231
2927290
3804958
180723
3482573
2256756
382685
67090
1826472
4173138
3902948
4478351
2807352
2245780
844815
3717748
1169772
3148593
4107715
4262331
185967
524181
1139717
2217658
4634792
2325395
3426216
3453185
4547582
4766627
4571452
2487993
164107
4086576
2325396
142221
2731307
897037
4615283
1290471
5012524
133900
585929
3743778
125737
2897090
996113
2654114
2281076
3359854
3985411
4209532
4128362
2845747
2683120
754751
1861551
4601948
3321644
2769842
1477379
2793094
4693668
144614
1485686
3672450
3006573
3743758
2992524
1085199
4274287
1070621
1603080
2845157
27572
1992682
1560479
1959587
3057334
2763130
4139266
4966314
1757890
3984667
1574318
790155
2833632
150372
4476734
3525789
1157991
4850423
1846226
848234
4412898
3880863
56422
3574161
490153
4675807
722986
473209
3791403
4533668
792479
2197248
3103580
3393614
2832674
786379
3526424
4887143
4033976
787242
125735
1123046
18576
4600503
1693060
3968474
31049
369997
4610105
92386
1187687
3920150
2675380
55367
3430510
46257
2880469
363616
1026548
4570832
3841771
3775491
4352738
3063098
1647917
1567978
4043393
385546
2497172
2607000
25777
292605
90220
4639129
1438987
123706
3877082
2977471
4075892
1059390
4137847
892807
3513772
4378302
43056
3574159
5012526
2176714
315
157287
1345313
174805
366648
26547
4357622
3894432
1212632
218902
4535471
1607221
1954174
1148798
897870
1789437
4934265
1502590
314894
3590276
4897089
3931984
535062
1754681
2385664
4100472
1344036
4142498
3030078
490260
208999
457455
3475227
24843
3211308
3547683
2315561
249231
4380252
62901
172616
526281
2936049
4571664
2979004
1149713
2927204
159157
3402552
2452467
1245003
2925980
4989925
2952467
3073586
4964131
4114759
206348
4295011
832518
4975904
5018674
4906159
3726048
3986977
3072610
4007787
1370179
1538480
86996
3563547
5020140
621291
23717
1576285
4354564
1079540
1392411
2577469
1992558
3127323
2947367
221777
3980435
554519
2654115
490154
1988751
26982
438709
3304697
3117877
3063239
4003172
18924
53616
633139
1074893
4063684
2551700
1071722
803783
2285581
401208
185247
134446
1734231
3757530
4222362
837953
4130722
4692041
3917075
4295348
4030411
3642832
2787181
908059
418109
168743
558483
1592913
52651
3419212
249488
4176247
3044231
2200511
4207957
1108713
330985
4480169
1104872
2025940
577333
110159
1752699
3714524
4340998
1660623
3990880
1010448
538215
19029
4035748
134945
4187735
4056372
10846
2059705
240106
4305931
2392194
169316
4980901
1095721
111828
523532
3996739
263061
4254516
744671
194203
2156483
2028816
3898487
215934
1219573
539811
1767256
3205030
3533806
3654660
226660
4306831
893458
138432
1143704
1639737
426548
2388631
1208037
1118006
756205
4533244
4429368
1530642
558078
1103933
3427196
3400944
141775
4278011
689377
282103
178796
1915918
628995
3033141
1826473
4705747
672057
4794944
2940870
4199465
2222593
1648784
4199112
1580331
303370
79991
3460290
775897
3364262
2675818
3979916
2984717
88529
1434972
671412
1153238
1411797
1219892
3526458
762274
4077740
2868941
4190889
3519002
3563895
667113
2815761
2102290
712986
4143577
3876984
3250915
3716881
4196764
2980581
4556005
3946832
1095271
675261
162444
1019465
388588
1492008
2892752
2376192
2258370
2670817
3859852
2340872
3327919
447061
799850
3350443
3243016
26981
4191787
2065730
818655
655467
3802617
70090
3033219
4647331
3906492
2958956
737072
698251
1046488
3970064
1046489
3057302
2025199
241968
2988009
4626463
315355
4649879
172615
3550363
2087482
3601511
3873319
140111
1799638
4512275
3900736
4978654
37521
307804
3614170
71003
1395074
19465
4931826
4139300
4443834
495285
1098043
94226
1645699
1659929
2952945
3557674
634349
2193256
671077
680931
2121001
4213592
2842731
3950490
3700348
892525
1536940
4248877
3941664
3292148
150494
619291
2761959
1686822
4117116
3996078
3708474
543449
222947
956904
4570609
4642310
4123021
3459363
744305
2676402
3047429
4579009
3781624
1294193
5032323
1784089
1366886
4694144
547367
1294427
2478381
829238
498116
3493929
2880470
2102288
3624229
3743711
133957
4653644
2241691
116273
153987
2319438
486511
3356571
159981
3989664
2833258
29326
172614
654453
92382
402573
1123922
3523062
4379588
3999705
4074084
4432521
127719
2513513
3238877
1535635
1757937
2456947
20674
3695255
4058575
80914
20308
1119043
179744
4900428
3322757
4173833
3386847
3928619
4141192
3032167
3187014
4233216
2900112
4353054
4638563
3450555
2991175
4201359
141563
1250717
726191
207661
4606546
3572396
142062
4381102
3309170
1538482
136210
2120489
2749453
4572146
46258
1911786
4150885
136302
4907728
22399
4562970
2577888
2610930
756285
1173436
1021109
3017373
2650309
2280154
397534
1104613
47539
1799135
336228
96185
4709515
4555925
57244
3654188
871542
3117787
2447242
345600
2360812
3722809
2260816
3798371
389348
183734
192632
117493
61340
2004399
4884007
112218
118097
281523
50071
1020301
4216674
3018288
58333
3956151
3182641
1303666
2816503
1569227
99254
1727328
4606486
4864979
3008212
4570831
4053182
344618
34123
2786200
2483949
2942251
121469
1959911
4058573
3432480
1688907
24616
3982983
29327
2747527
2737099
172617
1933250
1367473
3130527
4675289
4000582
3449701
3385968
960948
1909389
3965372
4665206
2496660
606113
2859789
2742958
1707593
4572032
19328
3638483
1004918
310541
956042
447035
510609
4851894
4141288
20447
3865154
4048171
3033139
3772395
3294350
1290628
4130321
3335701
1160979
1554578
154410
2259276
2852181
139650
637549
4143873
3960517
2004806
1827879
123651
3844593
941748
4052033
2656516
4380155
4644057
2248566
2306993
5029544
36292
4585033
802291
2663989
2704351
1592917
4579134
1743595
791594
2486339
53251
4200330
4340999
3218708
524776
2856077
2314613
4501
3414776
4978557
4397046
4149336
4023578
1058300
1051459
43020
3855508
1070687
151288
4114127
2885356
320025
712984
4141034
2270947
4849747
3684609
1678955
2678637
2800740
627277
656129
1147081
4505667
4162704
97012
3149840
782309
1511428
1290727
2586171
4534545
4932572
3146243
2906762
20100
4324907
3363205
882092
2060306
847863
3866654
4137720
4337672
2347706
35994
3802067
141786
39147
3332565
1359683
3943768
226667
4829781
3660923
4526700
2514775
3692040
20722
4163479
4340997
434438
3993391
31974
131517
18863
1877627
148348
568339
2113825
4024596
1382228
1954320
4173824
3873362
960194
1629268
4919773
22111
1544472
733753
94636
3200309
23828
351796
125701
4393066
2866144
980928
69831
3533423
4331268
2008758
4054296
2141005
4570071
2187180
4033895
443710
1264208
1719454
512981
181218
3976747
2635979
2532469
1296370
3967484
4081873
4982853
4154334
666874
4964310
3226130
4608763
9910
901145
4063651
2597781
4390204
3121106
4499812
4959460
1208036
1575078
3348533
4133083
100022
874575
2404484
4443021
76738
4457131
3418930
1569153
2734740
2765288
2612776
4097159
1581930
2647906
1782343
2016397
4316266
158081
3659638
2189738
2692187
4052384
4286008
697678
326284
153991
4900123
4476808
2071505
1185267
4091800
4462071
4651602
223611
139454
19581
1139966
4593589
562549
3625262
1964512
3060393
561971
2721474
149820
170196
1056331
241967
402494
563024
69557
3794382
1034834
1316211
3873861
1379319
4779819
4186020
2817562
872455
3899163
3906432
4162790
1842546
1531396
2675857
332904
5025559
1703066
3602590
996112
81309
4575472
4683926
2835481
3815218
53747
4141956
3606739
2478117
3633548
4806962
526637
2644655
1189150
2782845
291562
2817899
4671191
3969495
1295986
786345
4920629
839279
257568
1948049
4517775
2664032
2015469
4043392
1780848
31975
2722818
2005309
662886
3474099
3130926
764295
2964438
4605418
2465403
2180386
3289026
2218484
9911
3944154
4882716
4913782
4912906
1688373
53822
4044488
455622
3956616
1853841
2040915
89719
4091821
3689496
4599428
3017377
2631604
4550674
3970782
2506916
1345357
2611173
2712571
3393264
864204
4588614
2877775
4657774
788245
2248632
331109
4566463
3020770
4389068
4947497
4209190
3190
82865
1287528
2121230
5036612
1892232
187228
364443
4531296
4055479
3162782
2627636
4146082
2788312
3478479
4133990
2998901
3465070
1483398
1373012
685103
4645680
4765999
2112903
4623251
345601
4463275
3968867
4134470
2505289
2824607
2928746
4036100
53726
4102579
722235
297345
2082107
661750
242859
4018694
43203
1937979
3931931
4788016
148316
1271791
3322857
3191002
321481
4643686
3328931
151868
3367241
537650
1849121
2980378
3907130
3162305
4870645
4503382
4047415
4702625
832611
2329519
121000
3076016
1676227
4130721
1149864
3698099
1588473
2679109
4636008
3424382
817269
3736783
4146216
3471726
3623048
4782840
2431497
4354565
4213426
4301388
159
4231595
2373740
520914
2950467
2279148
4055102
431095
223350
338646
594525
2908143
22773
4659261
1481914
2129144
4539035
4199289
3650154
2791338
4190761
1511691
1389961
1548125
3500000
1259152
24253
1292113
702981
4597840
4086408
780814
3583335
3847132
727384
425707
4200331
817290
926177
3742920
4469464
3588223
770646
4785430
139799
3993829
684148
2640609
91005
4523054
25909
3921620
167535
175396
172613
4987416
4696694
4218546
4376465
4395166
3876313
4293416
3793289
4814252
904307
2908861
2275967
3049369
1269232
1705569
3337995
4267102
4152484
67762
631031
904132
19231
821287
3494923
1160988
3533335
3979198
2933042
1036170
381500
241732
4238157
3771436
1828345
4644429
557962
190951
754348
3581053
3416274
2996758
4676268
1436726
1156821
38627
4014128
25927
4981130
2980858
1483396
1050441
4938870
4888280
3008203
1153237
131977
4654203
3289070
3356230
127060
2110032
3333447
3098229
2942250
4499813
4355726
4076132
3109657
38931
88296
505083
1570810
4065916
4043651
3009900
1119651
5057326
975628
4630962
4642279
135689
583681
4133512
1821563
3598544
1302567
82566
206157
4542193
435406
3477331
4743116
4383432
2104772
587231
3988879
433101
1122816
3407629
4571602
3380173
1655991
3431305
2516244
5047646
4053181
821335
4793648
3829896
3396319
5046406
904861
4975482
3426226
2755458
4755077
2116222
4920201
281522
4522867
3503280
1925029
4037405
3481621
471828
356170
3422763
4583587
1492012
85554
2110035
377207
3924820
3627400
3972421
62333
396797
2996105
3980576
1670874
1597806
4769552
2977648
1675843
721494
1402717
3555396
151287
1139633
1730179
1844821
87206
4005496
889668
1608833
2404206
3723522
3708169
4396041
3476870
2825297
3985445
4457674
3405562
2112904
4072458
4377564
4906153
3534963
4867542
1599042
3436298
3643959
1757981
4981970
1385400
2478768
3865384
3906251
145132
110745
3158572
2592029
2784147
2749370
3014123
2849182
2044124
3365772
736720
340104
3919752
2271598
155347
3299525
4037859
1922694
3693785
1069658
4872646
3947250
4180734
4074057
4337674
46553
2651818
3856595
4022650
334204
89738
31687
4072982
3053631
4168198
752980
4153735
102455
2506753
2637756
255140
38838
137258
1155987
3003409
3898842
4635793
55366
4296665
3040465
2199692
9903
277426
2788191
4546542
2792231
4401394
20382
2637035
1362466
227686
3709719
3428170
4129492
86112
4075777
2225466
571073
4800049
3006774
2289258
4531291
4038971
2170151
2547594
1250538
1776028
4577576
1313776
236486
3476297
3367071
3907941
1773540
3660450
3619117
4085275
378348
132411
1645700
1733573
3683961
1247976
2827799
3069849
3823125
62900
1087497
4037078
4975637
1329626
3771729
4639263
3454111
2495061
2896899
4432653
3862036
2463974
122610
943988
4538035
4358568
1175841
1756356
1112622
3747265
4127630
3436432
2945043
4944770
3977279
3805143
4230151
3935353
674080
5002971
1560008
910633
4630666
3311083
3475739
3949618
3123606
3266998
3472914
171212
3668476
149806
3506822
3091052
4095153
2548004
75861
4082506
1589443
71403
1384505
823870
2704333
3371379
2713279
2729963
1682467
3475212
958098
1234694
4141191
4170859
113263
2519581
4066845
4312078
2925240
1359014
1892353
138167
3736423
4036599
58314
339054
3426239
27412
3941643
3365786
4115713
1843633
28195
1784877
969100
3298238
4534360
681950
3936871
2468763
4354797
3644120
3965745
1599043
1414505
96449
2643620
3117788
4591880
3892154
736316
1576396
4050258
140573
1901565
1580333
4579423
2508499
2341603
4375807
3789115
428320
4704283
2861740
1014244
900885
2807173
2261963
206529
2078473
1194407
110333
220665
1957244
971708
4034333
3985911
2452175
563266
1631366
2823519
1591550
4117088
1513316
3683609
4414143
1018659
3987367
3491249
760034
1005949
4331790
3389142
2957703
4177123
1473221
115586
4897204
815259
2848149
1924683
4043394
3777064
1863222
1250808
3444643
1661674
3799463
3229768
4956865
2635986
3970837
2922035
3285674
245780
712745
787324
4126419
4839206
2313020
4457772
2640742
910145
4609843
4058450
3871504
3565333
1902624
3654189
2880022
176817
3883432
4035906
3585092
3817810
2779994
4524847
24614
97011
4637146
2651815
315551
4049713
614213
1319297
17542
3525928
4474171
1518494
3911396
2872163
2807986
159850
1416381
3949675
3149441
3444743
703096
42299
4267494
502497
3220163
4148686
989369
4034012
3925570
127315
1074122
2744018
4090460
4583952
1474456
1319325
943403
2200173
1639260
3349558
288177
237649
1285420
3899795
97512
4854386
2663451
4177266
4494400
1785887
768554
1827036
665129
4922678
2426670
4574678
4981140
2662927
659475
134757
2969097
2831647
1272194
128321
1593847
2762079
2575550
2536716
2848215
743972
86653
4196891
670867
107876
3879059
4640477
4147751
4529351
2688397
3440606
2311634
3569450
1081509
3470472
2561021
3744485
291
4346043
2814588
4715379
3783818
3442401
1149925
1500049
4101563
1932023
3964749
3189
156805
3030162
4133810
1070793
5016526
4021026
3442462
2891210
203941
3894633
863435
3267577
70045
533591
3308877
3880727
4001349
2856423
2944141
3411224
244819
2624070
4568520
3266997
218944
4008159
1232142
4238577
1188944
144894
3461299
3964127
1610748
442293
85089
1596106
999184
128669
3419759
767835
1729806
4342384
1639739
3880713
3364263
3954316
4502978
2190125
3789858
4083991
3216953
4573258
1817790
2514142
4661048
2064388
2188020
34122
1343055
4173825
23397
4053183
1513624
703418
3966494
4199111
4381103
698250
421026
143014
111050
819557
5060157
3947565
1322270
2883670
208998
4114045
674371
4277171
4110879
965080
3081343
4420619
2105644
2659945
3999084
2924383
4115365
3980853
727162
66101
1324563
61134
2641609
4952971
123705
2897089
3965069
5050685
10819
17267
1267468
4126544
3533717
4136756
4141552
4477565
3759860
4058576
916628
3444609
196774
3664579
4184679
4586531
154083
3890194
1556776
355620
1513542
893028
1695462
1794942
194802
3815878
2705228
5002974
2797682
4527069
290244
4231596
4044521
4234627
4616099
1764244
3996805
4196572
4633042
3182076
136664
3077897
1947432
5022610
2588433
3979983
19309
138553
1268707
3649317
3174097
3062972
4175009
945538
1679791
2040921
4443836
4012163
291283
3629776
3689901
3611707
2512369
410359
3987022
15625
4652304
1529324
2741813
4700631
3945366
3195954
2908827
1697648
2278349
1828817
1312158
2780445
1882559
4645350
1987845
58332
1404472
615223
3117489
4061654
2854174
4216292
3619277
3841411
4622089
3910891
2779005
458462
4214383
4559265
987425
3701767
1839600
1502634
514875
444093
123417
2050085
3921845
1059409
2635267
530223
672345
2480924
2939818
4461982
515065
4218952
4052457
90780
1574310
1318243
722158
3688587
4496906
73245
3998720
3998026
1288520
1545247
4148889
2917753
267135
4086284
1496712
1074871
1409614
675211
4279059
2279058
2794353
1828834
1875697
2195736
2700656
1080436
3324593
3396318
2425245
3692015
3535184
2591729
4218579
4457838
4414870
4339784
296411
27491
18286
3802901
3365863
1513247
352135
460007
4822286
677963
3672452
4055815
4507745
4630
1922134
1018660
3403499
1056413
4838095
2326006
4526053
3562743
3301323
245736
244437
2939819
356578
1648054
2195348
1573860
4274289
2084632
4023678
1712376
4565945
105177
105069
4646170
2676581
3838718
43525
1974048
1966606
5032321
3647099
2891543
4006325
4186621
4137860
381499
1693441
3958966
3013523
95814
1843596
376616
4371721
3961649
4194938
2162033
116446
2625236
3743010
4134859
4618924
1083118
2118442
1370970
847315
4172700
878653
117534
3433378
2335826
714578
1845585
515358
4614338
3197088
3500253
2689029
2258375
680920
2732589
2175312
3941052
1599338
3599667
4559587
4595587
5046801
2865357
120016
4147323
4655618
2603700
3760610
674553
4675986
1917091
4398996
4527886
926176
3649650
2063419
3075498
3919786
2909864
121333
3207048
4434146
3743202
4774776
786883
4600795
3833802
3065051
982089
1761925
4766629
4598725
3616631
2054727
1121699
2750274
3952392
865973
3436182
1414691
680056
2980262
2167501
17714
3974458
4741804
2794532
5030974
4060602
3875251
3621952
4009997
4657968
3996978
4109757
4340288
4476282
438315
37304
4184004
4646499
3972425
4592362
2335358
20742
5024949
1123157
1474949
2021294
1697525
2791829
4833455
62350
3950424
4777136
1574311
3762
2487178
4527590
7878
4983066
3408634
50174
1093066
2525654
5002975
4943159
1653528
4491617
3403821
1735078
472610
3626661
3108776
2719425
3872102
942816
2456348
3623605
1481150
2684917
1468601
4155782
2788177
4160765
2195343
2877317
105660
1513224
1378156
4960841
1426731
1618047
3729586
3832026
3407630
3861344
4117081
3372580
1581628
87204
3594384
3700753
3551363
4622590
4853464
4672203
1827919
1492010
4591246
4631474
2100419
658985
403015
4140282
4113373
4215087
514514
3984682
4180709
1115477
3399991
1279540
2821238
4905033
4651601
4441748
1864176
3878294
2886713
4316032
2124661
4972950
622987
3264262
803611
3997419
4000954
4455033
1572874
3988372
2718853
1657684
1119991
350962
56954
3278284
1056070
130819
2334812
3952389
4080237
514197
2174694
4057231
4121522
2803002
1383927
1445269
4769703
2442322
1020490
4024305
1774466
2326008
18781
3688088
1025968
3876568
4779454
4563733
4455345
4268402
865210
940283
4561260
552970
1432511
927674
258
4122641
4355515
1863267
4648404
4634460
4091618
665779
4056032
2396056
3895612
4047207
3731210
2608219
2328044
4252748
553728
4698909
1178739
3179120
3047818
823869
4338756
1220407
4976649
3698669
4199291
133874
4968992
3737670
4533214
4916407
4586530
4241681
555235
1653047
4676185
1624606
2902675
358746
2360154
363008
3978482
1059389
3882483
3279106
4120002
4922719
2964334
4185641
3795502
295986
2251035
2839869
3009893
961907
263382
4692873
1808730
1946301
4970468
3666686
1415176
2039880
657522
3763312
4406855
2361458
4760639
3399483
182790
3994789
4675785
3950278
4438947
4042301
4903579
3705394
4601971
3318407
3971959
1750504
1114112
2925194
4222007
2617073
2451781
1053802
3690196
813774
260128
396695
2841098
4814775
2823957
2132925
484543
3831764
153392
3645575
1576773
4334842
71621
325955
791595
1666405
3163221
3885562
1155871
3439865
4114821
233920
166143
3368431
4577973
3890662
426375
3382387
3753395
4161822
709263
3089383
1746175
1627149
1279812
67952
4503016
1345673
4569974
856917
1776742
9805
23142
58080
2064022
1943555
4571462
3192211
4874273
1560823
2472374
3564538
3628352
2864354
2154207
637473
589973
2776394
4375034
4771313
3300637
1570860
1267489
3469259
3905331
1776991
1908638
3942174
106173
4653664
1428506
83661
4958943
2932151
4010789
3194957
4964960
3348790
4126596
4023861
1814227
1562305
4525429
3674060
882093
2497409
546542
1802876
1466402
2509334
4928243
4496041
713818
4341456
3270891
1385415
2910768
235308
71517
734648
2844959
4133322
530818
3434980
3989019
1256708
3771259
4577854
436193
1521409
774368
4094570
142501
2655400
4330256
4425548
1724155
4019779
4254590
3249381
1115582
4013059
140776
1890458
2569731
2184571
2880284
345602
675241
1666351
175859
4543715
3056153
1296761
4096880
4336835
636659
4570018
3964963
1022700
4004658
339058
3832031
1481386
2869812
2540100
2497171
1175484
5002970
280043
624079
4514951
4035456
2146094
4834438
1829381
882805
4173700
871723
1952107
1037973
3287674
5019993
25305
2506563
174335
1328721
1361383
3969850
1655441
112385
2769857
2678916
3570156
3770193
3930613
3471921
4125528
1376555
5026119
2329518
4024622
3840904
4635747
1679661
4149781
4120004
3664031
782315
2373742
3555231
2453680
268034
1214825
140633
803767
1329914
3674233
1473806
293249
4894716
3374326
210183
1515892
2279897
4823312
3365519
4708639
570331
179202
3970840
3674222
4621559
2660528
1047313
4600553
3205069
477692
3855888
3802258
1763071
724337
2325819
4584507
4197933
1521209
357801
23937
137845
2335064
2739669
1005058
3729987
162030
1850887
3347255
2779002
2907085
129185
3852832
4454223
2766808
3081346
4358569
2354209
3889143
4255410
895954
4130138
3907768
257697
4808847
425386
4095166
957614
3165994
3914387
5034545
4168139
3578798
1900935
1118008
313465
4240710
1858380
2118936
827378
2786641
4977546
4007932
2552522
18830
2186845
4760805
1741464
773905
4014582
1640289
4388362
1986308
3964093
539531
4488317
4253150
4697982
231676
1945790
369347
4250077
1621788
1974399
1522334
384447
768800
19521
4262332
3992316
3046707
464437
148910
3257739
3899378
18614
4496677
3773769
3316274
1527847
1486203
4674880
4631661
2193258
2355395
744670
18922
4177928
4649371
143431
1600342
39753
133974
3465231
3974639
2393046
515642
955571
516294
4139804
150056
1516109
4552084
4396954
3892061
2499276
3380553
4633066
4396042
4153632
3825329
4631594
2737097
23446
3613339
3471528
4567593
4641376
3968715
2261703
137930
2321526
4379927
3895668
3591860
3713189
26588
2967899
4120705
2570166
4676295
3916410
52338
2521306
228655
3513286
4438041
4131339
3087275
1784007
4132646
3474707
3650554
550086
915581
2918765
1399239
2532602
1468853
313206
3525138
621905
3779254
2963129
2908295
1379318
2501672
3907885
4584988
449579
402988
4019392
2782843
58444
196588
92190
2586716
2764465
2014554
4505671
1930163
3664692
1183493
4099567
4780963
4626196
4639636
3188431
666094
29954
2489387
2237544
3942765
19854
3873311
2433739
4766904
4683755
3681693
2674358
3417438
1593162
181565
1250927
4618823
4003740
398214
133548
2117310
3759531
808516
4555370
1349804
4897432
2960978
2363784
803138
133530
4906149
156656
692751
4123924
303160
2233247
3354731
93569
4367400
109644
2452
1093529
90181
3040826
1022040
2351565
2793243
2037
4457135
4732086
1777304
1174887
18780
3855539
3072088
275250
4688566
180759
542994
3917455
3568000
2114551
671411
4064328
4168408
2352449
4912563
3452982
4498757
3650377
3382074
2358590
53316
2151202
4533954
459614
1538382
3747266
17544
20443
54916
4188631
4665127
4042560
2856079
2171746
4582639
3037844
3859135
4037583
308534
4777377
97790
4190776
55660
4846578
2787351
161902
2061704
119888
3169486
2719432
3137397
728416
1543093
747755
167194
4656639
3978159
1734082
4231742
2789104
4746601
4976648
1900682
155405
141764
3044228
999380
3721302
147448
3400442
4889657
4228384
679759
829567
3954860
3403448
2157535
2606688
94455
1022638
3438565
3491741
1269444
260795
2262522
4113389
4107640
4048781
1500281
950856
4627273
2886244
1756129
1145134
1481003
3461839
88298
874049
1699368
3667683
120019
2533672
25254
2992480
3643046
4620345
3953708
1520775
279481
2160216
1537446
3131790
4220125
4968048
3770788
2198980
4182791
4896654
2171166
1161831
4730070
1158424
4593021
4080742
3938447
3891227
1943690
3099219
1692115
4507037
2326010
3848060
3997068
2241589
4397042
2829903
96375
4173823
808570
4276919
453357
3446563
440826
1448030
1406769
26730
2279137
20710
442244
3872094
4137564
400231
3989083
1571692
2062642
4170858
510439
2654113
2705226
4999759
4187136
4939033
3713699
1691903
2310736
3979752
2749106
4164591
623189
3919787
3450928
277455
2735552
1911575
3964294
4107641
2634299
3001221
98850
9804
892477
3920715
3986338
860651
4424999
3795504
4571486
4599431
3433650
1020494
4700761
4710924
110160
3056413
404822
1808059
2452974
4537917
263511
47558
5022441
577321
4947017
2258864
3146244
4294410
3967921
2473925
3205400
3735517
4606935
3996145
2278362
3328327
4908888
120151
3309890
4186237
27573
18161
96868
453724
2490775
3444651
4879885
98229
2542808
4042849
803039
391716
3176713
3649350
3578775
4090415
3522814
4968679
1058616
1088979
173790
2856443
1814706
1773387
68944
4659265
4059742
31801
4584250
148125
4355931
366359
8707
4685542
914977
10847
3570092
2662923
3336599
4011052
135545
26681
5053486
719877
69670
33323
1347546
2499499
41619
263366
59969
2856193
3770633
3516614
4093640
92385
2769861
4776327
4501249
1177520
1288474
4881536
4868014
3825039
222457
273772
4018034
1298485
4172246
4223798
2917754
1161444
1294238
2662136
4593121
1521313
4642175
98652
3699870
1866748
2495112
2611339
1923251
4180691
44205
4978556
4060566
2107221
1936181
3666556
188430
535294
3739567
4090461
4047321
843030
3885640
87708
2445254
2770689
718295
722160
1291373
703465
1933249
12956
2769866
1184584
3748672
3924821
9630
2899923
2575577
4563109
3380703
763201
505457
2352268
1632733
1024814
1700527
3378088
2922963
3792814
4123540
2680678
4360936
3345209
1510019
108453
4684368
712825
1297136
1372429
2823088
3292255
1896588
3283619
5012523
2833261
4586621
26983
4746270
3924379
4478295
3623521
275035
4767659
1725332
2341605
46264
61748
4227532
3488802
3949402
2895239
3334174
204971
2436239
4684397
4723866
3185464
3881866
4650908
1400765
3932992
1486648
2624073
38372
3607381
4597046
4648402
1531508
508936
1466706
1980133
3570314
3151177
351188
3103364
54138
1969375
3178314
3743709
4486072
4558691
4346636
1316983
4929639
4019726
3575496
4934815
4166578
979433
1228200
4017840
995599
4191785
4065917
3865623
4318431
3278295
43872
4052459
1661801
3389892
4676928
553640
1256295
4176248
4893210
1132688
5046407
3257737
4630665
4911784
3851540
4592980
4876919
4139125
2322199
4556070
4004208
25778
2696084
3963137
847198
4676783
1438611
4794721
1060504
2856809
4136599
4045548
4389299
4186966
33743
2761370
76845
4912844
3906254
4876426
3466376
3604043
4118010
847368
4176708
953699
1233124
3775004
1319516
4673162
3892153
554541
538264
3985834
2271653
4609706
903718
967559
289108
2443648
2090845
4701526
4083290
855627
3203952
3880864
1844822
3933988
1731840
3400106
3455527
1845973
2610928
4022875
1090154
4419872
4545547
3946339
27495
943007
2242223
135071
2834014
3844610
3348536
1847539
3135801
4296500
525219
1330137
3159552
307440
223039
2468001
1451309
4268193
148317
3990734
2326007
2922037
2513753
1889935
3442333
20350
4600713
807724
4255413
3942128
4065004
1086981
4964170
252918
4383435
5046351
135465
3905717
218945
3674700
1416252
231053
3913513
103676
3624377
2926919
4065510
2338614
4974125
789959
954941
846263
2704987
2937933
19606
1057278
699850
4021621
2345776
2478764
3962085
4600501
266512
355153
3218710
52650
4086573
1661959
3504137
250468
2254470
4054371
3243017
4583954
52242
1267176
4872588
1020830
1075125
4024437
4176602
4131546
2926918
10845
1125885
4689737
3706040
34652
4215641
2335408
4213428
2679278
5003262
4793108
4607308
2441333
834752
5040237
817908
4552478
808847
3205434
660994
3253832
3470471
1215040
4504458
4099446
3618481
3900967
159226
320273
2524006
4024306
2792205
3576722
3808109
1397855
4152299
4166229
4234435
157332
4131132
4089224
1731126
1126559
1751897
4960077
3011267
368691
4386281
2536215
1768386
1373441
3530798
1330982
4386841
1096436
4572496
3910981
4499188
4081859
4518346
219240
2576520
2390474
2193259
90692
3568001
4393860
4715483
4254593
4597706
930027
4410868
1657681
1827877
4542263
4437860
2779487
137226
3687920
3365265
42301
4761969
1324812
3322861
1442764
4152233
3774446
2656705
3400125
4564758
4012735
3448700
3903005
3903632
4943386
3088348
3980174
4116275
1078178
977707
4472450
2107632
616431
3238135
4121664
4572163
141825
44615
1755395
2846121
83060
1863225
977093
3432263
3091922
2025089
2443187
2909359
4091823
18896
139275
3250918
553778
3216926
28700
760766
97253
2574681
2798788
1371351
98635
684655
4112534
42741
7272
1475734
1994942
103952
978346
3578977
17907
744674
3323444
28015
4631662
4417512
3743776
4867197
1845293
304572
152205
3983528
3829898
3961739
1850339
4399611
4058453
2857599
2123715
2394569
869722
136645
2989510
3207050
4376058
1369922
2743102
66728
754490
4403179
1660775
3949921
66969
4601870
55538
3885772
2881962
889795
3058450
2958480
2965770
3873314
4500
979199
84092
50078
2229339
2959997
170505
1540186
40147
3385970
3001359
3284046
4565417
4608007
1247975
1315311
2187182
153379
4110881
4074836
2872093
1903
4544599
4622468
2884322
4551186
4098084
3460296
537630
140580
3577301
4646109
4262788
2413407
3501463
712847
2206573
4019497
80902
3693840
4559826
4420486
3713462
2147756
3390399
3174920
3988653
3686767
2869297
3346418
1713930
4177169
1725674
3883626
3169488
869599
4966643
80990
4854346
1848866
3683612
4575646
3335244
4057993
1186269
1480694
2504495
99176
1309079
1559211
783570
4117324
1938693
2325397
4989718
4037829
4771947
14978
2117763
1176055
4150980
4049193
3379898
2647907
94973
2634301
2188149
1580336
4352740
4168201
3734243
4354798
4026877
4245852
3885608
2268090
20890
2663991
2751375
4676296
1115269
1737321
4415188
4662393
2451
1179848
939569
2421269
1018341
3205433
2979335
3038961
784233
2269416
3407087
1131162
1805884
3627502
4605419
1066879
2729967
1735076
5029265
4912757
4584066
2769858
2795085
2916636
871816
4273013
46221
998964
2823367
4412284
3386066
55698
4140804
1526023
3299214
756369
140110
1828344
4578323
4149947
1200758
2147834
3945736
3410894
3055881
1270458
511864
2588957
3793052
1020279
4144085
2848253
4045358
1500440
4587234
1438610
4652844
2217836
1273122
97156
133684
334081
4969136
3343346
2777884
1298490
2387726
72300
1432365
2075242
4521794
830083
4808142
4927621
4073667
131016
1362488
753730
29989
772760
2514762
4084227
403095
473281
2025939
23143
3417572
368932
1661047
4508584
2859292
4549028
4977796
4490826
3533338
2941760
3615530
2765394
4029216
5021509
1790806
4153280
4024095
4117045
815386
4351351
324601
1305516
19512
4025297
4559060
4647164
3899608
3748120
2986325
60996
52652
2121234
735850
12789
3962186
768339
4352417
4600502
4543943
2554444
584643
3210904
4986446
2739474
2588467
1766624
4121521
1899581
2603699
668967
816397
833127
4783742
4982423
2541560
787748
3451088
981781
373730
2713282
203060
31124
4485199
4900427
40392
3619145
3762017
4119956
3707411
1368790
3522682
2958686
3046984
4851893
2914405
1933323
2826912
3525929
38295
146373
1441029
984864
4008291
3878362
2471085
3005092
1644684
3318981
4119361
3835880
3008239
3471415
1020492
505459
2765074
3610205
4107847
192182
3571460
1580254
4854531
3562217
2468863
4579008
4580191
2228424
32516
4199288
2944588
817626
1242071
3183386
3669644
4809622
430464
3781625
2749369
4132494
65316
763295
4036600
4158995
158248
5013659
983896
163463
3130714
2879312
18579
1055982
3969751
2294339
3825331
1791407
4053876
73983
3699871
3952394
4185807
4135309
1211509
1633624
4441783
4337665
4636279
1773541
3890661
2114212
3483991
46330
224712
3182620
3889126
3656401
97261
2641872
4111616
8269
2357703
3365777
3976035
889731
2200175
238327
2980265
4946958
1324811
4690554
4448965
2962696
4627007
967529
4019437
4823421
3944915
3969333
4126010
5036614
1828818
3372105
2486763
3696401
518792
791319
3581607
2409656
3804863
3533807
4154972
4496809
1602633
4281941
4267795
967034
2164773
3416454
4497760
4975483
1139277
18667
2477068
3386185
2498454
546095
3785429
4138599
2438800
2820552
359357
4388412
4050783
4944768
3333449
1371567
4120001
253722
4422713
1377407
4641388
1286105
813771
768553
2258912
168041
3270725
4153633
4168703
4142511
4647121
129644
4776208
1919496
1625985
2451449
3082442
3925572
4476806
3429943
57245
4622220
382055
5047644
1688909
5021506
4725950
2907226
697225
4055478
3309893
2351989
3164477
31048
4605126
3644674
688710
1036133
3965903
18811
4760807
22622
1033197
1770369
3935300
4065091
3712715
2060303
4044416
3387364
3964495
3392560
3977027
1514697
3645709
3555228
3688589
3053635
903261
3310501
2587217
4575861
72499
28194
4328376
4222008
3392813
119742
3982500
1262879
1959319
3906273
2168938
2177830
328801
3903862
3133974
514517
1477780
1923143
2191144
4011579
3440055
1773388
4011550
4087802
983759
4577972
4939164
4875503
4346977
1033431
102797
2810339
3972553
4488986
334
4664129
3003410
2928441
2763555
3028758
3730282
4192288
1575178
1443513
3933989
1018241
2750277
3574915
3205653
2769846
4041175
1712994
679241
2980517
5026118
4666863
1099551
3996147
1156948
1058950
2545577
411343
3865557
4958945
9909
2535969
1581404
1562307
2807130
2442130
3924640
1464101
425363
4124553
20870
3316276
1591583
2315563
4122643
2843485
3855512
1659421
628159
3645573
2202592
2618000
2466018
2280823
66813
3894634
4050259
1635441
2845702
1346558
2323325
1513225
2570168
178312
390360
3980666
4538036
2077311
3127390
20381
1341656
2977096
2414422
2525656
3389875
898830
1951215
341410
2243402
3833335
3794131
2914495
3185399
2889378
3704348
2779335
76576
2358589
141916
4559267
4049715
2416997
2941258
4378853
3153186
59575
4644431
22024
1450929
3802810
2969099
2802627
4046565
109021
3229769
2853101
4199025
2360156
2910876
2106190
4677113
4204608
19518
3698519
3986978
3283803
727857
3615684
3474954
137998
4630528
2517043
4855851
3596586
3795330
441464
3582688
3927361
4674906
3373330
4616100
3860808
3920600
2461135
821337
839867
962135
4072983
1595692
2826913
2679108
4296001
4676340
1349196
548114
1111093
3040204
2181000
2630078
2352133
4459928
1755183
3936874
2812103
2979748
3883443
3977192
2747094
3798591
54573
4341265
2718347
3647100
66685
251371
4202558
1501408
4382060
33238
4575471
4455363
3509310
2239423
3941805
3404835
3564540
1692769
2877698
3684242
81041
3772703
4623106
237286
2723894
4224375
4660315
4053020
4286010
4776781
4091938
4142198
3871019
2861783
4580263
3402240
57495
1627804
3899778
455321
3920716
2056701
3356513
194406
1395958
3420795
2391388
3684884
1525200
4245561
3573734
5039751
60885
1021802
137770
1254922
916571
790080
393811
3409479
962396
4872643
4065440
2120897
4387323
3936872
279177
659015
4021027
683766
3163223
4365302
1296827
1161443
4533181
3314160
2217834
2330648
5035078
614627
2410944
3628297
4895340
4677803
2844882
4079883
4351343
1879764
2248539
2675305
1215539
1240947
3735518
5029545
4042863
4545389
3100528
3238172
2875914
2423128
3287949
3771215
116156
137940
2200810
2485690
4660743
32348
3041451
3873750
117426
1354930
2408766
867343
4653237
1328841
1390045
596827
2870724
4592547
4611913
3559913
2497173
2794534
3075087
4697120
4230168
2160233
1028266
46832
38839
878678
2100142
3310313
89933
438317
4196965
1330829
3424168
4046674
4541416
1940798
1996862
1301738
3856622
2899987
67524
293607
1500141
4042558
3517427
4612548
2668657
4744477
4982243
4422927
2704334
1500600
4570434
1363685
4658074
1936719
4984238
4072848
4675982
3064875
1625590
3950879
954128
1725587
722236
1572869
4683195
1660134
4341085
3694211
4698637
1261790
115604
2836056
2594812
1545872
703417
38124
1644109
4641380
4344407
2621306
4777380
3320180
338999
1819779
2794563
2281079
4568444
3649318
1492006
87837
3027939
733621
4495932
4570020
3708154
4143700
1951649
611771
4565352
3885926
1282496
4674527
1267977
10818
4570833
1163239
2243074
3744486
1599961
1745587
187227
3969847
2766810
3122810
3759808
3335274
26373
3374690
4497244
562380
3766352
3600401
4783792
479803
148872
22923
1222159
2511210
2688307
2752762
1512106
632389
2796935
3472915
4595136
1107287
3875443
146374
4419688
4270509
4854751
4000245
4712242
44868
116313
87689
822096
895006
67525
3650080
4129565
4601973
2370529
210550
1406770
5032324
3963529
3571457
1853840
2234733
3627854
2983685
1391130
21736
3688183
3334315
3099023
4524653
3277147
3625970
4577575
2930184
3956932
3519001
1115362
1513625
4983591
5012522
2794194
4219791
1733572
3842850
1647920
2992586
3708781
97157
121332
4641693
2689226
4196703
2670497
15624
4417170
2793235
2793179
3830917
1944412
3412869
2270058
4265676
3608520
3260595
1368940
3194958
482898
1920539
1267490
4561261
484466
4565948
173828
31268
4085274
1263403
9629
3475315
4094562
3698098
1673994
4155784
1720675
1358555
1184897
4651608
1437849
4119329
1287590
1528870
1379320
1849897
3931932
4337671
3274956
1934192
2518846
3961414
4635749
1066087
2668287
3503282
2138176
3839615
1863273
3968042
2797931
1109421
5022612
3329964
174249
4186480
1984656
3408305
38497
2985000
1694296
2455151
803417
24044
379618
4174793
4601949
1969236
4186210
3040104
4045445
2640743
2158529
4867848
3289028
3580379
4143580
4114669
4060217
4054372
2169464
5030976
37971
1608422
374115
1849944
724042
40153
3712333
532562
4108027
3688762
111111
443951
1445845
3801376
3025991
4003566
1837753
744630
2659372
3348585
320963
4683052
3150851
136303
3749135
4628992
4321791
170215
3905332
4157662
822404
3909573
974873
3684689
722161
3883431
4191836
1049386
1367475
400142
2129146
661235
3672716
4497807
582999
722735
2590942
753938
1726508
4570943
244119
2116784
4074102
4114673
2616085
870957
550385
4235502
25620
3060661
961452
1826999
2882497
812069
3459663
4545722
4035458
1826474
3733832
2917994
133739
2050084
2595631
4434147
2911670
4780434
1112766
4697105
1020302
661751
2028817
5050688
3768002
3918997
1411798
4593122
3655961
2109800
147191
4939978
3365606
4538357
4937568
4881638
851731
1594554
3743712
1606243
837665
4602816
3573901
3900056
1764340
4117090
4505747
1653294
698691
95297
76991
89340
2887638
159169
2226814
1448650
4127364
664569
4542233
301304
4393864
2761118
1651822
701468
1176544
82568
417386
3739151
4346054
1813848
18913
4170416
2533754
547814
2757241
2760765
615229
3475214
3257741
4125100
17266
3510048
495297
4371628
4705746
3639224
3322398
4226963
1863230
3773832
4748355
4229168
3474003
2741566
2536213
3571775
1640290
1786751
4120343
4594732
1827252
940284
1548439
4397731
4969752
3890195
4386282
61136
2749109
4375562
3931693
4678761
1084459
3198585
879363
159180
2024491
2912126
1374717
1770367
4565053
1861098
1447687
4605970
1523854
4184007
128323
122750
2477614
100613
2301160
2879095
4130935
4542199
4563139
2233238
4117083
851799
3956152
717768
291563
2856194
4519372
112447
3435142
177000
270415
4390205
2480925
3162219
66249
3695705
4953806
3399988
4457136
1243712
2886576
3561534
3039399
4329625
954959
2885206
3743761
24844
1274807
4227067
4531748
54351
1477807
3988422
1619215
3541564
3670891
867660
2929837
3699734
3799109
3563720
843745
1122882
2220614
1573670
4252751
4876921
2118441
1214824
3856238
2674431
4684239
1086189
4021623
4221297
4645352
2125004
2453448
3988374
3909677
3730052
193850
1039538
1680531
3528652
796493
4622111
4125529
4989721
19028
676065
904134
4159082
680057
1402505
4589828
2604900
4476076
847367
3530754
4524135
2651817
3456889
2959443
340533
1474945
804055
4632307
3481623
2129143
4760642
3992324
3098080
4850149
4123013
2281075
943991
1075843
44541
1655999
2209666
82719
127510
4107728
299926
1093244
4052851
3938364
132730
4994646
20442
4675787
4900398
81482
982049
4126545
4508942
2399871
2794355
3117301
763200
2334813
1360050
2564950
4568546
3509220
687402
949120
4036535
4240259
89720
2104708
101213
4046572
1522358
4523718
157263
4502979
1475897
118236
295069
142918
1372697
4249807
2514753
263385
2277256
4548247
3832032
418261
1784056
4406854
22772
2932715
3287
1534724
3423555
4135921
2090618
148098
4416317
2789489
3564938
1457381
2793740
4012164
867535
2455777
4685473
2639288
4536212
4098086
1290497
4593125
4360607
1988830
2054968
4458972
3576314
3919147
101289
1530254
2384435
2365849
4688162
2512367
1622846
1758572
2433508
2778050
4122325
1763073
4360937
3682915
2154209
1383130
42503
4059161
3936891
3958104
3643321
3429783
3743779
2635987
1946509
1556734
2877364
4653663
5002969
665971
4135903
3897038
4041702
3967919
3954706
750809
2947872
4192225
125703
2828376
3883502
2583793
4005661
2821436
488982
4246211
4019381
4522436
185611
2769650
2828496
260830
4174588
4675882
845724
50319
1582620
2801535
4569029
4584956
2849353
3167712
4428065
1969193
3180979
4091616
542995
55672
4675805
3878900
320962
754441
119953
3874443
1124030
3439643
430587
3400119
3951388
4638840
3492466
153125
3920719
1250722
3442402
1196692
1102089
3453892
4650911
3174098
280445
4114761
42749
4090663
75895
4434727
1104200
3975718
1629266
4188632
3698670
649243
3055085
4600556
4610571
4702217
708550
802927
516333
4654689
3574162
926263
4419874
3701794
1023795
1629507
3068613
4089739
3253538
3498169
275817
3429729
2831929
24266
4662397
1389996
2376194
2743425
2906114
4481278
135847
3802986
2196546
2647908
4463222
1123156
485244
3305908
2760835
4048712
474096
24615
2855989
2679663
279758
20074
4710925
3017106
4019866
2782844
733933
1157992
2056301
312948
4431372
342120
1004016
4574844
3433479
5044092
1951848
3399686
2578177
4569975
4240063
35995
2008610
4834444
4188984
4077185
738145
2172908
926118
3007040
4199113
4608616
1661419
1761692
2780015
2872094
4023579
1367151
1878643
3194355
330987
33142
2895947
3015373
3672449
3539026
3863401
153795
2733141
2689185
4966891
3929835
3650153
4191788
2453682
3742585
2287400
3229779
4024621
2142961
899462
4600350
3792817
3376414
2771000
66359
2795858
256205
1383553
3906696
1513543
2090270
3930033
1703135
3457022
1074825
3625108
1028286
1516895
2512819
2643621
2763152
3672056
4936139
150058
560000
1433677
3999259
3356761
1895399
4906147
4375684
4758800
4967278
2809895
4007906
4579419
4461488
1427283
2388818
105573
1201439
4497588
817284
4172436
4383433
4499975
1307319
2719428
4443839
1596104
764290
4046950
2586718
2590757
3285684
924931
2009966
3985408
675847
4215426
4456803
38055
3008153
4177521
4231599
4165453
1799136
602713
1299360
4558607
2925979
4865951
1830198
795719
3621955
542743
142159
160314
1682469
180762
3030159
2619377
2525680
4464622
404825
1591970
2483961
3917457
536299
1154812
4564760
1940192
4182386
233831
360479
485466
1864178
1776030
926179
452043
4397045
4175103
3707131
4328353
4893212
3900616
2823089
4164498
1943553
681303
4032812
2162081
1071490
3890266
539810
1341681
3805884
4239144
932904
3247696
2886246
1699933
1395436
2626680
187723
1679786
4627621
981666
4782628
3510236
549709
3442311
3017193
4512274
1385921
314169
542793
156766
487413
2955231
155289
2074490
3466220
2496935
1942554
2332788
3057657
4652208
3835878
3002811
4336660
4421799
2715693
2107631
4121113
235310
3308082
318249
4668610
3956822
5634
4139056
4165657
1382795
3337485
4406608
442294
1250973
1570203
4501781
4425000
4544048
2738730
2744076
1826715
296698
4378373
3716120
94974
936049
2880685
1245364
1624513
2532916
2659380
4060567
4140799
1674898
4917931
3728286
17541
783400
4694143
700015
577257
3990881
1656876
359937
4592684
1146664
2153848
3532517
3332445
3461649
1657611
4047863
249845
675796
905199
1558297
547880
4437237
782311
1752314
4602742
3728566
63582
2033841
396798
3452749
4601650
3692363
150192
2146096
222095
3875931
3032170
1848867
4572180
4966232
3152716
1520384
4466906
3381596
3756035
1645095
3990736
1927026
3736424
2789414
5048727
3683610
3507927
3797306
4218270
2495114
1359016
2479301
3659277
1925801
4665128
1186317
2346066
4074074
236487
4197934
4531290
2112901
1599268
3337361
123229
4846580
2151201
1032282
453024
2873277
421078
2013542
1294195
103440
3650324
5018675
2551699
3380584
20349
121001
589749
4571665
1081809
1685778
2705767
4643259
1296763
3491405
1969636
1511864
381986
747193
2895241
3327980
4922831
4677845
3578498
742397
4048532
2836047
2507281
139617
3205033
3873723
3105967
119743
1618048
1581999
4437862
2742957
3471923
3160409
4552958
4794239
1126355
62379
3419213
4280623
4196571
4379929
2765918
2660529
3427815
1941630
2364396
1403842
3666619
3552449
675136
4596763
4209534
531809
1114595
20307
5004764
520144
1363677
816498
1399604
4200327
2606227
52915
3401500
5053487
534419
2722863
4649880
4634793
1438427
2175306
2848364
855628
3649351
2447245
410820
4587237
1525818
2616420
67764
479802
1758534
129646
2788176
337240
1366722
154050
1189930
32031
1678099
4119472
1181644
2507051
4537919
2807583
2014471
1029683
3988468
315553
363640
3842500
1289717
550088
3349419
154312
2321170
1010849
4240711
3500254
3627264
142114
3868069
4083992
4148357
1709137
185290
19580
2569790
1601797
4186222
1892096
171213
3470449
48252
182398
787419
980812
4074085
3944578
2514999
2063043
635403
1781771
4651731
557034
1176296
4019727
19336
1911344
1863292
4190947
3865716
46554
1828034
4479058
3708155
3526459
208193
1609452
814465
234124
234605
3913494
3056773
2939820
324749
693912
3719560
4527491
872456
3402137
2055169
3863462
1991725
774713
510440
4331828
3733028
786891
552971
1759943
125681
1534521
2514778
476927
4086577
3091923
3129669
1454466
1213580
2133181
3926185
301514
2789547
4659671
3011655
4518348
2328046
2025943
1046490
3096675
558484
4794722
133531
281669
274259
10461
465887
3995907
4972952
3471461
3461840
4527589
953700
3853517
117547
3376888
2676403
1842547
4817378
4134026
4591308
3947660
1132689
3950629
800250
1845652
4592978
3365212
267656
4180710
4390891
614217
95858
4155498
2743103
134647
185968
2660297
3968905
792480
975580
4646172
2718273
96274
4701436
210184
4103974
2521790
3390288
3333151
1900907
5016527
4535009
111039
2089987
490155
1416382
1521410
87965
1666433
2805865
2090848
1685780
4131533
1619998
3626660
494199
3359457
2916688
4680597
859167
4432076
977709
3761563
169608
1560480
1194452
3774955
486512
4593022
2327795
310670
2299165
791574
666093
1279816
3673166
1083076
4977548
3189401
3871598
107927
945107
4545549
3442162
3550753
116130
3967209
3530729
2732591
1880675
22460
3817213
1521210
4853567
4522999
4533245
25910
4079866
1077059
1256370
2318268
531557
2040920
139738
2506460
1348015
1115933
19230
4997200
674456
264100
171121
4108933
4936780
4562875
538712
4344373
3144568
4597473
4107531
1145581
3569666
18285
2863979
3978265
3148072
4123926
1301671
511031
2857962
3988861
2389483
51426
46643
2865360
4173702
1486189
136231
4009147
2110033
4653758
3947390
141126
1696329
4792714
2942252
44000
1592914
2712573
4978723
820884
1275104
4129564
407362
4615285
18225
1574313
2863194
3960516
257937
1526390
163892
4646432
1951720
4988245
1877636
5024951
4550675
2721475
4100637
3033143
1588984
1128186
1156338
655472
2934348
3650089
2765290
52156
756330
1057276
4397797
4572473
215935
2681761
4005495
4610106
3231553
3961342
164026
1513309
156832
4029808
2434285
742037
3367232
1195163
4053184
1053956
2662929
1943556
151869
2162940
5062345
3072089
2433733
2075845
1056415
3981536
1583466
5026120
3684064
2449790
3624375
90887
3624692
271111
1761493
4198578
119918
4173826
1896586
3445290
1473300
3708157
2895929
4490827
3574044
4431384
1654074
2199783
3267059
1811909
3755912
1148432
94457
1970018
18575
5047647
4176334
2419491
144895
114268
471830
4043395
1315252
4455457
2952946
3706037
2779003
1576192
3402553
2596019
4968049
73388
2271499
2958518
3946340
4579004
4929204
3969714
1062574
687081
3401698
195121
1988752
375503
3597064
2937963
1473035
4057163
2950466
4097152
2711844
4048510
4623490
3474767
516292
355155
110638
4101564
80864
190586
4058577
324813
464438
2675379
3980531
105567
40082
591347
3880865
2787355
104134
3230248
4200329
277324
628745
5031774
1692475
736217
116326
3908277
3988894
483184
3924380
835981
1700020
3075945
1617643
339241
737128
1687643
4584400
2542809
3309870
189125
5016517
526283
3036600
678090
2625870
3918291
4264922
425387
2782870
4166230
4893213
150872
20446
4024171
4328375
791596
441470
2107222
69343
3015348
4581401
786346
352730
3130928
1827698
4026598
1619563
2205156
1657682
712985
901968
4626543
2060308
428321
3601512
3269727
3863251
674691
3973394
1117646
34207
3979751
2551873
135620
4268232
1068746
3730284
1592431
4250133
4076133
585897
2102291
1402718
3006575
3941232
510302
1843041
3980903
1272514
83844
75894
19547
2650304
3915681
3574268
1744862
1767258
713096
3976460
3170256
260349
18615
900056
3087417
4900429
4308813
4023142
250457
391163
4572737
3402359
464717
3987562
3842526
3510427
2114797
190046
3170783
1545865
1050440
622985
4107934
3263449
2769845
51625
3417696
3372914
729927
554545
2594347
3578251
367835
1643998
4355548
679694
2373739
295622
34124
2435869
2278318
2239963
89422
1665702
119312
1533391
3648329
2195341
3919881
4097958
3560289
3474708
774258
664387
1096435
1281732
3980953
755941
4526246
4096125
373322
4676293
25299
3038312
1372431
80831
2195925
1624735
162522
214801
3365864
3528018
242200
3422596
541538
555237
1182786
17049
552565
1736448
3074264
2986327
4382971
1041591
878745
697768
4808846
3981474
1245574
2099328
2060872
1822789
1516110
1147079
58445
1945267
4911786
2655535
523787
1675831
1070112
1795269
207660
4633039
140754
150287
1906398
3665103
3150489
4720153
38895
77499
246598
4696696
4380019
1019974
4087722
1503407
1468010
20099
2355397
4596566
4912640
3522991
4789017
1637018
714641
3610207
192633
890554
4675288
507649
368721
304973
2715254
3303304
307926
804920
305749
200735
289109
2479752
799322
621907
3892281
4671189
2704332
1561393
815299
159158
136900
4153518
209618
814392
4027220
56294
4140389
164011
167013
4073668
2125796
1536938
9902
4057982
91751
2338612
1432094
152909
43228
2103225
648532
4130261
3266999
2842977
86654
78434
3964952
2326009
1909247
182791
2260615
281524
223612
1488094
3963383
2182320
3842916
2524005
225241
4218580
385540
2800008
538364
372629
2792232
84914
4009
153976
2146577
25252
263230
1558860
465106
258835
2462349
9803
2116480
1628057
4556006
1020858
4216298
4142230
219265
1441812
495368
53748
1016458
3534962
3055213
753733
1236450
3697686
1211803
93658
1303668
160173
168840
631745
4635871
26184
1933251
1208038
4456614
1035543
18065
1954151
712859
472822
624171
4675808
2323128
1215540
1697647
3624228
3623522
3460758
3721511
1788317
4704041
2325393
1594969
1071233
346874
2082614
1061240
4636010
251245
355673
342966
4025546
394023
703420
54352
4337670
313207
1657722
125799
1077947
2344071
1474796
2586770
391744
4851935
90030
713703
228911
105303
4597011
1106092
62383
277543
2245770
123014
3551362
1409615
956044
4642482
956188
1566958
1734751
3935005
385050
20716
93810
1932953
2977098
1923581
348551
4884400
3063099
4485738
4689404
181721
4227307
1135330
69636
3372370
403097
1483394
525451
231444
1582617
1575102
241970
72956
4362278
120349
172474
3981787
256184
3535186
147372
4928144
897517
4867177
475670
73591
2856294
4580905
4375743
4982165
505085
3081342
4523345
58954
444545
823872
1517646
151126
901672
454976
3453186
134961
159170
43115
56601
4957983
224480
3163220
2910084
958297
2123716
619289
140112
1385401
3461529
4396955
115512
71518
1518387
800706
4805328
3407631
1025658
1054270
64142
3945445
2040878
3326246
891756
649366
2007495
848235
2238431
1754266
1776103
4141040
4264085
2561493
4769669
1239555
3575441
2423131
1815245
294576
696786
641217
1136007
2421270
292883
510731
3444645
1315384
2963010
1487507
2919444
100173
161788
437036
3950518
65166
3034404
245318
1863223
254976
263271
1208428
19749
2335452
3574346
2443650
2362243
2634298
19470
996206
3989024
297583
4005446
138051
408779
4295146
2849298
67662
437690
3901062
350648
90221
1496145
497863
4141114
139828
3390406
4583950
3730081
1282844
1051233
18765
1109621
2675979
4586643
3871018
2323326
2834013
4072460
4870644
137144
44424
2341600
18923
4007931
2979336
138698
151834
892476
4675977
119887
442512
22621
306039
4122259
1486204
141588
2062382
1291324
1845294
3100036
3906115
1509550
25304
135132
866360
3382075
229656
1092497
273538
3988302
1056330
1306940
1589976
1289704
155349
3257736
4648403
4651034
339642
4089444
4365188
19154
3774407
198462
243905
117535
1081374
3721540
479210
1414509
1937835
917092
1017590
24254
3992057
1730226
2175313
2467915
736317
3388648
1734543
4945801
4386782
4441782
4532296
4477746
671413
142063
70013
1634757
4389744
2789101
122582
4936038
4138023
11515
139651
716870
4147363
4599432
2817548
2410599
2562794
171127
4441502
2940486
4117572
1500584
1438612
252781
125736
12319
1253219
4520581
551275
768552
71220
3880620
2069505
17543
3444610
1756130
3882166
4119686
351190
1035933
288341
557815
2516135
677964
568340
4506243
3755080
121287
3117490
1522327
435988
397536
4003320
847316
88634
835174
566470
135180
1639740
74111
3984535
2258955
442245
3708695
4383434
76736
2514264
4112275
1827144
61544
4559936
4232951
4029821
722602
179201
4607078
4778000
2766201
4660307
589037
1390581
501462
942817
1576398
4879886
2663452
882094
201174
129340
3803084
17906
174334
1789398
228605
3832029
4046437
2351643
18160
301033
2736895
817855
4433587
1345167
82864
2279136
3075086
3965675
315826
1930320
3230562
55368
412170
325956
4185285
2100418
1393783
1370560
4060898
53317
2780934
1475887
53746
4930848
2603998
782872
100050
904054
120999
663449
3250912
3346417
2980860
537318
3504684
1066058
2625233
111047
4160161
756558
4420284
1450376
2868384
373786
1265962
4981163
464644
142506
163464
3419687
4970101
368309
253723
3581298
3533265
196711
4642176
4684920
3626663
608921
4631475
1725391
84648
3901780
3473549
2602913
4960840
3411192
185245
279179
4081857
4609705
1583465
376624
2484533
86031
921985
1629508
990654
549537
4638543
148187
168042
97155
88059
3963362
1153285
449559
176949
2466940
4499
4593221
453359
3176124
4343548
94227
4041895
1911525
4150540
1161832
1109405
227745
4456802
4856696
87113
727294
4868015
1328746
3685576
365589
239246
1255200
1955016
1571599
4253323
4037914
1548546
97682
1861212
83091
3964329
3491592
3317086
3305386
1846011
1570809
571139
1477386
4641403
4958941
4172054
40199
149786
1119785
53321
4565431
987426
118068
659046
4555694
1222595
1018662
4222006
288178
2908495
161132
16621
3645420
4552835
866940
100024
4920781
3621926
1732177
893631
3817362
903865
313
208997
728364
2051128
1977379
109019
4685805
135277
219393
18864
252841
1946605
17450
3859160
2085888
983093
216394
821890
4495931
3516906
3247729
1773385
4135047
11291
514786
3515202
251759
274152
3362964
2038902
145289
989854
4225509
47875
4386516
196775
4969751
1661029
4577967
4054322
141774
4679448
2795861
127316
3400824
844058
1161446
26688
96755
37845
4600796
73387
358316
1317696
1077992
2539426
4723941
816407
1602890
5030560
4240753
3986675
2318104
807725
153986
117979
42297
1460832
4571485
18885
3407101
155939
92187
1486195
3985833
4528447
4686293
3509306
4173624
3356760
144615
615231
2989218
139127
4593120
97301
3969026
3634818
3322855
66441
4141958
979325
767837
3669711
37412
101924
231677
28698
822683
2058032
733693
2294350
1639262
2771116
150694
1397403
2205852
979202
1076579
3977218
2907225
31691
1369923
1274808
950233
2561288
706395
3707412
1805885
382286
251243
1106462
2794530
846907
334115
4601947
4737419
1540850
38196
106406
1262321
744649
341050
4507763
2769865
880541
3082746
2880471
132115
4064628
109403
3855506
12788
1696100
4082572
1415157
4606458
1475935
1554431
4440326
122611
4360606
170199
57342
3541523
97681
1137434
4591355
1445843
4674909
71623
4618821
2202595
148347
1481849
916570
2332904
3758329
759676
1061857
4498310
3825327
29955
3737440
195244
459196
152209
784242
4158994
1513622
127232
135885
1272701
2939817
9628
109381
2126721
123707
3911397
891800
4125143
20721
709269
17265
4255470
1918874
3895669
1240223
962134
250547
65591
1513249
3626117
315550
584645
2143993
983897
65676
4674903
221622
52912
2412690
611243
4478782
130367
39752
247749
4493775
1043356
218890
390984
2926224
3921055
797257
37054
803427
4045486
1432510
3223081
2028814
1643997
3639933
829723
4135270
116345
29325
4045603
179397
585893
2842028
223040
643621
1549112
677478
27574
20792
1842545
1641332
18224
4655175
1694090
4283379
164097
219958
4647638
4598434
1581998
211789
4064322
4983318
3906250
1546808
246112
242004
1370257
3184444
4560826
27978
1400764
753171
4574409
689845
4681280
329617
119675
4537603
680919
97789
4602819
4708637
1783727
2483960
4224376
2792748
333871
1448835
31340
3393033
3129733
102450
3719587
141109
118234
7271
4650906
3876312
3179830
1115064
1430316
67335
2514618
2467999
23445
165937
791318
4542270
3959797
18666
1828816
5048725
4904506
160276
3969330
194789
3729711
3886932
2637228
73053
3122610
830081
2188629
469471
3335243
1183495
1744285
1088203
537778
140068
3359176
4600435
295984
4365350
3932919
1456616
120361
63616
1187217
1613969
1822108
4569415
4664127
2870765
4243314
167005
3962074
310803
3345252
2801224
384051
2769856
1116557
3930603
1895944
80987
99010
2453747
345603
124524
3571669
1178017
2003881
4029213
1513222
3652829
16264
983486
1500171
871310
847369
904686
4572625
1114044
522398
71466
162993
3706038
2376191
21912
4093769
2914404
1267976
4633142
107877
123652
1545248
1630424
2315559
399449
3424166
943085
43545
1042613
239629
61262
430615
3256171
5033753
3698667
3572519
2663987
2503288
1059410
51327
4705748
505456
61749
1070622
1581912
967033
154429
320075
2431652
31168
2640285
4170862
812377
3067546
4650099
187406
827381
116310
754323
1298489
141178
428898
3218707
40282
92383
3513200
2671071
4425373
1379360
58240
40017
887086
79902
65317
722159
1814875
1827878
3859851
1383926
3689011
1119473
2449785
61475
649242
83663
555889
4605533
1311344
749285
742576
3131446
1951847
92038
2983682
4496810
26371
3008711
4006324
88515
1468179
3055082
20306
534450
942001
2168114
4973597
236683
2413347
3382763
407822
1331028
154391
2195349
995803
1114433
2793695
929036
1001979
2617330
862325
114434
299925
103674
263268
808724
1863293
2787350
1033572
3401645
4630671
1525815
950976
76577
1492015
3526457
4001792
138570
554957
4783789
2917993
2183041
117425
865211
1103840
141589
126425
145917
1737320
33740
2503314
698253
119889
2258371
495864
326759
1693209
3519000
4046384
175398
2182767
1330801
776224
2559808
2075848
940282
2795660
3695406
1484344
663567
303324
90788
2910925
135178
4580851
899389
2123714
85502
3452244
171605
322722
845623
734706
869597
3743707
979769
159179
133547
4036598
1246923
73981
4086625
547827
1307428
76146
1305514
4019435
438105
800263
685089
1399603
592673
511901
4086575
763440
100612
4421737
777553
257
1849716
2883618
2266794
132603
81480
118095
125954
3373327
847196
723197
4254592
4598304
43055
1103943
974036
137997
4019353
4082647
2355396
3743775
54914
209550
2447244
130397
290674
4386840
1020300
85965
2957538
1666443
3684891
2442128
174251
90179
1272493
4060423
251111
3717069
133319
713689
2916770
38409
4432066
1030841
1111092
3574156
315747
1325066
980927
1116068
4834443
718834
1513540
170711
2548068
1421864
1878490
412171
956090
95432
1094653
768338
4048541
2776970
2396095
647173
110158
31976
3098120
17713
1272513
298911
3062961
438314
787790
235307
315997
4091820
1123158
22023
1970402
764296
9901
141369
488004
18574
81421
611769
26727
3669948
187231
5032319
1473220
1429195
85979
55699
163457
293983
4641393
130716
4623180
4393859
87706
661901
247192
1373316
1578624
820924
5059096
121281
1451983
943470
672187
422078
4088463
670329
125700
1555810
562844
3708587
661909
2846253
801114
222435
4111434
1513314
474095
1843038
483183
3579401
1066094
357065
782871
524612
1477254
878705
121337
4611966
678346
21675
157330
368307
4019725
96952
54601
3172075
4808848
1349918
4834548
38896
1251083
24687
3805092
111049
1071585
764319
4155781
609693
4977545
4928142
898823
2245608
233824
3377197
956504
4056326
4764784
367011
128320
1452120
2593882
443180
267669
1317553
4582641
20380
97468
4652840
3743757
678146
2796932
2090843
506336
1267493
641255
4249802
140775
2702470
3358450
4143575
253721
61578
46260
88164
1244567
1170491
4419870
148132
308187
295067
562300
26980
2298098
968064
533599
55536
110877
748167
1193003
1129276
4692875
1194907
1373938
1464323
2655534
4442924
60230
1194748
2495111
4003563
2853953
244114
1081808
4434144
3568616
3712406
275265
3574267
1688908
2054964
1286415
3510230
4419189
727383
3419209
5064207
243253
1093726
1294191
1911345
380204
3871806
2361631
291299
66682
905231
473208
1118895
52649
41618
975177
87568
80861
758304
399084
5062505
462636
2948659
685361
476825
242163
2107629
97010
242231
2125625
4122908
879243
1573595
138442
1736328
905578
4191784
4249341
985833
92228
4939977
4535835
339059
3969848
104893
3470448
555650
1324813
583767
4206990
1536550
4183319
443674
293401
1035927
1018898
1377406
3708697
1655584
782308
690529
1413190
3099021
2736685
89840
1517695
3881560
2809894
120929
4579418
1028441
1656873
539809
162189
2705808
4367234
1443509
1160937
1055076
1072455
715749
173926
36013
4209530
1069082
3452463
444371
788270
775089
772548
133185
52274
147450
1210471
18578
4340286
111104
4769698
843403
157262
2915248
2554222
4076962
989697
400187
1735075
354198
1506844
462168
4235264
495497
3892107
3645571
1625689
1020287
154314
1460992
4042559
1205778
314140
61365
240009
213578
101794
4781448
4206169
2330563
4988650
137152
519274
3337767
2869396
4553757
1522623
974193
156513
4888927
943987
823827
109873
36447
1744629
827933
1799134
4084047
152573
1555545
1773539
856918
1018239
2060307
385068
90691
3330058
3789242
2961859
904133
1441811
136137
703416
447724
433977
129184
1474948
754240
115613
934120
2856192
1157989
1181898
949010
77293
371828
305877
2409376
510300
57378
354065
70179
2110031
378344
1157076
1107298
58443
1036976
172472
152371
170361
101640
577177
115804
1242423
304971
2853906
3106364
258834
977706
1086186
2640741
23935
1296826
4240708
1200235
792478
141110
1390044
1201470
158063
1781539
133067
452041
150055
2405790
434709
974872
556634
96273
245073
680055
953698
1438407
1345675
455807
4107398
329480
799481
870956
4055671
1416380
927435
1536939
289113
1135395
178313
1331070
4456613
621903
514513
151004
223610
4231645
159620
4978777
85995
160556
121330
1480576
634019
3628549
185331
1682468
24576
140806
1341680
196739
34121
1295999
1475377
308072
1933248
1280961
35006
3791680
412363
514744
956187
388250
125338
1056733
127233
1442762
1595091
490152
4642340
19229
3877104
1092593
89694
192631
1580332
27462
190043
127314
909309
34905
542993
2421268
118469
1034481
660993
3410102
20445
1092391
114589
2712570
3528017
2445920
403864
2536214
116285
839953
140257
745133
874047
2176708
4518114
1406768
471701
157770
1959808
822095
674853
1128183
4119263
138110
3621953
235711
544372
753444
1699676
4794296
171124
949203
1274967
1767257
252646
734996
181642
896390
4533458
869482
920231
174333
344617
428319
385545
3876194
1592916
688324
4076030
336571
1270443
249060
967560
4043391
142113
2416994
674770
635487
536977
86652
180760
4597314
516293
2251544
404667
1457154
4083435
486510
878874
264228
869498
1020489
263383
106125
655468
44493
526280
1101159
368695
160799
160208
698692
710955
1256135
549707
1346448
510541
368206
668963
3787950
308447
3366928
1132687
2650306
705361
3983455
905547
600909
538750
99255
53456
1414508
3775261
150960
1521408
1049387
552968
399335
487166
149784
1018714
1240221
4627008
1296760
24842
151124
3332984
1255529
2279135
106463
4072456
1522116
1854033
1863268
1640288
848233
1940190
1372428
3453181
135593
679460
3588211
330989
192179
955000
1397391
3767506
12787
1296085
77603
1288293
1348012
45896
4352887
960783
210234
209776
2509169
679644
254969
9908
329045
177139
289107
441525
1827249
159156
1260643
3840384
142726
3152715
211311
43157
1050439
2039236
140579
1373622
264143
1210723
4440325
566002
44021
1383148
280867
752793
4455374
121468
581819
325200
273522
263229
142061
147406
756413
4098083
42748
4653235
979324
315046
866134
1315101
737126
2858360
817307
1863227
122609
437619
980077
1575077
94736
3835879
1098039
656519
680944
3610204
3597065
1760571
1515561
367834
1559480
187226
116155
1172552
92384
69342
295890
921694
791593
237695
4053179
1161894
2188284
67318
786333
1281728
547760
75920
1109556
471159
3832027
162523
166357
184100
129645
82565
223973
70105
712769
215766
4671190
1763070
1196651
171120
1345271
25162
1639735
221165
141749
207662
1513308
19592
221888
215800
296699
2781386
1031483
732545
938990
678088
26945
90317
4948224
2549856
1412352
159168
38930
420386
116572
155555
190994
185966
619959
1055979
1883264
1033476
892475
1373717
261159
325711
1215537
1074709
227744
4058574
108554
854125
1288449
3817574
1734749
272484
753539
274151
135388
55249
792126
2265009
141678
1057277
155963
184664
4005303
20441
513344
58331
9627
139507
1402716
2449783
624153
1624585
1189929
3389293
1071273
105263
1303665
168753
135133
139364
231304
80901
313205
250467
1513246
78335
1367474
1119784
4542446
587711
196695
467531
102928
391717
689692
1257239
72498
1709365
1395956
1516108
814436
1365317
4645261
352140
301035
4642526
144671
88631
1583462
1661046
10460
901671
128730
224705
1512079
4197325
4685806
2202593
47538
523218
712858
61364
55485
824538
2009965
133777
2067190
54137
111945
209777
1018342
746332
4113398
823868
901845
4398778
2631543
3920718
449560
4201984
130811
348549
871794
1149463
1540437
122602
807413
3411190
45802
10844
141379
1070831
135284
21674
56219
767836
1275103
1019069
1518940
722237
622631
374472
350647
200519
505081
75219
276578
335300
493345
736315
4112187
168043
142764
3748214
281584
47641
325542
20673
514849
946294
2362263
1115629
241505
4904328
3367240
3591219
3776527
520735
4356407
3626662
123704
677962
516754
3130371
663818
43447
97013
1018878
932936
3633549
800601
1604129
4701497
55697
53315
475542
163891
107874
358259
514819
1160829
105241
951538
1054661
1564643
917091
443544
741358
154315
4011946
19316
1534522
142949
755356
147371
1291505
1932818
408778
4697981
116129
214129
3623518
200737
85675
4107851
738556
352144
994523
194344
4254591
942815
382293
1512334
1558586
119917
4086574
687523
1492007
552134
3720104
1827876
951401
1528225
56183
1087146
760464
1362413
3560847
376842
2306595
72711
4904036
50340
4496811
1119211
406407
681610
882091
57661
801333
787789
932935
1854032
764297
1526022
339056
1055980
68739
83662
3883111
53396
345599
3426891
3008639
695683
1289605
424627
16610
3135149
693911
196772
1537214
3329253
116346
803137
3438148
722514
3272855
891757
1606115
741477
663725
3707262
7879
3859558
1095854
4429916
2870806
3582418
814198
2338623
2487880
2813660
3500105
1606114
3768437
4129169
4682959
2568256
4248725
2779001
4166623
4394873
1596946
Total scores: 12161
Average score: 134922.85
SSH: 10369, SH: 525, SS: 79, S: 387, A: 737, B: 46, C: 13, D: 5
