1083470
1838426
1580084
1626537
2069841
2530755
2626473
2354378
2475474
1822501
1438917
1129193
1861487
3093269
1969946
1899511
2615210
3071981
1895602
1246395
1118297
2933746
2301351
2404778
1845585
1895606
2469345
3623693
1860991
1181218
2512396
2068681
774965
1701404
1852572
1657639
2319170
2474574
1494828
3057801
2678620
1828400
958098
1746902
2625911
2640535
2553777
1893432
3006996
1179870
1563000
1651290
2240526
1892340
2129143
1843595
1725624
1872396
2660294
1619555
1120682
1790044
1517511
2276210
2113578
1936713
2468866
1922808
1782046
858241
1649842
2574090
1524183
2122460
1911308
2278930
1255495
2172086
1183255
2097898
1656727
2489378
2304303
2246465
422328
1842675
2267564
2164601
1827558
1714882
2250747
2485565
1902624
2781522
2485595
2937933
1021579
1400414
2474570
2084862
1816113
801158
2336310
2341609
1990449
1783947
1814494
755124
2597616
2514739
2331169
1556336
2323911
1640362
1577009
2609731
2914288
1501472
884327
2961551
2150380
1530057
2995944
1869933
1649064
1786515
2282512
2610039
1844622
1805627
1695382
1157868
2485438
3093271
2752284
1769222
2822288
1702172
2367340
1307291
1836593
1770621
816600
1580814
888015
1675085
914220
1638679
1118296
2508145
839947
1176410
1343792
1610746
1485947
1828339
1655981
1271985
1642274
953586
1065821
1371599
2807610
1462224
924337
932141
2111436
452508
1692395
845378
1489207
1955185
795627
2294643
2071117
1454948
1007403
1605598
1872812
2044366
1484304
1175599
3198777
2126990
898597
2803459
1840044
1245345
1110827
1951733
2266572
1484776
1989203
2064453
2660646
1667534
2512991
1075011
1809573
661705
2596018
2726492
1706017
1871842
1971660
1843653
1113057
1080094
2628162
1571309
2495792
1770624
2097426
2026764
888010
2078961
1569904
2095311
820481
2223047
1030374
907057
1092364
2245774
308917
889632
1749294
2511561
525278
2559938
1541907
1075001
1843593
2269544
2185224
1199955
1758255
828242
2628166
1409923
1158434
3502002
2546913
988619
853779
2410947
1685633
2534559
1649989
2039589
2596015
2199220
1015966
1519160
2854097
2231831
1616415
1808605
1925409
2195342
2014389
2628161
2014387
1725588
2200809
966160
741870
1302139
948039
1728493
2380030
1027065
1992475
2179629
985875
790048
1046339
1385398
1026729
1162425
2410945
2410948
2049347
690982
1955170
831241
864446
722844
2477261
1809151
2063893
1055147
745360
977875
1810150
901854
1024483
2495788
1325741
1416124
972691
994370
2120669
875739
1459357
1512820
1543159
1945807
2544136
1419403
2541735
1791443
760488
1600415
1942387
2102274
909032
2486606
1276141
1764213
2562794
1268353
2628159
217977
1349998
1756897
2025205
1126915
1295846
846872
1141858
974352
1690353
1599393
2238956
1395942
1252078
2504927
1047758
1232440
2045979
2396057
2134538
1759814
1715917
915210
1706210
1097476
1402392
2157917
1028733
1413257
2026320
827984
933666
1187302
2217489
1621068
3011628
1294757
2506525
1786111
1633693
869222
880321
2546306
2458202
957154
1610745
1500991
1169773
2548087
1985735
1783812
1185036
1802970
777074
1828341
1947084
2867817
1836772
1816243
2019213
1899100
1909555
1443674
1754659
1561529
1313431
2496720
1706834
2914646
1577478
1895605
2128030
1032126
1949715
899732
1997307
959426
3006997
2202862
926644
861971
1838625
502418
2232788
1531547
1537566
2069933
2635027
2150812
2067098
766891
1458199
693288
2061194
1017976
1630100
1579854
1033135
2639520
1692944
1278652
1317992
2063785
735021
1827864
2531260
895997
1817422
2547196
1626300
1909554
1820110
978382
1886512
1527747
1630904
792420
1995061
1716732
1114132
1282960
1305024
1572198
1419243
1782795
1257723
2437233
1770623
2229689
1474012
757003
2004799
1027542
1482959
1209160
1650477
1788628
853412
2338610
1343703
1319335
1537817
2522101
1165064
1699366
1935845
891762
1294882
1921226
2609733
923279
839627
1734403
948370
1401281
2514910
1546425
2238881
948389
743896
941197
683970
2282063
1541853
836556
1461877
1432320
2439848
725026
848161
820483
1956730
1571976
1363026
2073335
279032
1142669
1995114
712972
1108593
2546607
2096054
1643270
2457519
2468865
774293
1840045
690461
2285281
1701564
896843
2017880
1984539
1944926
1807737
1897577
1431582
2171672
2933892
1181761
722968
1895607
2835408
3243427
1846898
2557979
2022477
2149821
944864
1774140
1611251
1869935
1562317
2628691
1827323
2406465
2217552
2285150
104229
500183
3093276
2050696
1216800
1577751
942085
1588369
1827616
2208453
756065
2624022
3591213
1650077
1925194
522317
1862796
679771
904687
1714350
1663167
890911
2240223
1741498
1770368
1053233
539909
2008748
2540399
1475722
3054701
1008998
827803
1515526
2082725
2306594
1860433
784791
1762724
987099
381928
2585811
1614714
1184220
1697722
1414928
1783813
2014556
1836274
2463764
1448059
970331
1263997
1427476
2020385
967546
1694501
393845
684163
1402367
1848803
1694935
2655079
929999
917129
2165641
855762
2234883
2484994
994495
2443190
1363850
1416966
917061
875945
1159687
820737
1945555
2205657
2132775
2125715
378126
3309764
2361328
2254763
2067473
1621319
1675832
1983676
792989
2113851
1158325
1807642
1669955
2396159
702412
1274573
1681810
793845
1481747
989244
677938
1493345
601405
1599266
949234
2034057
2360153
860793
1859185
1649528
2262523
1738018
735701
1596752
126645
1733312
1555610
1123759
2048026
1529189
2157050
3020314
1472912
1643781
1717456
2142744
1495498
2307722
816734
805855
2319171
2018048
759056
1607736
2007931
1301562
2569254
1611276
910147
1890216
1557181
1770215
1229702
3093275
1860434
2136676
785999
2495793
2444148
1400912
2478408
1454087
1220333
737100
754084
1499066
1087334
1869619
2353869
927487
3520087
1215688
887621
1737326
1160996
2237466
2158670
2632763
199593
775131
1366190
1633050
1596845
804164
1963137
882929
2618935
880761
2115738
2304622
2502889
801303
1245365
2170568
2014039
1473830
766475
1264233
1849273
2001983
1011226
1114721
1019007
1480366
1294884
896580
1233607
1785090
1828343
1829131
1690359
3076004
1033002
519401
279140
1911572
2063622
1644535
1082614
753100
741853
2514909
1029562
1614477
252238
1575381
1314420
1128531
1509549
1053130
1520526
822651
2111432
764014
1640115
2577893
1527884
1663107
1121032
2109961
915675
2070070
1965348
653547
1648055
1562308
724551
1827324
2099714
1321542
1174565
2150733
1612454
564188
1291657
1532288
816327
1131911
1073789
1588685
3403124
479681
1584604
1001682
1366188
1172819
1462180
1262832
2170386
1010850
555797
1793625
2324863
676262
2068783
870152
1587275
1592165
3629575
552068
803418
82604
891867
1439840
1594727
586757
2196456
2099172
1809374
1262906
2096053
257793
569113
905215
3087082
1302554
1514275
1722406
1115737
2153557
1574003
725718
719902
642687
912625
965549
1632690
1441454
1018019
1761412
1016169
791264
1215127
1675842
1762728
1704984
1753084
728870
1918152
723891
1018776
2479386
1563135
1763938
1329592
1804393
1154908
1700588
1008444
391228
1053845
774514
821070
918723
1947687
740044
863249
1564607
3093274
665721
2882501
2527867
2223963
1242784
2988681
978326
1675834
776951
2037327
1278221
978026
1454085
628753
1863157
1655332
1605533
1051486
1033154
917872
612045
1079550
1200272
1895604
1069111
3572698
1956104
1623092
1605451
1189078
1009097
1406011
1643448
1927665
1657952
574050
2020483
1965652
2134713
2096051
1316477
1705647
2125391
2134458
1854467
1621084
837604
1498774
1024480
1895603
1184359
807302
1690355
1302567
1062394
2792767
1549739
970048
1396342
1961300
1186445
1131424
1460444
2061192
2967480
1946302
1647921
1721919
1370802
1679794
1054400
992389
1984256
2238072
1660602
1054501
1082145
779438
1072997
972364
1750943
2109995
733638
1306151
1385397
2898086
1294402
1493972
276865
614323
335041
1542345
2142341
882812
475805
733772
2817542
1037972
1460331
1436138
714190
1296370
1084804
1852937
903280
2102289
740040
978213
1705176
1696805
1893431
2618934
1095418
1023042
1783968
1799197
1612129
1600778
1746492
1253986
713442
1949675
703042
594965
1097543
1795805
1460972
2134895
473210
2131079
898576
1775394
660593
1760666
1322680
2150739
1541293
1019006
1368678
714175
471079
1854022
1952177
2199470
1243846
2328680
1941018
1219310
1624291
1046775
767774
1530797
1731136
1271007
1738992
2090255
2200806
648129
1843236
1484777
474115
1601353
2048191
889643
1032374
2061485
1220839
1451282
1641323
1754395
1603635
2309694
1566064
718679
2040764
1593031
1365772
1702903
687089
1986498
1074246
1149471
822553
2357806
1127341
514515
1364063
1968440
1043348
1397880
2929651
664089
1319869
1385532
1675838
2055688
698254
980638
909502
2471823
1520550
953106
1183256
1300513
2275874
1791339
2047639
1658695
1836773
1093078
1032263
2064221
735833
1977951
433440
2145788
1119026
628755
2045906
1818428
778552
1553356
2368880
844103
2153914
1150686
3256129
1740993
1144257
1498492
1385399
1376543
1294709
2968792
1701711
2931339
1962522
2929650
3674037
1270000
922748
1980287
519940
1289926
780200
2449729
2096780
2098245
1458529
782160
2522353
1854468
1679799
768454
119431
1981580
2639521
1559778
1092582
795988
1828342
1442761
2532278
771495
1675841
1256532
1062374
3322364
1066801
1684136
1603621
1082882
1258135
1815397
1594726
948371
1659421
1566967
2593619
1628131
487384
684691
842512
984660
2097994
3314129
1207845
645355
652234
1026834
737578
2136294
1908514
1279815
821071
2015158
2072987
1699348
1584210
681813
1385941
2992705
201522
1368107
675330
964269
759638
2394576
2577747
2067983
2098395
1534949
2101630
1709121
1872235
1937409
787430
961695
904030
1627148
1146756
1926301
838030
2201307
1013839
1676342
1513230
446612
1920989
1191209
2189162
822765
1481746
1569153
760466
768358
2562814
1862525
1087428
2234808
1513047
1094888
1403318
885357
1098488
1556636
1382693
2067602
674349
1301932
1795723
2040715
833389
881313
786021
1089879
676017
1404537
2133300
913258
1728697
1545707
1918151
2503284
1510355
3301849
2254470
676172
2277236
386140
1986783
1826438
1161457
786867
1535588
2750832
1295717
890974
1759171
1745945
1707638
1642169
1462811
1925933
946711
295915
1595191
1038400
1573997
568565
1282466
1994527
948198
1232328
1522867
2145491
1396072
2899551
1385964
1694395
857624
1029307
1517653
2285719
1794074
1385396
1846237
2072626
1822966
2021081
1086050
1454089
714001
2024425
2863524
2880178
894169
758298
1401984
131891
614215
1988816
1477241
798801
1988575
783761
848084
1816330
1992467
2012923
784977
1593690
1565588
2125399
514518
2180369
2442129
1088962
1656882
1938957
1627157
485109
887531
1303748
792409
1018938
1129261
1183336
1625191
1160967
517432
890467
2259800
1576653
1588687
1788131
1005018
1329273
3030240
658387
1345670
1090928
1506387
678106
1560479
1652163
1584258
2347706
843989
946535
2833915
3073983
2061813
1493901
2065306
1484989
996054
457257
1148052
1014580
1736085
1968283
1658312
1530642
2286489
1485831
1451342
2102290
1537938
1576449
2086311
2020407
1450282
738980
818655
831035
1370179
1576431
3001448
2722655
2057183
1465730
1542373
1607114
1628133
1828346
2768381
2152600
817200
1125109
1316207
1461832
838063
1463250
1451971
804683
1071424
867554
1807735
691572
2135495
1281115
1742483
1450027
1769301
1995244
1849433
1705675
1314987
1500058
2111505
1449999
1407734
772987
931490
1996837
1317124
2090137
788532
1575480
1021583
1657723
1294885
2533711
598885
1925405
1544629
1654647
1260122
2168802
2118540
1498892
1521107
2067104
2084466
434913
995932
2328492
679485
2274013
1170453
2183206
2050629
3977190
1501236
1201636
1212692
1522333
1036735
1941532
2550203
1234400
974072
2037383
1403907
1946044
1563134
1980907
1618411
2162549
1107431
2058087
1350672
946136
1356243
308593
1498079
1951034
1584733
2042329
991043
1258137
569636
308009
1947230
2834752
1099573
593441
1442952
825256
1287736
1379343
1279814
791029
2011144
514516
1028755
1007525
1530025
1401890
2198640
1623397
1634226
1325051
2138273
2072398
1307531
2062581
722934
936026
1994992
1828903
1231091
2505956
2024492
882272
2025231
1569956
1813054
1563057
1401133
2150735
1086057
2279617
1411003
689804
1242791
1370029
2072405
941137
1892257
1647660
1450423
1256875
1610215
716972
1519885
1481914
1574002
1710792
2119349
2018518
698251
1587090
2775397
336229
578163
1783010
1493486
2649162
980637
842815
2097119
1023451
786980
715074
1899203
1761258
1852786
1680864
3993681
1720983
2082487
223397
957971
1972480
2445954
1365161
1010596
1659942
1902818
1715176
1345671
892854
1950290
3135149
1684824
2657705
1967680
1235792
1410549
1308512
792408
1225154
840338
989299
1756695
1642644
821238
1427700
1346121
587547
712376
2065550
1212291
336228
2350478
2058908
1101611
734339
1828340
1468817
1575364
1768837
1857321
2063684
2657557
833605
1726857
2150737
1591935
631031
2646352
1100071
1846226
1405094
1083817
1468735
162311
1960973
2960557
1494341
2719326
651552
1682895
2103566
1675384
1977950
1527463
622407
882052
1941568
949956
965243
938174
2116173
2034862
1661491
1291655
2065554
1634526
889634
1009793
972401
635865
1947202
794779
1609741
1795059
2013012
1592403
1352602
2142929
1351501
966243
1166813
1618800
1636722
2063642
1053232
1756927
2083812
2166045
1784600
1512435
651492
1172784
913490
1218337
808448
1753408
516000
1403276
2007268
1297215
950234
1925935
2048504
627961
2058172
1690356
1222417
1678956
1732802
1967262
647443
2063891
1490978
655679
783867
1115844
2160276
1836484
1648505
1455320
1580330
1760861
2133943
1345676
1770619
1533603
2153281
2096058
1959866
1807570
964063
1562545
1854588
2048528
1328176
1569704
2066867
1021398
1485455
1134549
2090847
1962654
1351722
2143044
2510998
2022726
1857519
1415290
1682830
858746
1746455
1071565
2512990
1708902
1043326
1632332
1462834
2077126
1926750
1593252
2182093
1681519
3592622
1805075
771496
1426330
932162
2123262
1922035
1461252
1434351
996357
1562168
1561812
693195
1056128
1127204
1099081
1316268
1716714
1405572
1393008
1426038
1993339
2077354
900957
1116405
1642420
1536777
2042133
2128708
1459309
559448
991059
2125710
289704
805256
2616989
1076862
936797
766080
1436998
1571082
297812
1529697
2151207
1571245
1608872
129891
2528448
2634649
1925936
1264831
1221610
1396152
1607377
1950626
1393711
2035307
443267
1804913
678120
1382042
1656000
1838427
1965654
1752368
367763
1537313
354067
2419085
1623093
2330482
1636195
920984
1891907
779950
2236622
732360
1142960
1092646
788467
818272
2096057
791320
1464584
891756
1187922
1412281
1573999
1645699
792712
1040942
2335553
1258440
1679837
1838381
1725245
1294881
1439489
1922277
1565265
1694738
1563445
2033294
2839767
1210089
2079634
2176095
2040486
297811
2004399
553093
2150025
2133514
1387732
1818788
660524
821085
1976256
1247896
2842861
1417468
2026391
1489404
1181521
1171239
1937847
1604700
2191785
517308
1644001
1775314
1973467
1365079
1397599
2097324
1720295
2540962
1219573
1947213
1297787
1840444
1070639
917080
1946301
2107519
1612453
1355247
909503
2103963
1092357
637623
1185510
620103
714528
1169701
1478228
789765
1219705
1308410
1577415
564051
161902
1917058
2440264
1618872
1257362
2089608
2815870
3001532
2684033
1609215
893739
763646
1067358
1119398
1898580
1512179
1220665
2245778
468714
784971
2132927
1513093
545555
877312
2844963
1973310
1104572
1959346
2134945
2146420
1482745
1819122
1538383
2504503
1078421
1041651
893696
959272
1350227
2324435
2041153
1551810
2125746
1654883
2041050
2523668
1351114
1831435
2006107
1643106
1657931
1417615
1829998
1858570
347360
1920872
774527
1919449
467689
1317032
841899
603797
2256823
2065548
1875484
1780050
2073154
1262763
2059979
2866498
996356
1604318
2223322
698708
2070366
2105286
2136334
1940924
454385
951635
1257162
736215
698529
1530270
1864837
2195806
3912664
657519
1522331
1836302
445177
2504695
1601046
1211913
1780740
3618901
1674139
481813
991014
1242785
2144225
1168174
1820794
2124036
468994
1946518
571291
1403588
2238838
1505415
2652498
1205989
1756896
2147938
1331237
1962416
1182462
2554611
484890
1407671
1462155
1978896
972592
1714634
553131
899534
2333933
1595667
2150740
1926749
677126
796161
1284130
2550204
1805910
1826561
815690
1932489
1573998
1692232
814293
1295285
1509460
2789830
3119369
800930
1859153
1241370
1530346
2095148
1632945
1981142
2389623
742575
526757
1555461
1959619
2023120
2144017
2463985
2130614
830607
1228509
1464590
1242786
3526113
929532
738679
2130224
1455586
2201553
1211828
1177398
2149694
1954260
1365213
1053842
1093703
1908512
1992894
2055575
795096
1476582
1610189
769590
1071369
1349635
1787848
1303762
1470146
1875396
582427
827926
707187
1684116
979208
1229631
3348077
855456
1520964
1278874
473209
698249
1572147
1125885
2981274
2073587
1774031
742728
821336
1523640
862338
2111383
1901946
2117909
1974176
1627723
546944
878369
1275831
2414472
1397263
656337
1665716
1213579
1608726
1077686
1717648
1756217
2149020
476149
2028600
908183
1345677
1979370
1954900
647685
817929
874939
2385599
1119043
1464026
1899764
2132928
1460113
2051808
2063931
1411462
1831197
1773876
759318
1969064
2103101
2271070
1828557
85660
1773874
941569
792686
1179849
1321823
1466935
1555034
1090932
2209919
2074728
749138
1187674
2529372
1860435
2796126
2156070
2068754
1283985
1805438
2545437
1682424
131564
1694392
2290441
1519914
904566
670881
821785
1231134
1511760
1848094
499839
1749449
1512691
1728103
1407152
1291369
748983
2203212
1773386
1716713
1056562
623699
1430822
586381
1454083
2156980
2062625
2229349
960948
2137165
1370595
1439240
1432041
767280
1604699
1398123
1170505
324516
1676409
1564521
952576
2164160
3151808
1536579
1759915
1588686
1631588
2081395
1458215
672100
2239445
3107406
789180
1277926
734434
2512583
1145169
3037642
2869288
1076667
1612465
1021444
978408
1112356
1461594
2677343
2586420
924759
1397930
2014390
2781369
1329774
2095008
1464221
1387233
1694521
1155085
1156136
1845341
598867
2028782
1621858
1558338
2083717
1973466
1511837
1150687
1398110
1146122
1440743
1578505
186428
1566634
759316
2024314
1653519
1625858
1219126
1196388
2567509
1507125
1924570
2696829
2479479
1659553
2160216
1572152
591445
1127744
1344602
716786
1951630
2154734
2025224
1109572
2022121
1972913
1814069
1113342
1260538
674514
1785659
2443726
864246
1331610
2870806
1945948
752980
2008553
2069999
1901537
1290095
863532
1398002
2098548
1831801
3977191
2857448
2691949
1065491
2628955
848345
2113585
1360912
1515406
1545078
1312787
1581561
891293
817623
1064909
1687908
2958956
1300413
1206528
2124531
1763937
1086267
1255789
863037
1644000
297115
820336
2990195
1017530
1263140
464294
1523602
1414400
1607294
1354531
368238
2127114
1413524
2078195
1320292
2322600
1736244
1475812
1680504
154226
943988
1056931
554287
1093507
1854034
3640197
1734156
502581
1712876
2064450
1831280
1480932
1009330
1594728
1769702
1041934
1845483
1142884
1726866
1258579
1527960
2173528
1073279
799166
862088
1592916
1717464
1852605
1087026
744673
1647916
2555384
2857447
1249175
1234537
538765
2638888
1562551
2200557
1233941
1248316
1804553
1828562
663992
1529763
2450295
2457197
591347
1186951
1754329
1809677
1083053
921840
1022252
478437
1132818
912167
851255
1317186
1751470
1241418
1417119
2335100
2101557
1185276
2971813
2095312
713867
1849580
680689
1426309
1083055
1996858
2056611
2102287
1451703
1974246
1900116
1349686
1701775
1399651
1155547
1261914
1660980
1249833
611753
2009432
2047638
663725
2142659
1694393
2719327
1754266
817626
1717182
2122301
1055987
1073711
1123616
1567613
652127
682994
547598
1243784
1020320
2108648
864222
997320
2042638
1122874
1039511
1862521
1231420
1304748
1537449
806325
2129097
2171675
1682436
2246654
3963274
1863228
850854
2039543
783860
1598723
2960558
2732387
1430468
830164
235879
2200807
479812
602917
1129951
824970
1568804
966177
1289927
2082837
1389960
760034
1766514
3214586
1523011
654375
1211730
1809379
1118614
2086442
1399324
2246659
1562549
2115928
2060211
863542
908059
2272898
822166
668460
2315558
1580160
1951188
1409810
2147615
2777125
990527
1822108
1308411
1155253
788979
2015527
1373482
1464585
1550984
1362824
2084319
1627103
1538481
1644648
1686499
1454845
2124848
1730657
888621
2657558
1960837
1989198
2036093
931492
1074894
1086431
1585178
965369
1481624
1521299
1027692
2011188
1155515
2040035
1869167
1083816
1164100
1739893
857586
970233
1053231
679779
1428482
2113754
1533233
2813660
727636
975418
1321846
1178810
1681634
660247
276451
2022237
356030
3087084
2154507
1045650
1286241
3038997
3050529
1391815
665787
2497064
1396795
2089609
2085384
665210
2125712
1417513
2039544
1149353
1786106
1489149
2250398
1099759
2176046
1509637
946082
947358
1919770
554519
986837
1819333
1386449
2962588
3003472
1075653
2125720
1828449
1562546
1514253
1218838
2675756
1578864
1758289
2305272
1210660
1362265
630731
87570
1665638
1067720
1756926
2135933
890832
1562547
1225627
1406420
434438
651244
1350927
987133
1080849
561335
96684
1318245
896753
589671
1669990
898106
1557711
1505901
2682098
2528447
787307
790229
1567645
1152014
890190
1350175
394808
572051
986943
2459394
345189
2297100
1151654
1067513
1104798
1480862
1524581
2953703
2063501
1928795
2125724
1442631
1233778
2262172
1135897
1284220
2116146
326864
1702581
1252857
3079004
983609
2078292
2664322
2069833
1646901
2033829
2349497
3290617
1911303
462736
2012300
1083054
1558337
1983146
1816073
3275891
653489
2099680
2521259
1675840
792193
2968949
2737173
2737141
1126228
1463294
1294887
415479
2303916
1985640
1636879
1186901
1365214
1542899
891757
2622045
784249
802905
1606115
1981785
1402538
2395941
1377588
2128599
1926958
1158221
1589931
515453
3499015
1555792
2009295
1158474
1907310
1395749
2731312
991015
1618424
1408449
1053729
2321562
1608941
1528015
1292350
917062
1095543
1884883
3064687
2431786
2135493
2328433
2445269
1134237
1593926
1840159
1697643
977770
1772924
1594731
2338623
2811014
3591908
892399
1148905
2194972
1313029
764310
1509639
1356023
765018
1714637
1240390
1700432
1529267
1498091
985854
940706
1602635
2475433
1647915
3350946
1744717
991733
1163440
2196329
211007
1919688
2150079
800237
1219892
1075797
1295849
1698745
1679789
1843621
1118005
1347584
1277254
2106248
2280507
2096523
2324387
2004892
544419
3125070
1163521
1035357
404429
1943046
3396147
2132119
1768802
994043
2333525
1039869
1345658
1321492
2022061
611931
441740
1349478
1226524
1635073
2655355
2078680
1535062
380625
1243117
713935
2677460
1466471
924414
683409
2044338
2622787
1012155
2469346
1972417
2106677
1378253
1398206
2222880
2075545
1092615
1429743
856743
1492654
2330076
1843663
462700
1453452
1725906
1989318
1377957
1594713
1578351
952383
3210249
902888
2553242
2735748
992106
1908543
1933527
3358820
1111493
1431482
1584722
1083052
2430086
1042088
1562497
1002613
1702281
2534930
1410548
2287891
1782090
1185233
2307721
1128081
3127889
2249059
1765081
1469136
1426311
1575929
637625
1733381
1398881
1572141
1843231
1843659
3181499
1564921
1031991
1208673
1762797
894744
2176591
2329321
1065884
1429744
2495789
749156
648081
1843086
1559974
1299791
1021421
1927666
1775325
2221292
1544408
2016168
2171680
1234480
1426947
2235465
3259719
2364135
2108217
758233
1613232
1306748
1530620
2127691
1696136
1453405
2701095
511046
1861434
2993974
1964974
1468734
1731253
1131135
2020379
1729283
1715819
1227359
2311599
1270888
2308666
2103969
2334023
2565590
724015
1598715
764082
1570547
2465901
749998
1103865
1730658
2236260
687530
999720
1230854
1411451
2200841
2754130
2082447
2144193
1231072
2125723
1480798
646713
1524103
1204502
2102121
2314855
1372338
2881890
203701
1279490
2212627
1231400
2200811
2540771
2907457
1851537
1585979
3275914
1306992
2139724
3977196
47938
1297260
2038860
1629636
967558
2196289
3796494
1483815
1606114
2057057
2992795
3166325
736214
2844649
1028144
1397854
2019428
2010006
1642114
2719462
3164032
2932798
1229651
1968148
2249401
1312375
1343517
1332018
1634984
1716034
1042089
1329773
1962676
819944
930307
1494402
1755267
1242793
2067980
2183215
2209289
3172728
2284947
2654506
3557474
2068688
2431368
3229091
1906615
2809623
2195728
2990542
1845592
1402167
3081825
3160882
1003565
2902384
2138577
2132924
1909836
1609602
1939637
2399207
966203
2332088
1360895
2099955
1525311
925394
1360822
2103968
2269684
935455
1038608
1166087
1869919
1882468
2393086
2293731
2497465
1603081
1870321
2084629
2290717
737493
2301107
2450838
1774124
719594
1586754
2339070
559059
1217417
1842700
1414282
2220885
2197401
1810374
2226722
1646845
1315468
518907
2288616
1488094
1796309
2184521
3676169
2296022
925681
790415
727637
1566379
3500105
3946691
1623299
1029719
1306747
676575
1566705
1565884
2412062
933827
2285424
1718671
846259
2340796
1595303
40017
1968836
1741740
1629635
2010243
3595734
1448060
1610994
1610022
Total scores: 3102
Average score: 245784.88
SSH: 1, SH: 44, SS: 17, S: 164, A: 1727, B: 699, C: 363, D: 87
