2671379
1808605
2079597
1860169
869222
1241370
1990718
2034654
1938974
1816073
2111505
888010
1582287
658127
1714882
2470194
2839813
1754777
1537566
3383316
1194232
2058087
2319171
2099491
2935781
1816243
2088427
1321846
2677019
1546425
1218337
2097898
3040104
1918978
2069841
2675575
2659724
1849580
2141888
1642267
2335553
887059
3586535
1983406
2490307
2558055
2323911
2802324
1581561
884327
1064909
1655981
1911572
2018512
2828520
1718152
1892257
1829131
2176404
1044728
2823332
1158325
2059822
2396057
1919312
1701404
2241579
839627
1693153
1199955
1895604
2058788
2278930
1270000
1717986
3357329
881313
2568117
2137749
1860433
1869182
2574090
1129193
1890412
3041577
832346
1861094
1759814
2084862
2069999
2322888
3509293
1860524
2084319
2734925
1822108
2470211
2660294
1097891
2464761
2750550
1969946
1872396
2486881
1861487
1828400
1487213
1736571
1269817
1571976
2177434
2077119
2667280
1701940
1083470
2684033
1895606
1661477
2950420
1073279
2183206
2365752
2297417
2035291
1537817
1860991
1770623
1039881
1071424
1895605
1000747
1936713
1770368
2315558
988726
2606405
2164274
1287350
1160996
3012798
1095893
657917
2437233
2129143
2245529
2593813
2659368
3038997
1669068
1626537
3027953
2281901
1711307
1591616
3010178
2331169
1737326
2231706
2535899
2041050
3093274
1570203
1843589
3574500
1725575
1691158
1028733
999064
1610745
807074
1895602
1024480
1064527
1520550
3093271
2034057
2606069
1826438
2410948
2083422
2236622
1738018
1717456
1690353
994495
1588369
2615210
1839002
1911574
1206365
2180369
1656727
1609180
1771619
1315116
2113578
3236099
3078877
970331
1029562
1838427
764785
2413216
1476606
1889232
1836593
1736329
1843481
1687642
2022204
1728042
1480196
2780924
1489207
2995944
1895603
1955170
2245774
1451004
2185224
2682795
2164997
2442025
2069610
2958102
1671813
1956595
1710926
1295846
1350227
1902832
1234535
1170505
1073277
1289675
2697174
1751277
1763013
1630565
1714197
2171935
1649842
1097543
1554502
1949084
1613091
1690355
1961300
415479
1255495
3145415
831241
1495498
2471173
281632
2082725
2444148
1805022
2189687
1308975
2368880
1725588
1652172
1632339
1691455
2540399
1343792
1727980
776951
1988100
2639644
1249175
1640362
1251181
2005307
1474795
1642961
1842675
3160790
820737
1304276
1039511
1784600
933268
2389725
1062394
1095854
1756397
887058
1954858
965243
2503284
2570037
2112908
1756897
2077126
2479386
932432
1385397
999944
1571309
1261191
2880367
1466557
2469345
1701160
989244
2043970
917369
1860296
1144515
1385398
3242187
2974590
1654579
1947968
745360
2118444
1828346
806325
2222638
1603635
1660602
774965
1343292
1642274
1366185
2317127
509510
927487
1843653
2185824
1663107
2058288
788979
2034983
2209202
2022718
467689
1869933
1046536
1984889
1836484
769590
828242
1705647
1369375
1264503
1969005
2285696
1699366
1259431
3069924
797018
1047758
1718671
1820921
2295077
2485595
1607736
1695382
3030240
1103903
734769
1213856
1217417
696225
1693429
2033361
1255349
1920872
1473301
2354378
2025393
804164
602547
827803
1451282
1492911
1056207
2629595
1065821
3220698
2279617
801557
1582824
1956157
675734
1619555
2750915
1183255
2058789
789765
1911308
2666060
1484776
3369714
1737899
1758255
949029
1849433
2068681
762631
2168434
1902624
735272
1069949
3240784
462700
554401
1507125
655679
1656000
1783947
2112902
1488203
2226722
1244293
1121834
1602802
1365214
1935389
1162425
1395942
1805910
467821
980431
1907933
1450423
1621319
1652503
1816571
1215604
1332240
1995360
1610746
1627148
1596706
3607499
2660646
801303
1154766
1927719
1414762
614323
1354319
1989332
1770621
1412813
1551135
1508874
1026834
2492632
2116544
589427
1258642
1912276
1580814
1805627
795810
308917
1271007
1187393
1286225
1073789
2625751
1807735
1320129
2238956
1716049
1893432
2628166
1193449
905745
866727
724015
970825
1448813
2078961
1495848
1516121
1100327
1579673
2011147
1494944
1857519
956483
1632362
676172
1215958
1556336
1329273
2276449
2506541
983165
1808741
1487821
2285719
1075011
1128411
1091973
1329774
1509512
1734750
2766688
1743616
492064
1415583
893739
1289606
1460113
1857434
2172086
891867
2112898
1451537
1838426
1911636
1824800
345189
790415
552068
1289705
1125665
890190
867819
2250747
1700568
3086275
2489378
35015
924667
1803401
2478408
1178526
1553356
1659421
1569704
2241580
903667
342074
1099201
1860298
2639521
412288
1274573
2230498
2200557
1454845
1874119
1524103
970233
2014389
1989857
2249464
2639520
2302956
2024637
1811389
633993
1041481
129891
1271985
2149819
2044362
1587569
1287292
1123155
2269544
1725624
1722870
1148052
1462180
977875
1649064
2017555
2500162
975549
2331330
2404675
1717652
1625858
1759171
2428358
1281115
1657639
1951973
1172819
2742959
2569254
1790104
1315468
1829925
380625
1813857
1768904
1572198
657916
1706834
1828342
1978833
1500645
104229
2168206
820481
1790044
1403588
1007522
2263134
2765068
2272860
1496766
1843610
1746492
2705328
1746902
1555792
221777
2369202
3607872
2105741
1569904
1438917
889529
864446
1699547
1826476
3844651
1378285
1479410
2237466
1419403
813198
1341959
2497195
1064976
2559209
1056140
954692
1668948
820619
2125723
1573320
1598696
1211706
2259800
567103
821785
812590
1414282
1104057
2257346
1600415
1552947
1611251
2064221
1187302
863935
2579270
1062210
1341646
2244060
1749322
991014
1019006
1621068
2184541
790048
1286726
2546306
1914981
683409
1936782
1875396
1601984
1400414
2495788
2518847
2026320
2603107
1200272
1855356
1860435
894744
1245345
1071369
898576
2449759
1947687
1894345
1863270
2689921
1703420
1474576
1099936
71080
1644535
1073934
1557181
284084
1596845
1989563
2755564
2512991
1809151
1595156
2330482
714001
1068383
2506983
1180701
2069933
422328
2616989
1952177
2609731
917061
1895607
1266192
1985263
1679667
1120682
1576304
1039801
1046339
2574880
2231704
1020417
848994
1827864
1053520
1343293
2179629
1093078
2134458
2484994
858271
1783812
622407
1065000
2319348
2510998
1501472
1233127
948389
1274017
942522
1289927
2318096
2082447
1518125
2812094
2455776
1769418
1211828
1082783
201811
1093352
1236211
1865075
1679799
765873
1302564
1657951
1582339
1142669
2181250
1702984
1541907
1977950
1060869
1804040
1872812
945304
752633
1353480
2068783
1544643
1252022
2410264
600515
1058995
889322
731320
1645523
47152
2565415
1995244
1876741
1473296
715637
2266659
3292816
1552342
853167
915210
2103101
1994597
1886274
2170386
1922277
2061247
1329773
2020385
2447121
966243
1879176
2685931
1706210
617825
3078875
145070
1253353
788113
2128030
1881837
877312
1925194
931860
2766875
1694521
129847
1785659
785416
1611276
983645
1651290
1209160
799916
1827558
1620144
2195938
1087664
2049074
1351114
665721
1828136
889327
1543159
1682475
1774893
642687
1925029
2774742
1512820
1575480
1787601
1827323
1700386
816600
1177269
2126990
1113332
995563
1754721
1474956
784369
843597
2270763
1141858
2324863
1233051
1112521
2246465
480599
997844
1633520
1468912
1116199
433005
818304
2956396
1174467
951778
1702172
2743579
1511760
2113754
1355247
1138803
808848
574050
978026
2505956
951053
992171
161787
1968440
1468735
1949083
1808400
1468736
1089845
1563135
1706278
1007896
781213
1453152
1857003
845378
1658615
1527747
3520087
965040
1693184
1668949
1449416
917736
1578185
439956
1181761
2495792
2196289
1638679
1041727
786379
2514910
765097
3104528
764082
749156
1046870
869497
1342371
1658474
806017
734339
1714083
889729
1074894
2149448
202328
2877774
2409854
3513159
2686029
726068
1860295
813573
1668945
1476582
1317186
1428949
1267571
763213
1855801
1639324
2027911
891079
2560355
2719334
2361328
1030374
2131813
1031604
1039164
1419243
1330828
1648505
1893461
1278221
1715917
2658590
900957
1148303
658561
1120184
2067859
1879169
1595191
1854022
845391
1786106
1752311
2921013
460513
1512368
1827324
2340852
1847491
865344
517308
795988
2452099
559071
814293
1107674
1512177
1933764
1686499
1611606
2069845
1849273
1817548
1694501
1993380
1932924
2229349
2628165
1477910
1948378
1301498
1108149
471079
500082
1644690
1343703
1409923
1431533
2137969
968504
1229141
126645
995390
2689510
1199949
2357934
1582674
879062
1134958
2567535
917176
1051486
1229400
1527884
1925409
813164
1532339
2122460
1631290
880761
1419606
786018
1003944
1219310
1111047
1311613
337595
770354
1541853
1374112
1010596
1206499
2447068
1176410
878721
2014390
291285
829779
1881584
1956104
1979504
1810670
1032126
1078552
335041
1480366
660593
1500991
1313431
1139440
1519863
2697861
677907
977982
1079056
910147
2981274
1016169
1080094
917129
725026
2294654
1623285
1968283
2120145
786867
1034472
1353828
1379446
1451896
953586
1432320
736886
1529763
2290717
2750832
381928
905800
786304
1344602
1368107
1192895
2199470
789632
1794682
2392498
1519753
777303
1011471
1844019
2328679
1405981
380646
1763062
969681
2580525
1053233
845374
328472
419487
3057318
2500164
807482
363010
1628021
679771
2040423
1406470
2233987
2333933
2154168
2314614
861164
693288
2241715
1083817
1140187
2009475
1124616
2705210
1706410
824327
1112356
845968
1429168
1056306
1803472
1263789
1570760
994310
2677188
959119
2580634
2514739
1603957
1938318
1643999
2885069
2142744
1243791
1042088
468714
727204
1528015
2974083
2276018
526964
824242
1640330
2652885
736396
613351
1796164
822166
1256930
1602159
1159687
2014039
245284
1988911
727145
1231420
2647601
335786
1763567
2179560
1627870
2269609
1093703
1435459
1717459
3239382
1578009
133938
1526455
1702623
869240
2168768
1863228
1509693
848084
1115844
148716
948153
750762
843155
2096781
1498537
1186227
2008748
965524
1401254
794670
1031991
1820550
612871
2193895
1837462
929905
1368231
958308
624133
762573
568290
967546
256027
1402392
1989203
1397837
2058833
1724319
1689015
2109396
1242795
3582938
1137415
2116308
889632
1662175
1121504
861381
2283640
1412811
594965
1413257
448698
1594713
857586
665149
2041871
1329592
485109
1114132
2097119
1915794
1329304
428047
2291704
1415441
1918979
1626530
768454
2249387
297811
3573970
1191920
1350927
502031
1053415
879786
587547
324516
2199185
1612465
1917082
2239445
1294632
992437
1474491
1763666
961023
969438
1740092
1427202
722909
1055998
1764213
3583414
1302561
971834
1767713
966160
2061815
1243846
1532490
1358749
931575
1682373
752980
734392
757912
1648053
1483766
1352342
1713929
1109513
2003094
1321542
2245772
1675844
229695
1773002
727636
681813
131286
2863658
1295867
1248887
1231616
801158
2960558
316018
1514898
279056
738679
1344836
1544629
1287979
203906
2635981
978877
1301167
764099
892853
2115738
1991380
1605179
2018518
821086
783230
2040972
1725621
1954859
1227359
1318245
2784282
986939
1577478
431749
1255789
1763938
1735472
1366190
1262434
1917397
1193339
1086431
175783
1139789
790238
1838662
848161
554935
537235
63322
306520
1402538
950234
1605598
1628131
2922816
1589425
2042429
142954
553082
1432512
1945948
1242793
978213
1829478
1955829
1188172
676262
1909064
1632673
1349478
787957
1354522
2113285
784240
1125647
1054503
69131
1813910
953361
2255188
2730334
1944228
2259972
800536
1031602
2453844
1100231
1281081
1118311
865718
1165694
1167475
1493704
270395
1911333
1083583
1896448
1608832
522936
1100939
2781369
2013012
1363026
815857
487384
1871913
1009022
2233984
2045115
1649528
1430822
1826561
2296022
1384919
526757
1144257
1786977
3674037
1261879
1396342
1442846
2174441
709749
1681026
2132924
958044
1468970
846872
1992745
725718
3629575
1643106
128132
729619
1015266
2349543
722525
1489404
2506984
2090815
776594
1716713
664265
367175
1509460
104389
1477241
1513223
941254
707204
1289107
211154
1277926
2683901
66246
863249
1242790
1896862
1620698
1691089
2283637
1909554
2246356
962959
1009330
1718248
2194541
2250398
756423
1795264
574471
1342357
870707
638493
728724
1022252
764293
181589
2231320
1557461
756424
1242791
530122
224514
827223
1874508
1222822
948198
437139
741853
2293450
2136294
93842
1728493
1612129
958819
1722487
2471418
887621
1907310
2231702
1008998
1226609
2200803
2035276
1911665
555797
2560356
440547
1219705
1978895
2069748
1502044
95583
1010375
3136800
1783813
1847639
1570058
2040715
3118961
1347486
753014
546944
103199
356030
2779000
131564
1373482
314645
3145600
173383
988276
2201460
86044
2038915
117580
983680
919772
1383825
816327
231675
677938
521110
1693956
1606045
927659
2324859
918391
998447
1219991
2325912
1021421
1221541
800535
1102688
1039163
2613064
1156927
691893
1967262
769343
1358299
410250
1582585
2033294
224132
1951733
1059388
1942546
1371450
256840
2545971
1307641
1785750
870323
1836026
2331984
69129
705059
1259280
801663
1044694
1819850
582427
975418
1043092
551186
863563
1225317
987133
2048191
1612329
1228840
760779
1220396
1481178
2620911
1978196
1461560
434166
678461
1126510
1168807
1431824
762207
921226
2622409
1390352
2031162
2055688
2207749
848159
136553
1108701
1151879
1018938
1911335
1280585
2988681
1782389
1412281
1759915
1863462
1791888
1439403
1561845
209276
1015113
1810188
1332774
2147791
1559974
1021579
1915983
378126
830322
1066890
1714634
1909555
1440742
462736
853694
1688391
278399
318950
1234400
2966997
2848088
879807
895997
2337036
1754659
1181871
1207691
1008444
1046830
1960451
1712589
831380
1218074
2596982
1809913
3093269
1132846
1529756
336229
1647345
959091
1643631
541227
338682
1102951
277983
1461892
1554713
252238
1341563
1733039
1709115
392525
1021583
677604
340652
166316
986837
2617331
1075593
1213579
794779
1596114
1848830
2771171
805855
1788628
1182462
359663
2242173
890974
2449313
2486805
1354779
1777067
1658400
2786980
1354657
258059
494818
1831801
1789963
1729805
1096347
1009530
1004018
813588
1809850
352757
841599
1158040
1679789
651491
1771721
1502698
1414928
93048
1013881
503262
783761
2072986
1814068
484036
660887
1603376
2105163
1762037
1131424
1186952
1039165
727637
737578
1421190
1014241
381251
728870
1161457
131891
1303587
474326
1092980
728872
841899
1899581
92780
2021506
1077307
1345670
1723343
2523668
821071
679131
455361
3509524
947358
1576395
256839
733755
1523119
1316822
955697
2507884
2223134
1307291
1345676
646713
1696207
931791
1757109
1541293
1701590
890911
1876142
1294885
792545
1299913
60737
131579
903280
1165848
724832
1688154
135370
1242792
2168568
1490978
1214829
1289657
1151654
140805
1468910
790218
1229702
2141086
539697
1676342
1741175
701033
2125716
895999
2319981
986191
1480920
1115999
1564607
1186951
1672250
1399371
1653231
989228
1572100
1768240
321336
1704984
192697
2576309
1258135
1530057
1071242
1603103
813772
102458
211697
722968
1836165
1092234
1114721
1973467
996356
2858422
1985158
1467603
863541
1991349
1856299
1531196
1804342
1758437
788532
776752
1083054
1083055
863543
1110353
1158221
1686506
1142960
1892902
1429979
1264972
1675842
701603
1733519
1873630
2022237
2040582
986917
472309
1601046
1669808
777074
1439840
1094551
1288056
1267198
2159143
1894379
1020931
1515526
1493143
1893431
1243079
318340
1014580
1045000
1466728
2070999
1370268
736214
968220
2145649
1372702
676592
297812
1911588
731975
1464591
1561259
189861
1908514
2022477
1424660
857431
559447
591347
1708902
221677
72585
1103732
1055147
1242789
113896
2078680
2287845
1121405
2619262
2779001
1579923
1118614
1802456
792236
1565884
1354636
792712
2906211
1730868
561335
677126
2046445
687089
1799568
281914
1033882
507728
1739112
1707638
1806154
1122324
447048
408128
1563044
2562794
1031434
1462739
1244426
1297035
827015
825984
198428
1704553
293573
1681634
1401891
1306448
1754266
1897317
1922705
1217241
519940
869286
1677429
1307142
38426
2017799
1242787
759638
1877157
702868
1531547
1984256
1619335
792832
1127861
2035698
1593927
196977
317107
1604236
1911666
943399
929999
1730178
1454085
176280
1093434
1580093
1219148
341285
1183809
1355829
823257
1481624
3418992
2343490
1075797
178721
3371443
518383
169387
572727
1911702
2132775
1023507
172662
1820817
1290674
2624908
1007699
1571245
1142884
1950559
134443
1102396
1289755
1688424
3309764
1367259
1454087
502029
1754329
1888862
1497966
649184
1113343
1218649
1688226
1233778
2245771
1606115
545555
2644371
2557466
2164095
1129371
1838665
3362963
842815
442860
135142
663992
931550
646428
1895569
709075
1104572
1929398
106965
315090
2479479
2042694
1046841
1632734
787430
178966
813775
798801
84398
539361
1733305
2497064
524774
40017
690778
1363365
923589
370883
1985157
785904
1491476
391680
239058
1349635
902048
561539
3697747
2333525
1637102
141669
2603690
1515487
2504503
1043348
211007
499839
2198640
1771656
1592915
1609741
1161449
1857147
772987
1794074
2106916
976889
955812
1217097
2062913
2685991
1687641
1008850
858241
1256521
329283
2631924
1769365
649034
820080
153857
1626968
1943786
315
59962
1523011
391742
605717
2586420
1050582
1570183
946711
107875
1529761
1522613
460044
434243
1134237
917872
1253592
772476
1985415
1593361
1300513
2063642
42716
1481149
318109
1123616
1100071
1230854
1759135
791390
456247
2194422
839634
895331
679004
1074985
537377
2261501
1681360
43388
1915418
2321980
1025644
325180
1034190
1351585
392927
289704
661349
1086109
1215538
1417254
2004828
1717413
1609794
1763937
1124268
1003204
1706189
1716916
1530270
1618950
1166376
2254470
1398110
1689294
979155
438624
95716
1204537
168031
1417513
659991
671649
2677343
544419
1593985
1583561
2194972
1373950
1644670
1598473
1585764
1533390
2261701
1756024
1603683
1549739
1696136
393953
1426947
94264
2625297
875324
737100
1483946
1700402
451612
1842700
1528303
1729177
2328680
1401173
744305
1801973
18801
1738876
1342804
1348191
897085
390130
2977897
1448070
222411
1589931
1857321
1924570
1161448
1775561
1679782
1603540
65756
1614714
1173113
978858
1613687
2431627
87570
2831647
992563
1634984
2077642
1712876
364532
1138154
1243117
1290342
2628556
1125866
1294709
452508
1596771
1701775
975588
1157717
1283624
2057956
1707994
623699
3396352
333001
1047919
657519
1260037
1187352
1426769
861415
983609
1193307
1530797
1983648
917062
1382893
2326935
3499015
1226524
1817464
880496
1125406
37988
1462875
911612
2011203
1102804
704360
1290691
780914
784791
1592916
1646483
673632
1865037
611931
1354778
1286241
2410945
1075114
495538
1354795
1157868
1764707
1227055
58527
835841
342075
1944412
1594009
407788
1220014
1360822
877625
1589834
827926
1714637
1110532
1606114
296384
2135493
1580794
1928647
1915340
926644
2117909
209285
1768802
1636879
1529762
862088
734434
2021776
663725
1613979
1231400
1522655
20380
1728456
736215
1296370
1076862
1075653
1410548
2165744
1892253
1168175
483164
1354842
404663
2521259
2002322
179971
741477
1926301
1291267
252836
1755183
519080
113897
1868567
839947
1019088
1220272
1502221
1734319
635559
1770454
1629635
675241
574165
935504
1362413
1886503
1327441
1442771
Total scores: 2378
Average score: 226060.53
SSH: 14, SH: 58, SS: 150, S: 820, A: 1208, B: 86, C: 31, D: 11
