1754777
1083470
2437233
3885119
1860433
3306465
2410948
2257346
3700073
806325
1241370
1989203
3854743
2209202
3963421
1041481
2410945
2658147
2518847
4921872
2059822
3648544
2020385
2097882
1903809
3385971
1860169
3018109
1714882
2469345
4779752
1737899
1484776
196977
1990718
4013493
3928577
1861487
2240526
1911308
2597616
2615748
774965
3548649
807074
4189842
1031991
1172819
2803459
1949106
2185824
2338610
156352
1746492
161787
3954641
1296370
985141
2570594
1808605
1985735
2330357
2779000
1849580
2058788
2008748
722844
1984886
1028733
2496646
2328679
1053520
1844622
3097443
847314
129891
658127
754421
2332679
1893461
2188031
1219148
696225
2509953
1029307
2587226
2098783
1644535
2610170
2306594
4708805
1692260
4867754
1157868
2034983
1796164
600515
2575008
2315558
2126752
3652141
1141858
1039163
1142669
1181761
808848
960875
3582303
3746239
1828400
3210497
1600415
869222
837567
3385967
745360
1401254
3446914
2629595
1822108
1969005
1749322
1892257
773398
1199955
1155062
2222880
1882794
1843653
1690353
3706935
1804553
1344602
1955170
822651
2021335
3039613
1783812
4884430
949011
2156323
1093078
2201460
776951
2677019
4134856
2249401
1839649
908042
1029255
724015
1252711
683970
2229349
1010596
1620144
2615297
1969946
1351585
614323
2102292
1935845
3881333
1025677
140665
1402392
1816243
983680
816600
1695382
711923
111680
783860
1432783
335041
1385398
1982645
2169525
815071
2089486
1067859
1752927
2689931
1621319
926644
1984889
4793648
1932923
1162425
71080
2569254
1793625
2189687
1848985
1409923
3644656
1169559
2547084
1996809
2606880
1236211
2574259
2102287
789765
555797
2332088
3669562
3297498
2602336
1827323
2082725
2502889
1687642
1705327
2742960
780914
58243
2610039
1112356
2338622
2633754
1351114
2844963
1529189
1412805
1713228
1675832
2128030
3408379
2122460
1722406
2417917
2444148
1353480
1728493
1172150
1286726
2281075
2097124
1024480
1243117
2409445
1032126
1741740
1861434
2226486
1889232
1726994
1897567
1200757
2004799
1161789
1694814
3916356
2629712
1731978
2716393
2731466
3675774
1988911
2409644
794670
2030431
2164713
2413824
1762724
1281115
2164997
1675844
786379
1562308
162405
864676
3939324
2039845
1655981
2409659
2457749
2273031
2615210
958038
3439714
1844623
2514777
2249320
1353936
2113992
2328043
3745820
2144183
1251181
2199470
1001682
623699
1746902
1891512
764082
1817548
2036365
4631972
2200803
1218337
769590
2817542
2250747
1129532
1886274
97057
3168378
1065884
4425879
1909555
792989
1494828
1570203
961695
1843589
3707953
550235
2505545
1695379
2445438
1358921
2084629
257793
2116804
1805627
520475
1754360
3876586
2150701
905800
816734
1592917
3624693
3616663
1229705
910147
1486212
2203573
2480304
1262832
1230854
433005
572051
1128411
1864177
2245772
978026
2069841
1969095
104229
2319438
1734750
1509639
1890412
1420669
1256809
2409643
1533884
2096054
2055202
820619
3980742
1681810
328472
1366190
2245774
2689921
1477910
628637
360925
728770
2444149
1046830
103281
3485484
915210
1802456
889632
1343292
1112521
1220839
703794
849199
1945175
1582579
164020
834589
722878
1626537
509510
763946
1029677
46827
2260493
1420671
1995244
958098
1947968
164927
1029562
335628
2102289
172611
1993380
24695
4039338
1345676
28068
1245365
1649528
2413619
457257
753445
1527747
2177340
1554502
1373950
2366247
1068383
1770970
1474956
816327
1706210
3891772
128619
3440631
83975
1260832
1356795
3738294
2608130
1231520
2079134
87171
2338623
2586235
1633050
1140187
114465
1354319
2244060
1279490
1992818
2328680
633993
3635950
1046951
2270137
1869167
1849273
1730218
1064998
1312375
1627148
954692
3319395
1150597
1836593
3977444
1572830
1148052
2468861
917872
422328
2407880
3439713
2742961
728870
1594009
2025938
714001
1312156
69129
728872
31819
2118444
2180883
2635559
250277
2530755
762864
279140
1744717
971405
1215641
1826136
2231704
2609485
487384
793620
172608
1895569
994495
1656000
62570
2495788
2039543
1769144
2347627
71067
1636565
1970565
2830966
1114721
3931399
1746034
3625423
2222862
1358299
3659920
2189895
1814702
890190
2083422
1595191
1848919
743343
3922646
2347706
57735
1083052
2518844
1596114
2084862
1377271
2707955
1857519
1610745
1983358
1876741
1608414
1348589
66246
1859185
2120145
1041874
1942546
660594
2562756
1509460
2779001
1937456
2696829
4794930
2014469
2100940
1619555
3311376
1989718
2223742
2156326
1844019
3776382
1711830
1828341
417897
1655728
1541853
3953949
3326367
1828346
2011555
1209163
3911945
1412281
2020258
116128
2342187
1611276
2372056
1033154
555113
1454845
2660646
2125723
1587275
2240223
1935389
1679885
2063622
841599
40017
4689249
2288377
2722172
1026010
1994599
1844624
2042352
19402
1103732
44271
2332178
2156070
1848250
1783814
1836274
3435401
793107
294
1329592
1255280
1609688
1864175
146235
3910307
1686499
1267491
1279068
773817
656534
994568
1276770
971402
1115737
1155294
1843594
1623285
1758872
1515487
2073818
1822957
1642274
2281078
2040756
674324
1164179
3764430
1153219
676017
1675834
2026320
1862525
1216251
1843481
1149303
222278
3690388
3863692
2014567
1609180
2798990
2112908
261252
1003866
2330574
2226722
3769144
4104249
2315959
1030374
1897802
1840159
2058833
1562113
2570530
768781
2938031
589671
3993680
1534639
1649597
4334051
26191
458813
2050696
21010
2294654
4226999
1829927
2409645
1660974
1929495
1665623
912808
1181042
2348884
3572698
3604290
894744
1169865
1994564
70305
1266392
142737
2528042
221950
2382841
1583561
1219236
2025205
2445664
1626300
137405
3440632
1272842
3192134
1480366
1089041
2221441
2223303
965243
4694276
2570595
791636
713867
1509693
3512759
804724
670892
683825
2468866
45546
3148192
2338619
3604997
2497064
3327679
221777
1410860
891542
801663
2025942
1324653
614215
130500
1566017
1571309
1405981
3160946
2635971
2885479
1071369
1829038
860311
3959376
2222070
718156
1543159
1451282
1983024
820483
2388297
97923
4675429
1674547
962880
2328042
3912664
449693
1968440
2078292
357602
2535773
728875
1352717
3911194
2047563
1765587
31838
1694470
2449729
3524604
4035274
1975370
1693575
795096
3817630
1765081
2786980
3922644
1760666
1870186
2528039
2482032
1704794
3108320
1257627
1226524
1662097
1826438
2357612
1043348
768454
172618
1906336
1640291
1315468
715637
4009923
41951
345189
1593723
1219126
2815870
1992711
1954129
2150025
1218028
1149638
455796
2036903
453358
2361902
1989201
1849132
2459764
1869933
2468862
2530810
4764929
1588685
1992112
2742959
3754168
2351271
1943012
296
69131
3750319
2363298
1656727
2483555
328396
2550792
1669808
485109
753111
2562993
1691089
932223
931908
1659017
1379821
1211828
1363523
1556943
18170
1503657
2124787
3779038
2293450
2588639
2063931
839569
2664322
3835939
1274573
40563
3823402
22888
1598181
1844239
1595156
2149821
1634984
1307018
1459311
2077273
999692
801303
657519
1828342
1043412
884418
1513180
1579923
1255789
1038400
197482
3990534
999524
781124
831241
2604607
2655718
2097898
1343878
1219705
3707958
1980173
2256655
47152
3875112
3245112
1385415
65689
1992745
2105741
351189
574471
2885482
2979584
172609
2119075
206773
226161
1846237
933105
2237466
1752315
1472912
1784600
163054
1039164
1018247
1411709
3514187
240732
2123381
1065224
152213
1217417
727636
2719437
1349621
1890973
2528067
2341586
1541243
1026666
1119026
1757005
3517044
1863201
2333525
2854062
396168
2580634
995563
2044362
3950991
704360
1185311
2669883
712144
28160
4415495
2211019
778603
1597015
34967
2671414
785904
2357304
1941208
1346543
2368880
397535
8708
2514776
4805621
2395929
1066054
1573205
2580675
1558613
1829728
2518842
2361119
2321904
708367
39112
36134
1512820
1370029
1071565
2582210
1776723
1474491
2201824
1256532
1559974
2194972
1850585
736213
152077
344643
2245786
2446893
2112992
2162115
315
479681
3895384
1618205
40030
736215
1635388
2085694
3700933
1269592
1836302
1002298
725718
82962
2570596
1461469
1735472
52862
308917
1909230
1395749
172610
1782090
3592087
660247
770227
1142960
1906932
1000179
1686506
2012740
1679667
1014480
983692
1652992
2079634
805855
110795
1082245
1981062
138529
1949083
5054544
1095854
3950021
1231615
763213
2281077
1010879
1174838
220411
1168807
126645
339055
3608097
555108
1752313
3927964
791320
2132924
1270997
1564191
3987562
872890
2330562
368
1990541
1988907
1618411
554401
1004492
172619
972422
199049
2679663
2201675
589969
1300513
54357
2119076
1557370
172616
1498150
2565283
4804330
2829357
256627
2288383
1612947
1777060
1026084
1025644
1986949
1715953
382930
2095310
3642093
42518
2124067
1691288
429478
2064236
2017352
1442773
1917082
1480798
2549401
1139717
252238
724832
1524103
544039
2156324
591347
847313
1118006
2279004
2535899
1322507
1040942
1589231
3135338
4226545
1977960
1067860
2242173
712971
1026548
1803397
277848
3989136
3764426
1675841
720172
2223259
748438
1658312
107410
720863
2128895
1715859
3777586
2622045
794779
1462224
1576975
1561529
1740092
2315561
1149713
964270
1189538
1659260
2054194
793357
2097562
2582524
2161305
3640257
2610040
1690355
1688154
1828343
279731
26272
633519
3929890
1696207
1885375
1686500
1788628
3794735
646391
129847
2720303
1347841
838063
1300972
902888
263061
3318982
28789
1933527
375836
2468864
929999
4433616
756205
1559574
1531196
3778189
4794944
1656911
660593
1489207
734339
1068460
41081
1153238
1592915
748054
1063867
1670874
2981290
1005957
2067104
2102290
1529761
65718
46348
1792418
1714827
1846226
172614
3901497
999566
172615
1527960
1560009
2654458
2411640
1818428
2552930
1529763
916958
3318980
3922401
270980
1691086
2636546
2410950
40034
309900
1299287
2253530
2395933
971403
3520088
18565
3512123
2335845
726068
1034482
80914
893365
2364768
1871842
2264767
3237678
696895
1935596
1075593
1686503
2344118
2115928
1655719
2325387
568290
1598473
1473301
2402999
81043
2113168
26728
131286
1513237
2361457
29994
1777057
888621
118068
172617
3142389
2350659
2344868
3385968
1400414
3243939
2772767
1977959
720256
2618250
1385397
1260037
2319009
1863203
1075653
2596789
1604318
2506629
1596933
2096058
2045979
131891
635865
3449358
1596083
1988704
1989857
3787113
549630
1382059
676575
2134823
1257855
1839650
19043
1984890
3280736
262189
276596
350132
3200309
1530159
1113246
126715
61953
1682946
1715955
1829878
860368
1093455
1345677
62684
39076
738980
1041658
828242
1906005
1762937
106965
1724319
1968436
3620693
318950
1933528
3748199
1687640
1378049
3276565
219861
2331416
1078177
3044284
4124528
1464026
1597502
1783725
877312
1262796
2009295
3519998
2253532
1498152
1603081
1872396
3318983
3717906
2223257
1458199
2114276
4009925
3988775
1597642
1722306
1056524
1341563
938015
1679794
107084
1377781
800536
1850200
29995
2202719
2479006
1188172
161902
1126915
1074894
1036393
2443190
919196
133654
1783813
3134948
150360
1752311
1149864
834588
45590
817269
1074893
1751423
2378216
350238
1373482
2129144
2514739
1952177
1679782
2350389
1518394
1849136
1480920
1468467
3959377
172613
54659
764841
1705569
933484
3772513
2868388
2569345
2662928
1018869
1849133
131579
30524
2060306
1922705
783861
761641
1988705
715092
1589834
53228
1603705
1828345
1065865
2563946
103199
1595256
1153237
1782215
2162117
1483474
996356
454023
1863198
1209109
557821
97840
1946834
3418992
1582594
2004399
3583580
1984257
2796255
3817629
1742210
4698086
2014470
1691087
2222887
971947
1969194
3791668
2346624
1262795
1495498
1675843
1341646
3493929
1885374
1553356
1883681
1661768
3921900
1951214
1871577
1385400
2137969
1733039
1529758
4074057
97960
133938
1484989
2662925
1155987
1885048
1582621
3682066
1160132
2211017
1047304
2254470
129407
342074
1764213
2411245
1566064
3860381
2528041
1773970
2223057
2565365
1864566
353600
95039
1318320
783399
24022
123417
1937457
1662095
47353
783412
1566511
1936561
2335833
1266635
3526424
50141
1066890
997750
1844821
846085
3536193
1623206
1892353
380029
905745
339054
904307
865344
999944
1754868
3644120
869286
736316
1844294
1137173
93842
1014244
22887
431717
3525756
2201814
760034
2162145
2071495
1714634
1039165
1661674
1325741
457274
614213
2134712
1074122
1982258
1435203
3191492
72585
2017799
1601386
2662927
1093686
1988753
2356935
2916949
1828556
2562965
1149925
2003632
943399
2367263
1085771
2047562
1348161
1686505
3665398
935029
1036392
2885480
2351131
1950559
1941066
801373
29843
3993682
1085804
1100531
219315
2096056
142954
1210660
3890194
1563139
556326
273059
3150065
715390
2098534
904899
763220
3907766
1074985
2245780
1672657
4106914
131564
2444150
1468471
2376713
3369714
1262009
1919312
1827828
2123342
1074675
2223134
456315
1069972
1073279
1317023
1322346
2333966
2246145
1827412
1074871
2020602
3305970
2468765
3931546
1712376
68005
295
3958966
745308
3443974
1843596
1763585
1044694
3781188
3135925
696629
2282065
60858
1864179
2063419
1591949
1033168
83650
714576
2395958
3974458
3959675
1529324
773808
1481418
2032795
3533589
1556336
1031937
1597806
1016169
784285
1628218
2885483
3160148
1295846
4074058
986943
197004
28065
24324
4021165
938402
1827919
3377514
140937
1593901
1512691
1864176
549629
200274
1388622
3997419
120080
1056070
745444
3569579
641439
2700872
1625191
796012
974352
1025968
1812546
2328045
194818
26726
3731499
1576395
1712012
2328044
2518845
1360357
961907
800535
2361458
791635
1982646
1154509
2805529
1123755
2008999
2952114
1610994
2825422
1734082
756424
943246
272980
1166895
1816330
1736572
1746175
1293094
762034
2245773
2245776
74287
1596105
2660419
2351273
2839767
1582895
2331169
3549213
2249351
1562305
3907571
791322
1382058
1473304
172612
146234
713818
1062374
25927
2468860
1078904
1766943
1085586
942356
886582
2505634
1629636
2260036
2066644
4771106
339058
1780781
1624522
331734
812216
1829381
1937455
47359
1952107
260348
875324
1492588
1596240
3864489
24057
2064238
1588963
1214825
4099819
1186570
4129460
1572100
2107142
1563000
284315
3940523
18176
989898
949875
1728757
3907768
123004
1217908
1118008
1102401
2409661
1828340
62971
1288341
1905293
1827843
1578784
3783523
2353509
2055201
24733
1036655
39753
1404668
796936
1419243
1595157
1603085
3834521
889729
1682494
1988908
3738076
212095
1911702
1370427
1163458
1784007
485110
2599587
2282183
1610040
1626968
2282207
1559267
1062409
2707852
2147643
1034889
2014554
1347840
279729
846613
520660
2611132
1623883
3977912
1831197
121661
3632893
183355
2772766
109644
366405
1212632
3340119
2102274
1022062
1033882
1592913
26288
982913
1157344
1718183
72470
1045888
2245779
2061704
12956
2124786
1364228
1709456
728416
630747
2562852
1440741
1034862
1730179
2994583
18100
2099565
2132925
97922
1158424
1582896
2468865
2528038
2164617
453357
26730
2062642
3783527
1869936
1980708
1013310
97826
1395958
1542680
1911575
1623093
2530374
2528040
1662094
2587892
1299008
2796256
2635713
1835737
1797548
2570593
3924835
2342693
2114081
98229
1770770
19042
1004360
965358
1580794
1705597
2981292
1814706
1294709
825690
1845585
2662923
1893917
1394179
147789
3709782
2990542
793619
1655721
1981063
872885
3153428
2547555
3815281
1472242
1569904
763201
2003277
1700527
1290674
927487
800533
670894
2253531
161770
1051495
1827864
1785278
3970329
43375
3151177
799208
351188
2202872
3521551
2113971
1043382
1315750
3746081
997751
2349416
2200511
1256295
1068384
711324
305948
1501472
1645276
1265869
2068130
2856809
2450028
2225765
118750
2970999
2286885
1233124
3892153
3546131
3203952
2395803
1208919
827301
1847539
3921898
820481
1016391
1311530
1227359
969314
2223734
989244
2255071
1391152
1840736
397374
132199
1954798
3668896
1529762
1348658
1826134
817908
1843633
808847
3737869
2448701
97825
2223745
792863
1709121
1687641
63133
352843
2528036
2364004
2108767
3337690
3665400
2410678
1475734
2580767
2742958
152205
1636110
732627
1306781
901145
1941630
796518
889795
2700362
754751
1988749
979199
1344678
1117273
226660
3385970
137404
4123127
1660973
1616474
2413407
367963
1480578
1895602
1674546
2444152
3533806
1309079
1559211
1125406
2277236
755130
2344068
3857240
133734
2162146
1899100
2269416
2258753
1568530
2019345
1679789
1828344
4189841
1984258
1563134
1754266
3288402
2512991
2067258
1568287
1920571
4085207
2274874
1069973
116362
830083
1826139
163117
1948049
1300365
847863
722877
2223735
1181039
1609620
2223135
1209945
1074806
3682150
1539079
624133
2890005
2541560
3527010
1183809
1661477
3217551
342075
1538882
756423
3558350
1235814
860486
1644684
3318981
2096055
1592916
453080
2562794
2468863
30523
4132494
1655726
3636804
1047919
2616454
1220272
1633624
958044
517213
2060304
2993974
1845434
29842
2789094
2129147
1840160
791319
3533807
2165744
744912
359357
3988776
3921901
3922647
696698
1919496
1624381
688710
1036133
4349303
151764
1468470
1714635
2570597
576149
1660976
357891
53593
2002201
2315563
2202592
383191
2280823
1863202
1193512
1809677
2528044
3854204
1690901
1073962
1723799
2268730
727857
2506628
2249352
3936874
3056781
3520087
1715860
1247650
1001282
821785
2090288
2431463
3605783
865653
3955067
2909625
2056701
812586
1586865
3643273
2007483
1054741
71087
2410944
1991690
1646520
82885
2013012
276595
2611246
1723800
2149819
35088
1741299
3105971
1301738
3783526
1560008
19118
1625590
1893431
193399
1349620
2470378
306520
2281079
728971
546409
1069836
878369
3444609
128321
27737
3963529
879693
736214
2156325
2030805
2123341
3135149
2287014
1537559
192576
1396915
844182
2599504
1720675
2134714
2518846
2773583
4127347
112700
3511678
40153
1640114
1849137
2068841
1442772
205331
3937770
2640653
2129146
4315024
114467
1944412
812069
3755316
2887638
1813848
331733
1858652
2096050
383192
2164226
1640290
1827252
3890195
254656
128323
967246
2405565
1778652
2623831
1828339
1696136
1733092
2701483
3984404
2149817
3020314
2836586
2580768
2118441
1214824
1628224
4771523
791442
525278
121163
1474945
2248790
1027952
763200
1360050
949120
1522358
206863
2019427
23848
3855185
223982
2124069
1784056
165902
2090618
1530254
556430
1736571
2369615
1556734
2293451
1582620
207112
1809151
1969193
79441
2046445
1129261
204774
1085585
2056280
1988909
2569175
1099502
2587326
397534
4665758
3338304
649186
1691088
1579230
1282754
1005271
1629507
1036656
2200806
2389386
1886664
383261
2855989
2742957
457727
1951848
1788569
1679458
982149
1661419
1697697
2287400
842416
18584
1827558
1074825
1028286
2565284
1895399
3665399
350237
1596104
2530756
3148038
1830198
795719
1073276
1844625
3896245
1182462
1864178
932904
1972430
2064240
2074490
2332788
2098533
1468469
369033
1694546
1797542
3571123
1624513
1164270
783400
1046000
65725
641443
123005
3167421
1855356
34717
1927026
2112901
1032282
2167381
2284155
2514778
1228311
331735
1483473
263511
2253533
84724
3273002
46598
29639
40882
640487
2334062
1595347
2848364
773809
2885484
18099
961827
2267564
2103429
1303174
2251926
520661
2324191
2351272
136457
1682129
1594426
1828034
350239
1384440
1986395
1639407
2055169
794154
1759943
1213580
1223860
1988752
2328046
2290342
4794722
274259
3191880
992364
1829441
1566982
1818429
800250
614217
472565
800537
2089987
2541042
1619998
1603453
1917081
116130
3526953
2844456
456619
1557553
1150868
1035192
3995168
1310615
2222443
1541746
3333703
83976
1592914
792695
1501473
1295849
2662929
835871
128342
3624692
1027542
4021332
2512990
1378367
198201
1014481
3401698
1347435
2937963
2528043
1707227
1160133
146236
84092
2981291
1700020
1945267
1675831
1687643
415479
651605
3613647
1828562
453094
667069
69058
1848233
2367340
1041910
2796258
1282466
2397875
2809623
4017088
260349
2114797
29996
1893432
45660
1591970
1270407
2067194
1044378
3636803
2740179
2670667
2321562
2202788
755941
1558860
2038991
1982648
3959378
2409642
3921897
1065866
2253534
1246373
1377780
271776
804920
995583
2078680
49892
3625424
2338612
2245770
2103225
901696
78434
1349622
3533482
1674548
1344776
1021401
1236450
3527702
3311346
1035543
1954151
938628
109554
3817631
1442774
999720
318340
2506621
2284947
2341608
367
1627149
713703
1570243
3289389
1734751
3935005
18098
972015
1256370
1582617
2174442
4288226
2096059
1649596
792864
1231072
1033563
694108
1865304
358670
229977
641217
1996530
161788
1306940
3574346
1507125
207120
734434
671657
2414822
3681813
1051233
807983
2166352
1849120
68006
2147644
2062382
1509550
1062352
1227265
114466
2113972
2913730
736317
2223258
1815245
1210896
137406
3444610
1072786
1522327
847316
1085554
3093269
1027708
1827144
2911993
228605
24023
817855
2200811
1324201
1153285
2787089
121512
336015
44514
725447
3333255
2868384
2064221
84648
313
2774742
2381541
921985
1123760
990654
148187
1842700
3148234
453359
1388437
3688968
87172
727294
1834598
2623014
97682
1861212
1477386
40199
1036394
1119785
19117
1617643
2270873
2202126
163272
821890
2798826
1489830
1941025
3768762
36205
1609622
2796552
1589899
1432762
4009924
1149670
1602890
1495634
62182
1056202
97681
1801936
2109635
1726568
3462322
252047
858241
2294350
978213
983897
2327132
1636111
375899
718946
2935152
1262321
1821081
1662098
107212
2202595
727637
1061857
152209
127232
2126721
971404
141941
1649595
3787112
1612465
1585782
4061084
469471
1660975
39752
887621
276597
3682215
2778998
1643997
2387620
2523668
875075
284438
18779
2060019
680919
806275
105037
1689015
791318
1124268
1968283
830081
1319659
1233942
279730
1983406
1322400
1001410
1711983
832801
2021776
3830964
1304238
3313127
2315559
1826138
62735
1845433
82874
1856755
1949561
887086
3304843
1814875
1988906
747239
1951847
1863200
3959374
110811
1632045
1347842
2601508
2590579
1849135
2962915
1571864
4764930
1468468
566372
203701
35090
1616472
835267
776224
2335045
1085583
2087511
164107
152679
438105
800263
1869934
1649004
763440
2304622
1388078
4321803
1056368
769747
1087739
696697
1986396
4327708
3926567
852463
713689
1628217
1421864
1231616
85681
2162144
1582894
26727
1565265
556472
352541
789740
62977
403531
1655724
2589292
128320
1027700
79464
641255
72432
4669413
1391151
458173
641437
3591213
879013
3802323
1662096
1643106
1090675
2554222
965359
2124068
2134711
2584036
2075541
4031440
2125625
979155
3191957
3780393
1361868
339059
861464
1035927
1028441
879221
4662226
3908671
1477705
1069082
841587
2506620
271418
1027707
1210471
1897316
1015455
1399651
994567
1134237
3510627
1209807
1300514
2330563
167142
2396071
1522623
25645
2169301
4019121
1589568
1002370
52309
1286241
1474948
949010
1707225
3783524
1035059
187255
1410549
1442771
4059155
1036654
2726346
3897459
792693
785907
2479479
695694
2258751
264228
205994
1228325
974016
228056
1569153
1256135
1259155
35015
1661767
350236
753444
133653
183538
2853906
2562876
150108
1099223
3450779
1854033
2096052
741403
545783
457746
4131187
472307
123003
154606
783398
1077683
532217
1395149
4098179
971401
135370
2022718
453122
926585
1045999
197065
1377767
375834
1388435
1965347
738978
1559480
2528037
2586420
1003857
1674545
2139546
1031483
1935595
192789
3438591
945107
3464304
915508
1014478
619959
2225036
857603
1074709
989899
2231839
1164121
1432438
795556
1123756
2987243
848098
1325177
549628
1209849
331732
679642
1562307
4059153
1071273
1061724
1160178
1119784
1540437
1149619
961826
383189
1981708
3697682
2202593
2067190
2092400
3967023
71404
3301849
3934310
871794
128829
744642
867511
1098527
1041738
736315
35781
3227871
1021384
720255
1714573
1962198
2149131
277022
3899964
1729203
932936
1142884
3003419
1333681
3977191
1347137
1213610
924759
1465147
525538
155194
1349775
1450182
395946
1349658
1694296
78335
107409
670893
116129
2659372
1349312
1414508
994523
87170
1665638
1317696
3438148
3977190
760464
951401
285553
1528225
2034057
2963216
2813660
3149030
4283977
680689
58064
1613232
1073277
1655718
1854032
3819900
1563135
801333
932935
2552302
3384447
1409523
1926301
339056
767203
4284486
2326754
1681634
1269801
2622747
2677191
883670
715044
2528035
4009159
2102291
2379656
462736
2054191
4886194
1183812
2489378
2622988
1774124
143029
3327998
2141415
797658
1124269
1551135
1508522
3690391
1641008
3034396
857602
4327598
862088
3921694
3285233
4001453
1124313
2135493
924414
4059151
1214421
3707948
4180630
1828382
3119369
3526113
2668755
3034391
1580332
1677737
2331037
4059149
1118614
3869560
3396352
2296022
2044338
3997710
2677189
4129169
3500105
2123284
4303991
87570
1636879
3233265
2144017
4009220
3412600
1501684
2237579
4322403
663725
675734
4167879
3499015
2004892
2521259
1365772
4291608
959406
3812908
1129193
479812
1124583
4174332
4182613
1451703
4166238
29844
4093243
3564083
4030294
4321955
1408449
3578050
3707946
2223077
3535523
1186901
1231400
3996216
4376532
4047799
4528224
3553569
1846644
853625
2654506
4059156
3688501
2197839
2853913
2307744
2238956
544419
1415582
2156318
4048501
4303784
646713
2233132
4018669
1596946
3217677
3152325
1925194
1157717
4323073
3731498
1849131
2303916
3128518
4029683
3101174
1502221
836339
1003447
4030375
4303783
4322080
1011226
511046
4321780
1013839
3704761
1768802
4090448
1126228
3708312
1768904
982390
1744522
2165271
1629635
2326935
1491660
1979409
4319952
758579
976008
1097510
1995061
945157
1614054
113897
1935058
Total scores: 3199
Average score: 187713.48
SSH: 1331, SH: 462, SS: 10, S: 0, A: 1186, B: 167, C: 40, D: 3
