4176938
2352279
4792013
4287878
4543721
4244680
4532648
4376495
2689931
2599450
2201145
1569904
3010986
1949106
4761861
2874408
3700073
2266572
4536514
3814186
4134856
4537193
2675756
4197563
4214779
3854743
2843965
2325387
1313029
4968530
4985596
4415744
2671379
4449473
4638949
4189841
4897206
2573914
4754115
2389303
828242
4187053
4975261
1849580
3034770
2556199
1630164
4874327
1816243
4355276
3168035
2240526
4440053
1714882
1157868
3040104
1860169
4834698
1808605
3012582
764082
4917412
4436738
4319071
4113363
4860510
4872744
3708195
4733327
2769886
1979409
3197548
4842367
4415495
4583712
915210
2024506
4541862
3648544
1385398
4085207
4844348
1860433
4808501
2743756
3927904
4915912
1955867
1681360
1582287
4657226
4867167
807074
4692990
3093271
1187302
2084319
2189162
1754777
4838456
2510998
3405683
4785245
3626128
1663107
2179629
1990718
790048
2692144
3548649
4425879
4786970
2708949
1226524
2282512
4466096
2462350
2100822
1868531
960875
1241370
1075797
2581428
4468592
3034573
1126352
4694870
3849847
2209202
2026764
4134503
2069841
2279621
4039338
3724171
2241580
2319171
1473296
901854
1129193
1828346
958038
3081546
2382377
1565884
4831196
4829677
4925156
2410948
1414282
890190
4186890
2901666
4452319
2574259
2677494
1872396
1289675
1644535
2267564
3644156
4894931
4791387
1985735
3173880
4940126
2981463
1716030
2321562
1141858
3595734
1185036
3432407
2189687
1886839
2686032
1047919
1635388
2410945
1682101
2750550
2458202
1954900
2084862
2615210
4039494
1018019
3777926
1997307
1838427
1690353
1627148
3220698
3039613
1701996
3041577
1296305
3310074
4861384
658127
1028733
1895605
3284709
1181761
3071981
2659368
1261879
2064453
1366917
4059970
2066867
1115737
4134502
4915914
2365752
1498618
3526561
2077121
3119501
3030240
2129143
1419243
1776723
1995114
1846270
4924798
2699196
869222
1661477
655686
4136188
1377957
2132119
924667
1770623
888015
899732
2099491
3142494
1912276
1270000
1609180
974662
791274
1600415
4851922
2021776
948540
4678354
3683363
2657557
1769144
2077126
2278930
3018109
4844447
3238236
1395942
4740865
3501901
4818400
633993
1302567
2360394
1319547
3899964
3772513
2590119
3877101
1843086
623699
2945273
4225083
2333525
2236622
4470043
1770893
4835404
4039337
1951188
2132775
1412805
1655981
1813521
1895602
1490015
1162425
2564395
2141888
1142884
4786514
2484994
3195618
4493700
4789744
4915906
4093216
1289927
3091249
1836593
1047758
3135149
1635233
1046841
1969946
2689921
2562794
1519863
2620911
2732387
1955170
1350227
3038997
3517482
767203
1073279
2587226
3668020
1515526
1605598
1621319
803828
2468866
2624331
4638358
2188031
1882794
4480795
2599504
2058788
3350992
1918015
4998680
2192825
3579281
1626300
795810
898597
3551549
3862258
3462322
2933746
1537566
2310700
4363358
2785254
3093269
1199955
2063931
769590
1649528
2485793
2164997
2679477
1256809
1722406
775624
2660294
2536179
2078961
2004799
1909555
2201460
3006997
1131747
2523668
2918482
2246654
3050529
2456930
4001454
1391631
1013839
2185224
1936782
1451282
2674297
1097543
2626473
1304748
1183255
1869933
4408758
3764179
3119369
2469345
4822659
2553777
4415535
2490307
1405991
4225823
1811722
3853809
2654458
235880
2496721
4569104
2317127
1738018
2559938
1587275
4009159
4839832
1763013
1537817
2502692
1805627
1494828
1343792
2304622
3846505
861381
674324
2026805
1961233
4205425
2394336
2799357
774965
1656727
1200272
252238
3551877
1895604
555797
1981802
3397860
3873445
2399207
2169301
4288226
4712362
2460779
4845231
4822475
990527
2898419
1394791
1527960
2545898
2103968
1758255
3601629
2185824
1259155
2281078
724015
1911308
1939637
4798763
1214421
3006996
660593
1004823
1530797
4915911
2898086
628755
2035291
617825
2241579
3108159
2082725
2994583
1165959
2784168
4294493
1654579
902888
3903395
433005
2399766
2379656
927487
3256307
3350946
1995244
1619555
3101133
1783812
1822108
3967023
2326754
1315479
795627
2790135
3019859
2245774
2020385
889632
2404675
1725588
3655971
2565674
2570115
865344
1831435
2057577
4135511
1743616
1816571
725718
3802617
1892257
1231616
4070109
2204720
1941064
2961551
4431476
2367231
2088427
2257346
2615748
2149131
3089375
937709
1018247
2274874
1641323
1187506
837567
2034654
4990957
4772080
816453
4794413
2396159
2545437
1849273
2779000
2610193
899942
3240784
2388297
404663
2693244
300689
1672165
4376532
2027927
2249387
1031991
4145693
767280
1787964
710881
2258084
427090
1759915
1990449
3053109
1926958
666445
4404049
3592622
3369714
1021579
3307758
1905993
2116237
1554312
2177340
3361951
2941386
1296370
2299186
4404963
4411233
3283445
4309247
47152
776951
2101126
1742625
1432943
3333255
2294643
2444148
2555112
2128030
3557271
2141415
3246922
816327
2780924
4605752
2396057
3530608
4151072
3976192
1065821
1826438
1902818
2759787
4655280
855762
69129
2507884
3333745
3721142
4534810
3034396
978026
1210660
1114721
757067
2014469
1092582
3082337
1831032
4605491
726381
1952037
3995168
3108587
1706210
1451342
3813152
2677019
2388562
1654883
3040791
1793625
2314855
2629595
734339
4467049
1215688
3313127
2235254
1406907
2237357
4186244
3644429
3607872
4287016
2211141
2462333
2791873
1563135
2986935
2058087
1570203
3098371
2269544
4238418
181253
3240248
1817464
1427476
3827811
3964631
1991882
2336764
1706958
1805910
614323
1782795
2926208
4351425
367175
2199470
3509524
2846873
3718868
2108217
4167879
2036903
985004
3890723
883670
2133726
2521259
787957
3799924
1124268
1649842
1843481
2246659
3082601
2870649
2132924
2252249
1535180
3369471
3010882
1286697
1396342
412288
1990469
3037642
1804553
4018769
1631588
4079281
2332178
1238045
1770994
4302249
2156318
2017880
2624022
2176046
4001453
924759
3270246
1946834
1806531
3542856
2958956
2789938
1701404
1535062
3116534
1561529
1345676
1640908
718156
2457519
3843161
4830402
2190904
3025113
4469359
3107506
1566634
1150868
728870
1260832
888621
1110532
1227359
1388399
1454085
2404778
1351114
3697682
142954
3122902
2290441
2988611
1695382
1935845
3385419
1559974
2540399
1049018
3229091
1398110
2529372
3557474
1377588
3520087
318109
3946759
1715917
2709014
1626537
683825
525278
4765967
2221441
308917
1155085
929999
3906630
4645541
3559633
1232752
4629735
1331610
3421429
1545707
2670208
3582418
2921013
2165744
4813225
2798826
1180676
2417914
4821469
1252022
3019857
3137396
2495917
1643106
462736
2406120
2483555
1864795
3034391
1861487
1618980
3322065
2705258
3526953
2104881
1914037
824970
1754721
690461
784791
4831332
3338304
3572698
2463764
4788933
1380717
4353816
2535968
2048528
2719326
2223833
4082763
699391
2351094
2517999
1646193
2417917
2454006
306018
2209289
2482032
2971241
2097898
3608994
3369861
898106
3320181
3217551
1853460
3500383
1345670
1158221
3877911
3459056
4166238
2154807
2657705
1768264
3904577
3472845
3768762
2559639
2134823
2313561
3356274
4253102
4393816
821785
2987243
3934310
789765
1681634
1126915
3470686
2268730
2863658
4276792
4468593
2240404
3020314
3602784
1612465
1679789
3566847
1219705
3650854
2628955
2249059
4812862
3370546
658561
1897317
2376713
4009220
2696829
3654660
3791672
4284415
2039544
2327132
3871780
853779
1901537
1358299
1993418
2220380
1181218
1146443
2906211
324516
3755316
2096523
2048161
3885119
4272569
680689
2458212
2153775
4502085
2330574
2839767
3499015
3045747
1954858
3108533
3876086
3309764
1754868
1431540
4493040
4353220
2123284
1086267
3977703
894744
3535897
3862357
2034895
3876716
3760479
2439848
4329889
3333706
3497649
2514909
3168378
2868857
1692395
2277236
2505928
3491545
3438591
3233265
1809151
3500105
1594713
1429457
2759110
2809623
1862525
1831051
2046445
1655332
2560657
1044728
4895740
1782215
683970
4225030
4855256
4157223
2520633
4189842
4322403
3232901
2332963
3276536
3396147
4605810
3613647
2706308
133938
2198640
4817853
2992705
3521461
4557895
1461594
2113754
4983568
735833
2529041
1116977
2112385
1622044
1828562
3547780
2280029
1217417
4020054
1828903
131891
1016169
2242173
2989057
1342804
1714634
3299402
3104339
2563946
2496646
4302971
2921554
4576496
2254470
1657535
4837373
1450182
2125715
3353491
4522470
2234162
3236300
2516387
4988335
880321
1828400
1773876
4712543
2116146
4697800
3479103
4756087
1652992
4027058
3771810
4804606
2710628
4054201
3128702
1245003
2026320
2968671
2135493
4303564
2430086
3645482
2786980
4864428
3606457
2955802
3020246
2642164
3569579
736215
1172819
3963274
2629589
1963977
1231072
745360
2775397
1399834
4431496
1587059
4183351
3022540
2652420
794899
1852605
539697
2254752
2479479
2240223
1803114
862088
3267210
1859153
2628166
4378102
1567435
1256330
1480798
2085794
1554632
4790484
3874351
845378
1451703
4276045
4518871
3920671
3377514
3283393
1724319
3370358
1629635
3340195
3079004
1529763
1467142
1714637
3940504
3468194
4302998
3136646
1092615
2870806
4303991
2913269
4302884
4284814
4312255
1890216
1839222
2753891
3341614
3656072
1981708
2247825
1472242
1602969
4093362
1731978
3666371
3871738
2340796
3352759
2722432
2918249
3767017
3620693
2223077
3833439
2444276
2902384
1872563
3711420
1544629
1493052
3753922
1896862
4090665
1740944
4303783
4129148
4017088
1353828
3790613
1024480
1787848
3977191
1949551
4417289
4931401
2941385
3322526
4322847
2757086
1545303
2255738
4056699
3881448
1977528
1009097
3821207
2364004
1565144
3229021
3869560
2155617
4044653
4610114
4059154
2768155
1382561
4295242
4174332
3056718
4078685
4978004
3812908
1793684
1813910
4108340
1639261
3217677
4031654
1408449
1845585
1973361
978213
2326935
3996216
1636565
714001
3509293
3104522
3118383
3989790
3404787
4821685
2341682
3298813
1479927
2331037
2854691
3985496
146957
1076862
1350927
4880497
1236951
3149030
3549213
3041193
3081700
986837
1764213
4876749
3864489
2443190
806325
2512990
3450779
4862625
1988320
2303916
4662226
2238881
3333703
1092234
2963216
2264767
3046747
1320129
2124420
2554582
3398012
2869875
1457148
1347486
3311337
2654424
3513159
1737326
1754266
4335477
1415582
3577374
4059151
3516863
4104866
1524103
1399651
2514117
3516568
764472
1883681
1620144
1220272
1899100
4383669
2123199
3712677
2255709
3980676
4246671
1731880
3953795
2479006
1780725
3762401
1462224
5005206
1186901
3946691
1137448
2013012
1474795
3003419
2361328
2586420
2620913
1702581
1715165
2083676
1892253
1858652
2781571
1578505
4606740
3333793
2784409
4528224
3438148
1614477
4617328
2535680
39076
4029682
3624869
4047519
1274573
4915913
4363685
1592916
2142341
1415526
4476059
4321955
4047799
3117364
1842700
3588981
1219148
4059156
1059029
2413749
2729836
3830964
4057951
4047810
2813660
2686485
2731312
3765522
2295882
4689249
1760666
3628152
2061192
2677191
118068
1968283
4859703
4655647
3704761
1762728
2331169
4693135
3262144
4001494
3051162
1762731
4690175
4019294
3948056
4831033
4090664
2737173
1029307
1192902
2061188
3216882
2630685
4323073
221777
3468557
1846275
4252607
1397854
3097451
4886194
106965
663725
3285233
4448532
3678730
4570561
1286726
3614063
2044338
4059162
3791647
3933105
1855195
2601508
4791392
4306835
1385400
1385415
2020602
2844649
3087084
2014039
40017
2779001
4156714
544419
4717049
4442826
511046
1763222
2004892
970163
1636879
2200557
1838426
966243
924414
4721743
3358972
2459903
196977
2628834
2182766
2895387
3101174
3073484
2885518
3862594
1182462
3152325
2660646
4180549
1385401
3019409
2278318
3623644
3101078
4017905
4267100
3784428
2276210
2802736
1488259
4007932
990654
878369
4321780
1083470
4710115
3160148
2156070
2643166
3977192
1127798
3444967
3614514
4030294
895997
2995944
4112173
4648374
3323078
4029686
3101026
1786515
3022332
3022072
4694276
3347663
1385964
4089506
3895683
1817548
2679663
3906694
4610112
1785659
3141635
2346624
2621336
1791893
3411122
3520227
3160882
4754031
3945419
1700220
4018669
3857473
3782929
4090448
479812
2633231
2677188
3075536
4214499
4839816
2794099
1412281
3365585
1704794
3206007
2651888
3275681
2514739
4444067
3151808
2196278
3474387
3690388
4283977
Total scores: 1480
Average score: 317300.58
SSH: 1, SH: 30, SS: 5, S: 74, A: 1087, B: 196, C: 61, D: 26
