4940126
4742940
4850086
4985768
1990718
1754777
4931085
4838606
4871245
4859889
4905829
1808605
3579281
2708949
2322888
1241370
4064320
1083470
2798282
4746232
2060211
3752975
1836593
4924798
2935781
3884667
4419700
4857997
2097898
4792013
4641389
4897819
3946158
2188031
894090
4810225
1064976
3069102
3466914
1918978
1872396
1159687
3781668
3267170
2034057
2516329
4641396
2058788
2368880
2514739
1736571
4921971
795627
1256809
2431373
4914436
4905444
2632230
1946507
2486881
1537817
1843653
1489207
1860169
4898278
2203622
2129143
2075704
2204234
4982561
4425486
2419085
1656727
4867167
1966553
2328680
2410948
2616989
2079597
2274780
2241492
1125784
3018109
4419490
1484776
2330357
3963421
3655971
1860433
4153251
1811527
4833931
4904114
953586
958098
4852956
1736332
2336704
3250917
1756897
4876550
4934557
4689249
1990449
2168768
1983406
338682
2561438
4832938
1892257
1936782
3601629
4947080
1969946
2496720
2026805
3670895
933875
1905231
4915498
4009812
4729584
4899325
804164
1701160
4803734
3149839
1843589
1919312
3970329
4803756
2319111
1736329
1816113
1636104
2169502
1556943
4883679
2365443
2059822
3968196
2235779
2518847
4235907
3678823
1551135
2025942
2190891
1056207
4793986
2102287
4849082
1736333
2245774
976333
1988911
4905934
1884781
3845113
1099936
1554502
1001682
1071424
1633675
3121104
2331169
1435550
1522329
3083319
2226722
1932923
4941465
1385397
4860508
4761695
4867579
2854097
4698947
1627157
1319547
1911308
4898213
1053520
3551549
1570203
949011
3128003
4551189
2044362
4887064
4861771
2644765
3214886
2731892
865344
4939636
2315560
4912905
1642274
3071981
1278221
2319112
1590373
1474455
1718671
2004799
4934542
4424145
1580814
2323911
1071242
1476606
722909
2404778
1893432
1742483
2248980
2469345
1619555
2559123
4428914
3941762
1255495
1031991
2629595
1258642
2166311
4852495
1165780
3691246
2775397
4883846
4929271
1654579
1481747
4205739
696225
1178526
4352841
4905645
2530810
4641395
1187393
4030406
4607880
1572868
1713228
1890412
2026320
2069841
2559126
2138577
2695411
2222070
4135160
1785133
4900284
902259
1977528
1649842
2598214
4971218
4425879
2659368
2492022
2431320
4675950
1488810
2194234
827488
2061232
1097891
1973410
2530755
2096800
4418066
4021854
4678354
2022718
2367340
820737
1869933
2223047
3615226
1128411
4791387
1978895
2615210
1992711
2596015
4933392
1268353
1620144
4853246
994495
4822656
2201460
1691871
959406
4919168
2520908
1595191
2802630
4749569
2091238
2335100
1790044
1587703
4431476
1623285
2227344
3055878
4099971
2546607
929999
3827073
1752315
2026988
2726492
4835650
2586235
3634662
1415007
3257738
827803
1044728
2618934
3390741
1724776
1736327
1925194
4715571
2105741
1690355
3628459
1174467
1720423
3086013
2167694
1816243
2487630
1675837
1891512
1643270
2474728
4634775
3658332
2485259
1951973
1947968
2991731
1853005
4912575
2250747
713594
795810
4596631
4284866
1649989
1612454
4930818
957468
3607499
1596706
2465106
2246465
1989857
4798302
2518845
1095854
2316176
2354602
4834702
1627148
2461085
1899511
1236211
4751016
4874355
4929215
2330482
2653571
2628161
973967
1922808
1768240
4592989
4870967
3121360
1601387
4791385
2455484
2200172
3121000
2318641
2150737
4445719
4895825
2958102
1193449
2102292
4933158
1827558
2095299
4415584
4921665
976008
2964222
1623093
2538080
1707319
2380150
1092090
4321070
1642162
1032126
2142744
4528075
3052661
1955170
2689931
2726491
1925405
2164997
4871983
2502889
3548033
1133815
2596018
2360153
1734750
4587956
4876840
2165639
4054201
3007920
2201553
4189841
620789
1701404
2743756
1650477
2059943
2060305
4772080
4258903
1534523
845378
2118440
843155
2722400
2639520
1799638
1836484
4794238
2112908
2391305
3808886
1843610
4898204
1797628
2598547
4614397
2559127
3784156
2036365
1046830
2328342
2231831
1749322
1461877
1028733
1809151
4581446
1303844
1761495
3884886
4796020
2618935
1893461
1817548
713442
392220
2759787
744222
1450273
4840821
1941088
1379446
2474570
2458833
3459103
4852493
1236582
4968530
1628503
722525
2269172
2444149
4913599
4681478
4859801
816600
2040981
930249
1572198
1672490
2197839
2303231
2245781
1702172
2570594
954692
1843593
2684029
1415441
766938
909032
1008232
4833604
4467958
4054200
1796420
1675844
2196829
638493
4473570
1810150
4864860
3484856
1474946
1655981
4803733
3716594
4681476
1312156
1932446
718679
4853247
2461017
4791405
4132530
4981161
2059455
1918979
1962198
776951
4681477
2506540
1716490
2150733
2852748
4724034
4419203
2796473
1473301
221777
2468864
3039112
2690201
2457055
1645698
4797838
1257437
722596
4934525
4872638
653816
1847503
1847502
2128030
1783968
1608832
1621068
688942
1217417
1797542
2444148
734339
2033294
1121834
2628159
1398619
917061
3932366
2285719
1586061
869222
738063
1822501
2208203
883953
4803942
2964230
2161926
1818428
1084804
3802844
786018
4905646
2232194
1644535
4573240
1262433
1497709
2020258
4023791
4102231
1016701
1778560
2567509
2195737
2410947
4774005
1183256
164020
1682101
4662127
4791394
1820794
1941890
1181761
1487213
4850780
1582674
1612453
1051587
4906012
4801468
1541404
2974590
4681480
972364
1779729
979547
1391928
4046814
1495498
1645523
1881833
1029562
3321654
2466406
1881840
2226486
2039778
2514777
2266572
1349766
2204927
784240
1968445
1349765
2485565
3884662
1160610
2131813
1843215
1252022
2184541
2061247
2468866
1684086
1539281
676172
4866668
1968836
891293
1573320
2112900
2661683
1659421
2204924
3250913
1675830
1110827
1475091
1623519
1827323
2419966
4791383
983680
1848919
1395942
1127615
3568572
1074378
979155
1282628
4853095
4794930
1351114
4377822
2116804
2522580
1955242
2227546
3874133
1988907
1142669
2483452
1570142
3743795
3013188
4514820
3852478
1786977
1569153
1720903
1807002
407788
1646193
2463234
2173718
4704036
1648053
1096345
4677333
2460961
2791233
3690148
3257737
3518814
1287292
1690359
1971458
2045979
1705327
1769222
1511760
4857995
4683658
1836274
2025938
1127620
1165105
1453152
986042
1767768
1988753
4952136
699594
2325107
2671055
1577478
2587891
2129145
1961271
2628165
2399033
4921686
2096106
2173072
2304259
1129145
921979
1030374
1844417
1610746
1626537
4853701
2058789
2439851
1762724
2197118
1262434
1415439
2034983
111680
2356487
3722146
1568203
4346777
2449784
1933134
1983122
4850146
801158
223397
2496721
3654581
1925409
1621319
4443229
1955084
2429113
1675838
2599450
1174519
4867583
1139535
2485438
2348884
3533837
5022053
4834215
2279617
4796396
1027907
1901161
2409643
149549
1127768
3675153
1068383
1869935
1623892
175693
2676534
2399034
1623092
1059894
2131079
1717798
1474795
1302554
4247529
4126173
3686819
1315102
1400414
1059388
2413242
2233205
1960329
4320524
2349437
854616
2055202
2991861
3718236
2149819
3967920
3257742
1827616
1680593
3125989
1932924
1073823
4839948
979208
4625968
742549
116128
4677687
2793096
2245766
1718237
2059888
801303
1862523
1864241
1217097
1963403
3782929
4774712
2343932
1982345
2509215
4835258
2245783
866192
2774812
1316822
1737489
2628166
1970829
4975261
738929
1174565
2530955
635865
2201876
4292832
350132
2073335
1991177
4805054
2134895
1595303
2847753
1849433
2245773
2486948
3057801
2443190
2245772
359663
2468862
1993380
1403949
1121504
4242814
1056907
1810124
649184
4869298
4883358
4628575
1979226
187791
2801091
2763073
1759171
2457978
4641392
821785
4549701
3261481
4748330
4919463
839947
2506539
1620946
1986766
1366188
4867311
2223057
1503470
1849703
1907933
1938392
1701775
652234
1166087
2060302
1675842
1847491
4865824
4681473
4160050
306049
3327811
2391308
2256636
1027195
1541384
736396
1762728
646530
3360035
1809374
1520956
1697101
1862521
3322016
1752311
2382179
1675833
2382822
1086057
1611251
2735330
3432491
2237465
2486606
1641833
839627
1962275
1951733
3136277
1890972
1467196
2453247
731966
1675839
2687284
1813990
221950
1694030
2245777
3381266
2245768
1945146
2133943
1935596
1458748
1919304
4359190
1653129
1250198
1011398
2753990
2233984
1307401
4675991
2301522
525278
3841241
1166448
4682537
1815206
1793142
2301532
2566838
806376
3155647
4855807
2139974
2004342
4857996
667282
1909553
1249325
635679
2342739
665663
4793647
2328042
2316519
1109510
4483204
1750572
1962161
4213424
2450629
4775860
2976962
2290742
3559442
766939
1654578
1566064
1810372
1899100
1100231
4549301
2222861
1759602
2295086
973744
1764213
1500058
1860434
850263
4874327
1532490
1425809
4869347
2118443
4922800
1804972
4425089
4835404
1656185
2153460
4527232
3032363
553131
1639281
895330
4793476
2092200
1532662
1396072
1040044
4392030
774965
2638888
2184521
1078420
2811259
83975
4225083
847314
793107
1758255
1538271
2628162
1897577
3136385
1852860
1502250
2356485
2156842
1654383
927823
2863530
3058012
4054203
2203621
4633040
1632327
399738
1385396
3344627
1925014
2427282
2237467
1602494
4390824
593647
2072634
1610994
1746722
4393208
1631290
2014470
4783641
2170386
1983358
4933159
4867754
151229
3028229
1608897
2477878
1343792
2017638
1396152
1264972
276451
4633101
114635
2327059
4852491
2197593
1127745
3013187
1541853
257793
2269544
1915983
1239875
1992745
817174
1679720
1255789
1937403
2132967
225490
3981393
476149
2403266
1401190
3040104
475190
3471407
2049344
371178
2454085
1482959
4947083
2853012
3116043
1475314
1331498
1990541
1574314
1371450
4444528
1785865
2333933
2465137
2554617
664265
4074165
4925156
4883762
2441441
4950776
1791751
2939404
553854
2180883
231917
679903
2480930
4425088
1791108
835314
2423226
1799197
382930
2245784
2455487
2256759
1277965
1938404
1607406
712376
3369705
1097608
3361475
3519008
2318435
951304
4415583
1136506
1573638
1697722
1909552
219307
1886942
905745
1610022
2150740
1575142
2901015
4751014
2849003
1281081
1695991
1419398
3085461
169090
1879796
1303587
4706077
4860511
4939631
956254
1989448
470051
1149303
1556336
2556247
1484777
2908653
645436
1849408
1400195
1029307
1507681
787430
4598634
1152929
1403588
1295746
1163867
1945175
2329937
1233411
800930
2241822
1996858
1088043
1989318
2181195
1871739
1119026
3535138
2443183
1883937
1989147
4629404
2863658
2488852
2356484
3216630
2063622
1252651
1775026
4906498
1677789
3284630
1997083
3580554
2810965
1849120
1675834
910147
996108
2300212
1315103
951635
2412642
1810188
1786086
341285
2092396
345099
3076004
1127622
1943013
1403276
2409659
1829038
1657612
3126758
3171919
2950817
1491273
2162847
1842579
824329
2252983
2262523
1826135
313899
3359866
900544
1678466
1675832
1934828
3394973
1527960
1130376
705329
1540214
3965630
1675840
1366191
247241
1841299
1730658
1675841
2170274
1242789
2059892
2449791
764841
724551
1503731
1890494
3028781
2133514
2524028
4479061
1492913
4443814
2463764
1741093
1040424
2989093
2449781
2521210
1809202
1477910
714001
2298847
2169218
846012
1541347
2708668
2064116
4200460
821841
2194913
1712064
922384
3123994
702412
2449792
733755
4812528
557821
3541397
2570595
3528813
1933112
1392016
1926301
131564
509510
3620477
4844961
1782802
1967711
2232950
2126990
1988910
1228322
1611995
1791086
4336067
1737514
1218838
4415585
4191789
134443
3926567
1761412
2076066
2625910
3256129
4669413
1898297
1770197
1194154
4722415
2761640
2485737
2064449
2696659
1705819
3779139
2347052
1960253
455361
1070127
2442129
1949520
1633678
2949285
795096
2134194
1580084
1901946
2347578
1857258
1565293
2146420
2102289
985741
710753
2041198
816734
2794850
4839949
1301354
1828346
3132732
2184540
1129371
1842043
2241293
1504949
2156980
1862525
1161457
2504695
2278502
1696290
1977960
1700275
2347168
2197401
2118445
2339362
2785254
1716732
2218609
1828343
2040764
1328735
2594454
2441902
3445237
2473466
2025940
2252249
4896057
4834921
3182924
2483625
4393442
2025941
4876256
1786960
1640362
3397537
2245860
1788753
2977916
2585811
1377665
3223089
2857447
1365079
1889660
436825
2445664
1633129
1769667
2763064
2684033
2049341
2125404
2331416
2506538
2301531
1405981
682074
4349998
2223144
1901940
2391307
4061593
532242
1624963
1587909
2545971
1382091
1937845
2324435
1328177
594541
729681
2476319
4861384
1882794
562192
1741300
2857448
2420700
798617
4641391
2639521
1024742
2480927
1201303
813198
3897477
762207
176280
1978896
383521
1949380
802291
1651290
1785888
2586467
1717390
2685785
2567311
1711830
1777372
1657917
1657066
4838404
3492968
3519010
2391304
1587677
1775840
2073818
3126205
4218515
943399
1864175
404440
2556993
3711397
766891
4337895
1969122
1709046
1803114
2749285
2114276
4914437
1739112
3398700
4557895
656312
1030559
1081149
2132775
1171254
1242785
3510655
2165315
887095
3055880
1438458
3096488
3223086
2651508
2135495
2848244
1494828
4818353
3122826
402496
1535708
1289705
2702487
2061190
4452652
1965322
808848
740946
2449788
928868
891294
2279448
1186518
4872870
1797544
1313635
4761696
2548006
2261700
1891490
744740
1439335
1536777
1970401
3422870
1301326
4958708
4556153
1695382
1255391
1806154
1392757
4957800
915606
3721348
1717796
3119369
1991986
1677119
362949
1853007
3056476
1282123
1634421
1749689
2530752
1691293
2279615
3013115
4866852
2863524
3862594
2150739
1059390
1151654
781124
2449789
1593847
1109849
4917898
1887504
1007077
2869489
796606
827932
1642169
1714281
4882821
3291523
1269345
1398881
1989355
2242173
1104572
140937
2381026
1083722
1761166
1751858
3584281
3589636
1384827
1071210
2351797
1599674
794860
1504108
1696678
860472
3119283
4522057
2410945
4748174
2004269
1733571
1383388
1626708
1734522
2729170
1739893
2197801
1828341
1404975
3813237
2187624
736213
2426435
4577915
2844963
4838541
1886838
1180926
2769648
855762
3359865
4577918
2333514
1617047
679242
3296916
1602151
3099626
1300419
1649990
2151207
891442
803704
2672454
1895569
1530206
799208
2222967
1071369
2285947
1160949
2628164
1571448
2946047
2755377
176960
2538808
655684
1128609
3552138
3725482
136400
1625592
2062030
687530
2988681
1800249
4766114
3551744
3206237
372368
1917405
1210660
2088589
187455
2312642
2103566
660240
3666445
2829058
646713
1628056
895999
1281681
3182426
3359867
3030590
2260816
569636
2080948
1974601
926178
2432571
3491583
820481
1277926
1373950
3827811
917176
1992682
3568573
1172784
4705585
1531842
3307195
749189
2753618
1841188
4675990
2223134
2223135
1788131
746415
2121051
677541
2309694
2503284
1988748
2514776
457833
4876930
2451203
1173115
1658081
1733519
1483372
3559306
917129
1765147
3395507
177162
1070639
2464479
1161447
1705675
983692
1170505
1876631
2041573
4863019
2101986
4675972
153829
2799220
2552046
2452960
1481746
1697591
4882768
2196213
2456971
1583277
1725588
2017881
4800284
947556
1161445
1575160
1385399
3223087
2132927
86324
1960252
2445198
2302615
1289606
1468210
2231320
1619564
4948361
1680591
2311021
2444814
4804609
1696087
2349701
1574312
3323514
3419203
1899951
1218337
453358
2419638
2677188
2326010
494114
1935636
4001169
4570744
4602380
4926909
1496486
4860509
1177520
1264343
785982
3371379
1614054
3265614
3200834
1769144
2515485
3200833
4800282
658127
1561555
2132926
1396915
3749455
126229
783861
1815135
1914722
1517653
4347692
1282696
2414791
1986845
2237470
4029717
1161449
4176938
678461
2360152
893696
744675
2265590
385548
2861729
2137969
3075338
2376193
2986417
1934139
2628834
977197
1621175
4793648
1690124
1627672
144737
1127861
871634
2113971
112942
980637
3528818
116341
4419875
3036786
2312243
2061097
3155577
1569836
1405980
733753
533632
1990000
1281080
2217658
1994869
3094956
3425379
1647542
814615
1501582
1942342
1758674
2562794
3129873
1065224
764082
2261702
2969237
1850849
1632332
83974
2603702
2315558
2425080
3129872
2546547
1594426
1619027
1651468
1345674
1737316
2233760
1173117
728870
2276748
1315519
2460728
4419204
2173186
1088292
1843608
2750925
1780638
2657705
4205736
1786703
1645699
1563136
1086592
1538882
2104317
1173114
1533736
1383988
2606015
2284170
1655952
4929463
2245779
1828136
4533593
1512691
1992818
1975970
1584210
1765081
2314082
1718672
980638
3050698
3658333
1296538
1744385
3031011
1521481
1992558
1786515
1307641
3242436
3853594
3589637
104229
4028088
571028
2330569
2409645
1345672
1690358
1492822
2473923
4501175
2349516
229093
1763013
3001532
4217607
2042794
2055201
1227359
3408189
4794944
1751423
2692144
1189269
857395
2447349
552068
2456817
1354320
1486738
1571863
2229033
3813026
827835
2977097
682673
1764226
2984584
2973711
1182462
3265977
4796570
130800
1821814
2027665
3255922
2061191
4942836
2199006
2411125
1836820
1986949
1841732
1909554
2326008
1621242
3528812
1973475
2116802
1804642
3073983
1219148
1754659
759638
1773866
2928836
1620773
4090447
382625
916917
1161448
663992
1573762
1416248
1707789
2923999
1583484
1730178
2547555
1201369
1500459
1562874
1392411
1149713
1283528
3204097
2291536
401894
2518844
932223
4956704
4134856
1695925
949888
1455781
2719326
1290690
808516
1735695
351189
96763
2129147
1713094
1695980
1900359
3589631
1618411
757003
4605491
3893425
778295
1748583
1961270
2237466
1103841
2070521
2233985
834587
857371
1074466
2125405
2889950
858798
4829379
1264070
2261701
1986868
1454845
1943749
1125488
3966596
3758491
1383389
1574049
361887
746737
1670874
766749
1330055
356374
2348761
2222887
738980
466517
1530057
1180881
1846226
2488666
2054194
1717389
1909555
1644937
683120
380029
1935723
1897546
3708488
2052419
1296195
663819
3129870
1635388
1603081
2815870
2549105
966310
1578253
515453
3967922
1100071
2596017
2162247
1301328
1932099
4483822
2156326
3147769
1761204
4565459
1938402
3461417
2848365
1950959
933105
2351131
777263
1494341
3429650
1640417
1744498
1372407
1733039
1292113
1700933
2044485
1992110
5021195
2728166
1274573
2801090
4549005
2262001
3246324
1642907
3589634
800385
1983676
4418212
3589630
180079
1956730
1931597
1738445
660248
1848732
1219310
2328043
1401254
1711695
3419874
4794239
4466096
1886839
2994455
4586651
847313
1588080
1858518
3582312
1861434
943246
1085133
1760861
684100
1947213
1245760
1737701
1350927
1543159
1588277
1075653
1574310
161902
4037487
3359863
2095008
4796508
1031615
1941089
4871837
1344602
2449782
1610221
1259934
614323
1736085
1610745
2906211
1805438
2820222
2639644
1830123
2267564
1947202
85767
2107837
4677740
2623831
4205738
1714451
3125911
3549141
3104522
2149264
3569579
4795709
963263
1574614
1857880
2523668
1747285
2134428
3373331
1922277
1032374
1247752
3179613
1937551
3783036
927487
972691
3605782
1264503
2273031
2500672
300670
2314786
1555610
4810017
797301
1581189
1028537
117427
942356
4763026
4365526
2740912
657519
674553
1150868
2157207
142954
3425380
4881796
1697643
2988414
178645
4808077
3129871
2115928
2569254
1581289
1813622
1277593
3309764
4147666
4804389
2183541
252238
1074894
1922941
2402999
2309238
4315270
760148
72469
2623025
3519009
4800049
4635629
2349438
1534639
3582059
1298486
1450228
2058088
2275504
2240640
3682744
1654956
1490215
2564395
214166
64208
1036841
64679
898106
4009159
4457206
1981142
2302135
4236676
3203389
962454
2170635
1252650
4844348
28152
1126510
2316603
4762074
713935
3223082
4322847
1795264
921252
1380717
1889174
3284046
127013
2451783
1701715
4880186
2534559
1788629
4415495
2060306
2239423
768339
1562151
4225364
2249387
2240526
4185807
1402367
2257346
791713
3022072
1805910
1804553
3376538
1826438
2196289
1992467
2529041
1524103
2262172
1941568
2954695
2209202
1583228
1708557
1661477
4677743
1936713
120084
1282697
167044
1385398
3423785
4947374
3472820
1474947
4199237
3691317
783860
3513159
3686814
1960254
1969345
3116119
2202513
3379344
3079499
2572531
4376495
3056718
4883529
3256946
2654506
1754266
4159082
4589828
1973474
3620693
3268566
4985511
1614477
1593361
1726326
1066879
1827920
3680704
4448817
2156323
2301530
3724454
3592622
762025
2816394
2322982
3293273
966200
2245767
3096490
84092
1131074
1403240
4198445
3986513
853166
374831
2640534
3460685
3232901
1886161
4870537
3709823
1729177
2553242
1888184
1353828
1100228
4498745
3182424
2922336
3429113
1300465
495538
2450838
2068168
4783687
2809623
801557
1112356
1485457
3645642
3359864
2201718
519080
2603690
2468865
1166289
2534930
3284709
2262204
1885531
4468621
361886
4693135
5047712
3129874
633993
2228894
3223088
738985
3438148
2117268
2479479
1086502
1855444
3521808
3591213
3172604
2977897
2201307
2845803
2777424
3700073
153965
1220839
605005
4855256
2257115
988726
1930636
3002566
1927665
3016938
2107940
2433567
2017880
3221048
1289675
4167879
2328433
3617433
3018924
3078717
4726119
2782887
3401749
1815245
1515487
248991
779440
2696829
4931905
2400633
118068
3079496
1728019
4160552
2836842
3135149
1029255
3977703
4618179
2194715
433005
1509693
1714634
4372494
1871931
1724319
2139064
1115737
2667608
1260037
4876257
1938401
4708806
1147080
1354657
1836680
3447150
1643106
1405991
1848250
3887983
1985415
1067513
2198640
1569904
2705665
1230854
3428274
2870806
2679887
3322065
3609347
3359861
2439850
4792591
1702971
1889829
4829677
2107708
4543721
1332018
1605598
916007
2218727
2076801
2405223
3293268
611931
2329321
5005640
2024506
168031
3007202
1149423
3096486
4351425
1142884
2799043
2300083
736215
3961598
2626473
1730179
1366917
4851922
983410
2847081
1954858
1377588
172682
1160948
1021579
1816793
3517482
3510627
3542643
2237579
1076862
1754329
2770287
4480795
2622988
4732649
84311
1346404
1331685
1300436
2113851
380625
915210
3359653
4816255
3674557
1047758
4273030
2726346
4246671
462736
3702456
870707
3500105
1861487
131891
1511864
1399651
4733327
561335
3582938
4808501
554519
3050529
2276210
792117
2202603
3304843
2285713
2509420
1060576
1134237
4579522
821339
4987241
1103732
171120
4804746
1679789
2737141
827317
141722
4965747
4113363
2506628
1462224
1141858
1690353
1635301
990527
4561659
791274
2443726
1630164
2065514
1135897
848081
843745
2649539
2106248
4985596
4085207
1402392
2048479
1515526
927754
1053232
1148905
2719437
1889232
4020049
890084
2887834
1307428
3081546
2044338
1802876
2113754
1010596
4736984
1398809
663725
1571507
2325387
1971795
2328679
1083054
1870068
1186901
3976192
4691422
2389303
2321562
1083052
1313029
2032559
2672452
1353480
555797
1009456
4861281
3020928
4147579
2843995
4644712
1226524
2047528
4862040
2578177
4921872
279140
655682
1849580
4408758
2555515
3554008
1345671
1544643
2184545
1039511
1180882
4583712
2981376
4528224
655686
960875
3152325
1097543
4197563
3018925
3064687
4374452
1564643
685713
128935
1871842
3564083
1451282
1989198
4978004
1760571
1714637
4059970
2651915
1128403
4838793
1157868
724015
1286241
1181187
977770
2063931
1200757
924414
2981456
901854
1768241
1768802
5047713
2234163
1299236
1970115
1551874
1162425
146224
4470172
3531783
2926075
1524581
2610039
3870286
4886194
1163521
2677191
2004892
1410548
1578784
3076104
2081436
2288582
800237
1636879
917062
1843086
1955829
2668755
2558055
1817464
2194972
3567527
1216800
4860510
4746348
1809379
1863205
1510498
3989790
1353936
2771799
3338638
3499015
2512583
2390084
3238173
1706210
1415526
4225030
1507125
1412622
2300175
4440817
2101856
572051
1132240
1760666
2376192
562867
1383387
3101174
1527747
1199955
2495789
660247
260838
1894658
2264767
4884868
4054196
2050696
2864972
4322080
1245003
2026391
1852605
1192002
1845585
1693575
1050582
1995061
1762937
816327
3745412
999720
792989
1411797
3002756
3502092
4189842
1329592
924759
3789556
4569104
35015
3025365
1872989
1315468
2493463
1119127
862088
1787848
260489
1970040
2132924
683970
2046445
1762037
4021903
690461
4694276
240488
4718650
3157178
4643441
2229349
1941208
1709121
1502221
2684031
1296370
3166325
2937933
2166410
3030766
2939407
1586059
2022201
1410549
2240223
3023414
1681634
511046
2310066
97120
1291267
Total scores: 2935
Average score: 203651.39
SSH: 183, SH: 607, SS: 3, S: 78, A: 1431, B: 465, C: 148, D: 20
