2403677
2141888
2365752
1860169
1808605
2573914
1990718
2319171
1582287
1711307
1241370
2500910
1940633
3648544
3383316
1863083
1296305
2100822
888010
2520220
3093271
1714882
2775397
3854743
2510998
2280910
1593724
2470194
2078195
1681360
2079597
869222
988726
2382377
2323911
2069999
1655981
658127
2099491
1919312
1754777
2659368
2615210
2444276
2486881
2279621
2659724
2660294
3310074
2201145
2116006
4113363
3849847
1938974
2069841
2935781
2360394
1816243
2708949
2574090
2802324
1849580
3071981
3284710
3361951
2633231
2315558
1872396
1911572
2126752
2128030
2779029
2677494
2267564
2294912
3466914
1392757
1974981
2911355
1828346
2033294
2330357
1400367
2781369
1742470
3647082
2173926
1770368
2828520
1860991
1935845
1270000
3332590
2594347
2675575
4189841
3034770
1701404
2176404
1759814
2914646
1690353
2689931
2469345
2559938
2058788
1962374
1811722
2823660
2437233
1842675
2796473
2278930
1997892
3078877
1920872
1983406
3551549
927754
1419243
3526068
2304622
3359653
3468687
2477069
2671379
3284709
1432041
2813781
2368880
1160996
2275674
3040104
2628691
3415931
2082727
1256809
3427307
2594993
657917
2657558
3014649
2551888
1075001
2410948
3287758
1159687
2637738
1123966
3483307
1588369
1695382
1148905
2188031
1484776
2999238
2530755
2663986
2825148
1497899
1029562
2838457
2335100
1695379
2077119
992106
718156
3688094
1097543
1936713
1225022
1890412
2470211
3849893
1738018
3488032
1997307
1301212
1537566
2839813
2237466
2092259
2044366
2484994
3831190
4001454
1930337
2825079
2209202
1199955
2562794
1414762
2509341
1899764
2689921
1886839
1843653
2864285
2185824
1649528
774965
715013
3595421
2164997
2245774
2342037
1860433
1069949
3160882
2982835
3210497
2550203
1989203
3580944
2546607
3671976
1476606
2681192
2231831
3840593
2818772
2326754
1861487
1680755
1722406
1758255
2059822
1494828
915210
1571309
1031991
3019409
1587272
1816113
1971100
2790439
2404778
2184125
1350927
1573320
2485438
3056342
1968836
1762431
1200619
2657557
1062394
3533482
1969946
3645642
2129143
2085476
2229689
2263415
2428358
1412813
2632230
2964230
3379344
2603845
1907933
3226413
3534671
1817320
1649108
1669068
2035291
1676639
555797
1892257
2485259
4558321
1436329
894090
2477047
2543244
1992711
1977528
2428357
2318117
1784600
2097898
3579281
2044362
129891
2238053
1329273
1757846
1603635
1726994
3064047
2360153
1955170
2474574
1551135
2896983
2455001
2750550
2026320
1700344
1554312
989228
776951
3640199
2981463
1857519
1762429
1826438
1845585
2860521
2211018
1968445
2014469
2274874
2616981
747855
1533884
1849433
1749322
2241492
2549131
1492911
889529
1702903
2133576
1351956
1473299
2346624
2054906
1211828
2317225
1183255
2680344
1258642
2570115
2612742
3606351
89171
3526561
1917082
2197401
1172819
3136801
3385967
2397136
3958596
2490307
1028733
2005307
1172150
3038997
1555034
1619555
2255644
2173528
2661624
3873445
2485565
3846505
2078961
3322635
1656727
900957
1386449
2545604
1554502
2791233
2280205
1882794
2524042
2461085
1607736
3613490
1385398
2056505
2969988
820481
1642274
2011977
2330482
1989857
1867520
1746840
47152
3607872
2632326
2829376
808848
1255495
2779000
2535650
1647338
2111505
831705
1397146
3357306
2684033
2639644
3716285
2020385
2237465
3145600
1911308
1843589
1783812
1742483
1261191
2790135
2149819
2773548
1952177
3218544
655679
4143861
2101986
2933746
2981274
2563055
4375991
2564395
1565265
3523630
759192
1039439
1914227
3262862
1219310
1635233
1474956
910147
1170505
2659911
2336704
2273031
1464221
2964221
3919008
2997125
2549390
2176046
1908618
3724573
921840
1761256
2027920
922172
2236622
1348658
422328
1903809
1927500
3505029
2938751
2682675
1115737
3093274
2468866
2996123
526757
1319682
1848803
3229767
1637465
1826476
827488
2077121
3290202
933875
3392208
1968486
2112908
3157652
1621319
2238336
3543942
1868016
2057577
2466513
2094367
129847
2072405
3574091
2205164
2463868
2964222
2677191
2226100
611679
2307744
2404675
3351879
1983358
1655167
2731892
1573324
4001453
2389485
1633520
3093277
3434979
1162919
3336341
2398423
1605108
887502
2165271
1909530
1399834
2574281
2234883
2596015
894744
2674642
118068
845378
2282512
3278517
2107837
3607502
2791789
969686
1618980
2794936
1869933
2553242
2234808
1476582
710881
2097992
3073983
179666
3990534
2370477
1960307
3393903
3198777
1746902
1801586
2659369
2625940
1287350
1413439
2687919
1091973
1150868
2228784
4176938
1508978
280034
2341682
1973410
1811477
1925194
2357752
2744052
2483794
3356229
880206
3020123
2117268
2289268
1782046
2587891
3178933
3447627
1317124
2316087
1836484
1263775
1601020
2245772
362949
1623285
3433242
3481595
1979344
2691260
4682438
3524974
2760786
2630704
223397
3697682
718679
1141858
541990
2596018
4321000
1358299
1128411
2601893
3322065
1810124
3104522
2590758
2556049
3363297
2619743
3718868
555113
2004799
1017976
2493793
2367127
2889019
2980850
3333255
364532
3097451
2026764
279140
1289927
1482959
531093
1636104
3232558
2202224
2751787
1874165
3987358
1776628
2910994
433005
211154
1783813
2022876
3110728
3259779
2163121
230523
192508
2281078
3349095
2132924
3598876
3555173
4001494
1896862
1110827
2977094
2042351
1447252
1488698
1826150
2005910
1574314
2989093
2521700
2505634
3659108
2565693
2764757
1310506
2266883
3034573
239265
1372142
628755
1941064
2457070
2352180
1084742
26194
2346577
1345676
2254763
1765587
1493532
1228631
1679022
2293137
106053
3722939
2281045
985875
1991526
1006617
2346603
1635388
2755105
833605
2587630
1271476
1634984
2667753
1013839
3461204
822166
1988753
3569579
2719818
2193487
2570594
1728456
756423
2161926
3041712
2078232
1530159
449484
2108460
2971892
2629594
3520227
2586235
1630565
2702115
1609182
3122902
2968671
2523994
1682464
2329714
1491800
4543721
301176
1720423
1805627
2636468
1018776
2691656
1913605
2131079
3036790
3495617
2070594
2120935
2530810
3406585
1268973
1878684
1763013
2150518
2118440
2161977
2784282
2056844
3049358
2470138
1360784
3601683
3959675
2433048
3147541
2829681
1595480
313621
2324161
3236668
78761
3015637
3572698
2235450
3260429
3520087
1619561
23255
2658147
709264
3642651
1811389
1084692
1994564
128283
1279361
1893461
1762629
2240193
383856
2218778
2419085
796693
2419547
2124787
2297326
2778999
912492
1988434
2882439
1828342
24428
1510004
2317701
2572132
3328104
1330055
2228329
1963713
50623
1052460
2868674
3204751
1612329
3822978
2520164
2411547
51454
1535180
3976192
2732387
1107102
2356345
1131425
2221938
3459056
1564607
3207094
1986326
3040755
2735332
3275914
3551777
879062
1701923
817200
2993246
2836441
831241
2009295
1608832
2568447
2730824
2143883
2610039
3927779
3022597
1911123
2462293
1518683
2679110
3418230
355154
2532641
3412600
2146132
2902589
2146131
1993418
2373569
2154030
2738602
2238951
2071069
2709014
3353007
884123
2416428
2419748
3216902
1749331
2737173
3551877
3106850
3684331
2729553
980928
3039951
1786254
628139
3817199
81283
1804393
2941386
1594426
1611276
1732802
1980398
3207095
1700561
2067426
3263174
2098874
1508788
1968283
138219
2502692
2148398
196347
2016168
1447383
1395942
3985893
793257
3917456
1256521
3395011
3526323
2449773
2792787
3159015
1103732
3211500
2636037
4036420
3692446
2722655
2479386
3283681
3426782
1509693
2046445
2719372
2703055
2703381
2191760
2040035
73898
2606880
2132119
3250377
1627148
1829925
2443190
2041893
725718
2850658
1030374
300282
2650657
1417782
1716714
2324154
2785393
1155547
380937
1469136
125637
1250652
525278
1971660
2301351
3741904
1055880
2735331
1231616
2241258
1733305
3135149
2726492
1839789
2684062
733943
1820921
1644535
2856411
3354731
1121909
3152584
256027
3407629
2206954
1773961
1626537
2200805
3745820
1650336
2833713
3650854
1498981
726608
3182073
2743354
3340195
591347
1828400
2284893
1529945
2860108
792409
1046775
3839994
1754266
2860083
75095
2006767
2163137
1071369
2479479
1547674
3165847
3153084
2570037
2162145
3246722
124275
2048477
3334071
4542585
2901058
2580767
1705607
2635559
1907310
3862357
1453452
1518305
2211017
2290717
1126915
1380717
2886461
2470711
3000650
2274904
1768802
2229417
726381
1306992
2189895
2506721
2017880
2198640
3644156
1774383
356113
1142960
19467
2131562
3023414
2101630
2598992
1922293
710293
2533119
2022718
2639545
2659385
2831036
1385397
2217836
2248999
3159011
1633693
1566634
2096753
1496766
767774
2528044
2062996
2269544
3620693
32783
1095855
3225244
2986935
1610745
1836165
3547780
1519863
2551698
2912265
3613647
1849273
3523496
81346
2811014
3582938
3361023
942085
1055828
1570203
1659421
2135493
905745
2407257
2260875
1162425
2719819
2796126
1829131
1714637
719205
2466476
3093269
1041727
1965348
1331610
2637721
1989965
3075338
2002663
2506707
1092240
1258579
3624869
665787
2712916
2391657
1693575
1580728
674324
2585550
2708985
3579611
65756
1451282
1850759
3338304
966243
2265282
20477
3385971
3257640
3595734
851614
2606405
3369714
3524168
2968055
1759171
3526113
1169773
929999
3530608
1507125
1776723
2233275
2809623
3311346
1114132
1967216
2295882
1111493
2134458
2014390
1809151
888621
3904432
3772513
3591213
3549213
980927
975588
1995061
3037642
2065550
3012582
131891
1451703
2165744
1723343
224132
2554582
4224075
3484856
2759787
1911665
1092582
2113754
3283445
1508196
1186901
1993172
4415495
4015407
3360782
235470
1129951
3261566
3917473
1353480
3101226
2890370
2736518
2523668
3434978
2352372
1634629
3641699
3057790
2505956
862088
2779404
1095854
3036160
2061192
745360
2708983
2255524
2096523
2388562
3385419
1938335
2269424
2535968
1849703
3637960
2410945
663725
2239445
2874408
2599504
2610994
1785659
131564
788979
2638445
3963274
3345195
978213
1864175
1939633
2201298
1243461
146957
1551210
1105826
1112521
3159013
2813660
2735748
3119369
1320129
345189
966177
3912664
3954875
2127254
1886274
415479
2189162
3582418
924759
2507884
1487717
2651838
1643106
762207
1457148
2639521
145669
2909625
462736
3501901
2164247
2870806
3615412
611931
1351585
1610046
2628166
733755
2692144
3500105
2593243
252238
2961859
2521259
1802456
611753
734434
2103267
2586420
2226026
2014201
4157223
2559126
1426038
2150733
4001404
2574259
794480
901854
47359
917062
3238785
1681634
1226524
1402392
1636879
3064687
1286726
1563135
3579652
2846620
705091
1642781
1592916
2242434
3210249
2557466
1181061
254656
660247
1657931
4414654
2105630
3334672
2781571
2182186
1620144
2450610
3643658
2144225
2328679
3473962
1227359
1321823
3821905
2482032
1397854
2889075
2621336
683970
4484078
3233265
2596789
1706210
2204234
4243833
3553569
2276963
3704761
2275091
2008748
1584261
Total scores: 1316
Average score: 297172.40
SSH: 52, SH: 221, SS: 2, S: 6, A: 869, B: 117, C: 38, D: 11
