4543721
2382377
4113363
2201145
1990718
1860169
2671379
4742940
1711307
2843965
2743756
1816243
4059970
4246671
2301351
1125406
2573914
2689931
1241370
3745820
3415914
4583712
1394506
3540245
3501901
1075797
3614514
3926567
2318117
3093271
2257346
2267564
2187211
2269544
2781369
3926086
2323911
3849847
1714882
1594426
2854691
3802844
2458202
1828346
2874408
1366917
1083470
3814186
2639644
4678354
1872396
3322168
1754777
1701404
1849580
2624331
1690353
1385398
2510998
2182100
1044728
1989203
2594347
1737326
3019859
2490307
1563000
2615210
2761378
4070109
3034770
1805627
1707113
2512396
658127
2775397
3041577
1838426
725718
2863658
4275452
3989706
2060211
2732387
1811722
2904978
2176404
2069841
2562794
3707958
2189162
1396915
4205425
3039613
1150868
3022072
1969946
1919312
4272569
2368880
1776723
2660294
2364135
4134856
3147541
1737899
1728456
2082725
2684033
1935845
2058788
1782046
2058087
3135149
4028364
2179629
1836593
3604997
1770368
1725588
1062394
2486881
3078877
2315558
4321070
788979
2249387
3074108
3220698
2535650
2799357
958098
2354378
3823798
1199955
4499311
2958102
4387937
1895605
2629595
821785
2544136
4843520
2469345
2209202
2682795
3493411
2164997
2574090
3405760
1709022
1115199
2129143
2304622
2731892
1895604
1695382
2331169
2599450
806325
915210
4985596
943415
4255312
1067513
2667421
1655981
2933746
3149030
4143861
104229
1852572
1955170
1895602
1069949
1860991
2396057
4992898
1704794
795627
3171632
2914646
2444148
4316941
1435459
2791233
2169301
4298815
2496721
2126752
2185824
3509293
2512990
1353828
1353480
1075001
2750832
1489207
880496
1385964
4186244
2201460
3310074
2282512
1845585
2663986
1226524
2568117
1942812
4124528
4321803
769590
1405991
2660646
2274013
2974590
4189841
2556199
1029562
674324
1782795
2659368
2633231
1893461
2495792
1846270
2496720
1756897
2223077
3019409
3273140
3708195
3010986
1732533
2518847
1609180
1208664
1844622
3764179
2097898
1124313
3833439
1028733
2241580
1793625
683970
2587226
1565884
930249
1903809
2725403
1808605
1214421
1912276
1861487
4217258
675734
3071358
2987243
2046445
1890412
804164
4698084
1021579
2338610
4049497
2798374
1746492
1462224
1760666
2825148
3006996
3119369
1221602
1846275
3579281
1911308
3206007
3509524
2197401
1410549
2059822
2410264
2599504
1828400
2677019
1551135
3595734
1886839
1031991
1476606
1997307
1344602
2237466
3729849
1746902
2383590
3001532
1649842
2514739
2570594
3018109
784369
1097891
614323
2097882
2078195
1975370
3582938
4095499
2367340
1952177
3626128
4682959
1836354
1384053
2995944
1763013
1831435
2622787
1783812
3093269
1843589
1949106
1782802
1157868
888383
3301849
1400414
4529255
2731921
4985511
4856302
2273031
4528380
4425879
2404778
2025393
1786515
3863485
308917
1842675
1319547
550235
3388689
1172819
2565674
2200809
3145415
1848985
2245774
1492911
660593
2551887
722844
1826438
3823402
2779000
3976192
1895606
2164601
2128030
3057801
1801734
2064453
2050696
2333525
1095855
1706210
1681634
2149131
4520249
4415495
839947
1831032
2989057
1656727
2294643
905745
1004823
1582287
2361328
1041727
1969005
1174838
3963421
4571865
1918978
1882794
1890062
1738018
807074
1556336
555797
1943864
2118443
2710948
2467121
2532278
1736571
2674297
1871842
1836484
2336310
2149446
4321781
4199237
1531547
1274573
1838427
2523668
2496646
1620144
1076862
1804553
831241
1514653
2443190
1827616
1554312
2824441
801303
3967023
4203275
2238810
3313094
1413257
4001454
2949285
1951188
1537566
1321823
1162425
1621319
2659911
2142744
3320563
2608130
2547084
2379656
1844417
978026
1029307
1809151
3460680
1954587
1166448
776951
2038190
4198445
4681130
2245783
1569904
878369
3145600
4493700
2834042
1546350
2609731
1055147
2235465
1126915
2331367
2502889
990527
1289755
4197563
3547468
791274
1236211
2639521
3746239
1968283
2298847
2139556
2569254
2495251
783860
2045979
790355
1200272
828242
816600
3283445
1047919
777303
2275674
3637960
1544629
2246465
1899100
1046339
1923476
3256660
3645144
967546
3977191
3756314
2132924
3813152
722596
1595191
992106
2406120
910147
1609602
611931
2102287
1827558
4985768
2097992
2222862
1619564
1142669
3215934
2199220
495538
2741910
2132119
221777
2457519
1391282
2553777
845391
2295882
1358299
1137448
1302554
3078717
2439848
2106248
4860510
1177545
2063893
2133576
969686
2020385
2463764
2101986
2061192
2296022
2141415
2556724
1451282
1396342
1226609
1402392
1380717
881313
1361255
1785750
1574868
2346624
3773772
2332963
2410945
2740274
1618980
2184680
1692260
1970829
3520227
2842256
1977960
1008079
1056202
3782929
2826252
3040791
4925156
3890723
4987241
978213
2844963
2514777
1345676
3700543
1975954
3997772
1697643
1691921
880587
1265017
2869070
2651771
4134502
1586754
767203
1351114
2022201
1646193
622407
2677188
3313127
1728259
2460779
995563
1655728
3340195
1187393
3590290
4276792
3438148
1802970
175783
1862525
3379344
2622415
2036903
1582902
1561529
3773045
2898419
4390731
385544
1941004
4108340
3284709
3624213
3369861
701018
4448167
1869933
3497649
1946834
2445438
1211828
2222880
3309764
4028775
2166311
2397591
1107102
879062
3365585
2419371
617825
1224754
2502692
2483555
1796309
3181311
1414928
1142884
3236099
3199701
1942546
133938
2341682
2100940
196977
2330574
1164084
2489378
1810154
131891
2075268
3594959
140665
1222063
1692395
2314855
1679789
2218881
2317907
3238282
2242173
2869875
2514909
1640805
2229349
1627157
1843481
2396159
1733305
4549062
1643106
2240404
655679
1839599
1232752
1251181
3345193
3926229
3513159
2362339
1514898
3350946
2125723
983102
2988681
412288
879061
3583414
1053233
728870
1710926
1494828
2034983
1785659
121836
3680348
1670874
791636
1401984
2083676
1260832
3572698
2521259
1016169
1416839
2646589
2623831
1420671
1454845
2574259
1053232
726381
1134237
4390203
286615
3114483
3333745
3500105
3323078
3081319
4255750
3097451
3155137
1618424
2146365
2516387
1319335
3834534
552068
1981733
2203621
1010596
1163521
2299512
1013839
1473830
4007262
1732802
1926301
544419
4108343
4506376
3166325
2173775
3073983
2303916
2786980
1487797
2839767
1180037
2042323
4443830
1258579
1612465
4157042
3331424
816327
2574880
1594009
262189
1231850
435350
4215957
246599
2504695
1527747
4372575
3006997
989244
2992705
2325387
929999
2505956
1208035
2462759
2287891
2782024
1786086
1828562
2300083
3238236
2918249
4009923
2546607
1556943
2274874
3760364
2234162
1350227
1162433
1983358
262034
4189842
2364004
3578634
775624
2021776
1398110
2056844
670892
96142
1712377
735021
2268730
1531196
752980
3869560
2363298
3697682
5128127
1270965
2095310
2042856
4134503
3203707
2585550
2004799
2808296
733764
1524183
2097124
2701054
973278
2796126
1914037
3518450
3023414
1345670
4796915
2293450
429989
1575160
479812
95583
2254470
4001453
664265
1724319
3970325
2458212
679943
1895607
2679998
2777337
2281045
222278
2321562
1111047
701254
1844239
2613046
2641365
3229091
2484994
1464219
1419243
1892257
2066867
3760479
3104522
1278874
930307
1728493
2777604
2971241
2963216
126645
4180630
833432
2622988
1168174
2764026
2184521
2161305
1431582
1701775
4484078
2156842
1468472
2254752
1313029
3443974
1783725
3322526
2433734
229695
2070079
1474795
315
2674872
1233778
969314
3592622
1332018
1219705
3319395
855762
3217551
3433462
3136646
2414822
2136294
3396147
3569579
4078836
2106925
591347
2809623
3737266
1529799
4693106
1728019
1102101
2352180
2134823
3707950
1872562
1540515
416971
1477910
4174539
3875538
1128531
3311346
3564083
1883681
1296370
2107577
231825
118068
889228
2600081
4610114
860921
2479479
1944412
1892253
1312375
3034593
4754028
17909
2252249
3262862
2176922
2719326
3446204
539749
2679663
846726
2941385
1154509
3812912
2648002
1383338
1158474
3305970
3885386
1240783
2152330
21010
3153708
1053729
1602969
1518125
4156714
2642164
4753330
561335
2564395
4303783
1926958
2596789
3141635
3591213
1859153
683825
1578253
3437664
206567
2757259
3795342
4519913
869310
3582418
1970600
2054965
2388297
3669775
1981142
1786255
932223
2117909
488470
2223259
1672204
26547
1302583
3229024
62373
161787
942356
3217677
678461
2153775
3275681
939749
2057057
992437
3650854
1631588
3037642
2237579
1768264
1627148
2078916
1660820
378781
3680721
722238
1010879
4415585
1581973
2158670
2085694
1408449
3377514
2169428
1535588
4351425
2479006
3089375
2165744
49101
4712362
1915340
1754266
2035761
2503284
1787848
1589931
2156318
4291608
1451703
3717906
663725
1507125
2287350
2640834
2753891
3707952
3718868
1013786
2211141
2149716
764082
3577374
1006822
3854743
3933105
465548
3816334
768454
1700588
1464221
3897459
2870806
3640197
3706935
1738136
2559938
1732601
1439336
875324
1702971
862088
756423
2597020
2563946
1902818
39076
2935152
1110532
1399651
1841188
1709121
524776
1228840
2208790
1890216
2717433
5035509
2507884
900957
3967773
4009220
339055
673275
19467
3050529
1083817
1768802
663819
1644670
4059151
2573493
1820817
1859223
633993
144026
407788
2722432
2735748
2715815
3841003
4085207
2008748
2813660
4059156
1654883
2264767
2352279
40017
3700073
4352925
1909554
1043348
1019006
1817464
1181761
1186901
1281115
2853913
1909555
4017088
3688687
3514302
2709014
4402935
3041193
4295242
2844779
1952037
2657557
4090665
1039511
3046849
4029683
3056420
1901537
784791
28068
4157223
4048208
1839305
1100091
2034895
917062
3499015
1170505
175782
1270000
1438231
2137969
4874327
1665638
924759
1636879
888621
1231072
2737141
737100
891757
991733
1261879
1027692
4111778
462736
4027058
3121361
4528224
4048545
1622205
3305281
3912664
1410548
3034391
3352759
2102291
2854062
1092234
4480795
4172057
2668755
3064687
2667802
1100071
87570
2124919
2731312
1897316
3236428
252836
994568
3409202
1545707
2753127
1286241
161902
4833604
3765522
4422793
1850585
2044338
3216902
2035370
3633025
2004892
4345352
1754659
895997
4047519
2842174
2176046
2710014
4047799
2742940
2014387
1722791
176280
2284893
1522505
3041566
2986935
1112356
1601788
3298591
3963274
2285713
4113616
2726346
983609
4415097
1509693
2737173
1855195
2803688
630731
2075545
2256378
3553569
1852605
1915798
126807
1985719
1924570
890955
3707946
1415582
4886194
1125866
2651888
1472242
4090448
4129169
3320061
4884868
1500740
1829728
56337
2535968
3656603
1572100
3578631
511046
3266252
4146222
924414
2781571
2630685
3121730
2519704
58064
1898692
3784428
1074894
2116146
2324387
4001404
2559639
1243117
3542856
3152325
1995061
1992818
4790484
690461
4529409
837604
602917
4093243
3085497
1960286
4174332
1941208
2208111
1954858
3444967
4029682
3774858
5050894
3101174
1137879
1231400
3567527
718643
4610112
3885119
3144568
1623706
2610039
2901666
2068688
3648544
1187302
2415080
995932
2789992
1294402
4054015
1025210
4048501
3854204
254656
1288341
3531783
4323073
2835408
1861656
3132824
2276210
4047804
1125642
3945419
1371599
1600465
3578050
3306465
1623025
29844
1294709
4010086
2545604
2269279
3484856
1791893
4689249
2554676
2943265
1782215
1674139
2203188
4479098
4214499
2246659
2203212
880761
4845231
1629635
2060305
4225030
1764213
3862594
1592916
4021332
3564221
Total scores: 1381
Average score: 290028.85
SSH: 10, SH: 58, SS: 6, S: 132, A: 755, B: 239, C: 157, D: 24
