2331169
2327211
1828400
1838426
2233600
1989203
2623533
1997307
1856755
2641556
2177486
2459764
3018109
1199955
133938
3254875
326864
1746492
2354378
2118540
2803459
881123
2535773
960875
1518125
1706210
2240526
1860169
2412400
783860
2496720
2078712
904715
1157868
1589931
1657723
2677494
1743930
690982
2622787
791274
1692260
1849580
2368489
2555112
1498774
1804553
1966638
3020230
1944778
2835408
2813781
2233205
2567564
2512991
2524882
817929
1861487
2318901
1718183
977770
1625858
1409923
1324042
2493793
2315558
2485595
2520687
2226203
536847
2249059
658127
1220272
2841428
2652057
2791233
252238
1031991
1494828
2533715
1115737
2257346
1528015
2793738
3089375
1834598
2239445
894744
915210
2377917
1029307
2133119
1946834
1721284
784369
2146365
2941386
1021579
2496646
2763312
2079597
2229349
1172819
1636104
1777584
1610723
806325
1565265
1436185
2282512
1600415
525278
1862506
3082337
1845874
2341609
1182613
2025205
1377957
2298221
2018512
1915416
2728951
898597
2699190
2170785
3108587
633993
2590221
839947
1601880
2112992
2398210
2624227
2471173
1175599
807074
1099807
3207042
1934624
880321
2012300
2234808
1569153
2635571
1126915
2138577
2034862
1233607
1551135
2026764
2143044
2834369
2197801
1943817
762207
2948446
2725403
2156318
974352
2116544
2730082
2639521
2660097
1315479
422328
1035677
776295
1092516
3316980
902888
1561529
1968148
2039845
2113851
339795
2646080
2463770
2710948
3374669
1695388
3020314
2198933
2051817
1584614
2252249
2231443
1258579
2139417
1187354
555797
963885
1113332
3040791
2577893
2133726
1721369
2285188
816327
2257746
1122874
2661426
473210
2596847
1567645
996930
2898085
1025210
2692423
2574880
1075001
970048
2535968
1879176
2132924
2624022
3229091
2506721
2962227
2192825
2061247
927754
1820170
1932489
1155294
1126352
2989004
1732802
1597247
2132119
1186227
1321823
2632763
683970
723000
2294643
1353480
1948937
1302567
2798816
1053232
341891
1672641
1201899
2682332
2394336
845378
1529189
833432
1562317
3299464
1175902
416971
3229058
2193838
1314186
3142708
1148769
2449729
1850655
2084319
1450182
2380030
2831036
3890723
1757416
1419801
1627860
1029255
2594030
970163
2516229
2719302
1763938
1761422
2142921
2317079
1723257
1679799
2494157
1968674
1025677
2367179
1107970
547598
3192005
1092870
1846898
3098371
2164997
1862525
1219647
1695379
2143344
2111505
2256458
2853674
2244060
2150380
533630
1257855
1509693
1520788
2324126
674324
1614477
1540892
2370477
3154777
2610039
2269544
1520445
1894658
3014841
901854
1690244
999064
1655332
1457148
2580981
2624041
1774124
1040980
862338
767280
2127653
2455505
1298998
2553777
2420339
1635233
2489835
1671176
1353936
3144118
1636722
1417920
2045979
2642164
2165773
2552046
2471384
2056945
674933
3088665
2643204
791811
2156420
2141415
1460331
2881619
1093078
2813145
3322521
2235465
2399207
1433024
896753
2321854
1851537
773398
1102712
2640882
1193468
2013012
2223338
2220106
2816027
2478754
3133842
2182924
1145119
1034570
1406011
1139535
1114721
1398110
192508
2696829
2844075
1393084
1372951
2777517
2301163
350132
463136
2981278
2179420
2228961
2719462
2583616
1084742
2547196
2063931
877765
1876060
1009197
3180981
2560387
129407
1294882
1803572
2375390
2538500
2689713
2654506
2553242
2069833
1746840
1137449
1551874
1179747
1566634
2274252
2324161
1627926
1861434
1539723
2068688
2958956
3624614
3108159
2613136
2191785
1527960
2200510
869973
3792133
1754395
1624249
356164
1768374
1358299
2680271
1770626
3089392
1141084
765525
844103
2740330
3322093
2736127
3276444
1131747
2323381
786636
1897802
1598696
1312984
2439848
1903676
1709121
2247622
2595648
468997
3222697
2074136
2299178
2107837
2760507
983102
2084629
3481587
1632690
3081743
1771656
2082447
3136057
1882468
1977960
1749360
1863228
725718
2625674
2257657
1955867
2799489
2632448
2142341
2185879
2485993
1056202
1843086
1249325
2355792
2238053
2097562
2547134
2183215
1943786
1010596
1815397
3333745
1628403
1609721
817623
2219880
1399834
677938
2394790
1939270
1939637
523376
1083583
1679283
2770287
2147615
2413749
2293429
992389
3322513
2266069
1712598
2195728
2678820
1605533
2346860
2336319
2035617
1433306
1300906
3108533
2404833
2759007
3408392
1722406
1871128
2961551
1523119
1855356
1861656
1879899
1412805
2060635
2220546
2070598
1429457
2417917
1039881
3199701
2340789
2122535
221777
3322736
2708952
2465053
1022959
2153557
2287891
1579914
1623173
1847043
1977950
3218863
2019880
3338875
1314987
1889232
111680
1380717
2159525
2959921
1770552
2132928
1813910
2040486
2897138
1794985
2343490
3602784
2060199
2473466
1350562
1193128
743896
2391463
1706996
1740993
2970030
3333661
2652420
2011555
2111383
3205317
2705258
2046351
2574259
2545234
2564769
1788379
1774031
2451494
2808550
2567141
1525241
2940865
1785185
2176920
2586574
2035756
3871800
1978996
3071477
1748667
801557
2559639
1918015
917176
2333529
3344151
2020385
1539319
683825
1483815
1208919
1940885
2259810
827488
945157
3168048
2597311
1878931
2386177
1018238
589671
2284947
2398423
1869619
2332178
1843481
316588
2593243
1294402
2938227
1564607
766891
2552930
2475433
2240404
1226973
994310
2221441
2902384
2996940
1752368
1264457
1927666
2036467
724471
1232225
2397583
1644000
973046
1625870
2341738
1187353
1083458
2605902
2449759
839711
1960286
3534950
1961106
2065883
1990369
2348349
2870245
2104881
2327247
992437
2711521
555420
2324154
611931
2430265
2196289
1224619
2747492
2432498
1786958
1809151
2623831
2530840
1146443
2364768
1425112
2801254
1516650
1459311
1434564
3173440
3081766
1670874
2267413
2739265
2663151
2517071
1439240
3688650
1740092
2206954
2657705
2459210
1966762
2651874
2236734
2229689
1514799
2395689
2089486
2689434
2365714
455547
1396342
894090
1225765
3705726
1343383
1782389
1083470
3396707
2205657
1059305
1653225
1200272
1128411
2112385
3345795
2042935
2293290
1984256
1849703
3239382
1280585
3242265
1023091
2217039
1231850
2202181
1728216
1628302
1772214
1484886
1121909
2625175
2058088
2664322
3069073
2582733
2144017
1839789
897279
2271474
1480798
1831051
1955829
1117799
1839701
1454845
986939
2073076
1707719
2103267
1814107
1946662
687624
1760374
3873990
3108004
2409988
1230854
2643109
3160036
2160548
2132775
1488838
1500772
1932206
2983325
1606977
2453042
2218537
1176493
2265858
2201524
1905993
2455742
288163
1556943
3216836
1907310
1678973
2083104
1103732
1534949
246397
1785659
2363972
2330076
2264207
836269
1060078
1095566
3204087
1971171
2785316
1132818
2135519
1139440
3142496
1159096
552068
1503731
2099761
3349095
1107381
1988048
1854558
1403900
1993172
1154100
2445198
1127840
1951034
3087146
805029
888383
3922369
1655730
1840736
1567435
871193
240488
658961
1694787
1603550
1909963
1294744
2699135
1477241
3219812
830322
2313419
800923
2062625
2335253
755124
975418
514597
2055425
1700432
677903
2101986
1482285
1455320
1566064
2148514
1985210
3169279
2184124
660248
882812
2290041
2330574
1749822
2624225
2160410
1173001
745360
4104866
2193487
131891
1914037
1401984
3395094
821785
1647864
2345637
2384921
2628834
925409
2258368
2254752
2115738
295915
455312
1959449
1285839
2130516
1623883
2371670
2309694
2130903
2770225
2311599
1856597
1730658
3523993
1890973
1921069
2726709
2399543
2050696
2651796
1505448
1585979
1843663
2149886
668662
1714350
1749418
588599
2839767
2341602
2986935
1756927
2326935
2311891
992563
2199470
1611606
2433360
2026790
351189
1063867
1166969
1180080
1970040
2153775
2290441
3182280
1922293
2207269
2332462
1331610
1076706
2022704
2411157
2520633
2659858
1932597
1403907
1332018
3129448
1186951
2135261
2825417
1945754
3136646
2906211
1938957
2256387
1676851
2361362
2613712
1245003
1494341
1149471
965524
1843575
2034284
2276652
2272299
2680247
3343948
2210863
2121609
2012009
2845557
1185249
986491
1171316
1740944
2321257
2324484
2578464
2329587
2651490
1743349
1404982
1253352
1719019
1521299
2659837
1897317
1343517
2097855
2143996
1843244
1762037
1654883
2050230
1040424
3200714
1351114
3851585
1783010
2449313
2488915
2855075
3340068
1252859
1619721
786379
1309336
889529
1637011
1725906
1805910
2099172
2961573
1774821
2161036
2651798
3440631
1354990
1716034
1573997
1765081
863563
2404675
1438953
2113754
3263131
1299008
1891907
976190
2070999
1872563
2127254
1542373
2066838
2178107
1679794
425761
2365948
378781
2009432
3302156
962880
1515687
2146011
1842523
2556238
2864040
1469136
3020221
1670009
3073499
1593674
1730657
1578505
2501766
1804279
3735441
1895699
1472242
494818
2315633
1043169
2061192
1350134
2313561
2513756
2341586
2643111
2511380
1426038
1777067
1938201
1378892
1407861
131564
2148623
1787848
3331635
2296022
1609215
1909993
1616500
2169301
3197008
1444063
297115
1505029
2623955
1969171
3647584
3929904
1291225
2240666
1346404
2155617
1731655
853779
2348896
1896862
1967216
1737326
1315117
2445621
727204
1770156
2994932
1260007
2219809
1347486
1565501
2722432
2004342
3299359
2022477
1578322
174604
2080676
1464448
2309545
1984258
2998945
846613
1875444
1458587
2513164
2098737
276451
1252857
2202493
3209907
1607082
2705371
1910987
2468520
1456931
1345676
2625297
1865075
3146877
1854283
878369
3216888
641605
2172199
2038860
263900
2401519
3007361
2145649
1210841
3020246
1856872
1529697
2413427
1479927
662294
1804399
1682830
1960574
2096523
1991349
2903465
1779838
2878366
3580580
2222070
66246
1726039
1382561
1962157
1612281
1431540
201523
2637029
2036903
2267564
1819333
1425953
1839222
1906615
728870
3311337
1491270
1603081
1468011
2277236
1559974
2612892
1008079
1095907
1980040
2710628
1857739
2591381
1576337
1754266
1809850
1706407
1726857
1713392
2603287
1715859
3310057
2239073
1941003
1529756
1492654
1033002
1614716
3401749
1853988
1622205
2482462
3026248
2825599
1391683
793845
1529758
308917
1350927
1313635
1004823
3152398
2502101
1044694
1795090
1963977
1113263
2326754
1894825
2507690
2223393
2341682
1553265
1416954
2254470
1578784
1857880
1856998
1522511
412057
1809677
1706410
1932825
2328071
3802335
2286885
1905396
2610994
2979891
3236300
3333703
2881593
1589231
2684098
790218
1345670
2347442
380646
1512691
1906388
2165744
2898086
2036650
2360072
837567
2255524
1756964
4093595
846872
1227359
864446
161902
2543190
2396159
1529761
2276025
3792291
2060873
1464580
1897316
2369259
2011188
2962915
2158670
1033882
1157344
1715114
2514117
1533390
1985640
2164095
2156070
3802313
2124420
1274573
2249551
1412281
2797998
738980
1852605
2667186
1840498
1208664
1014943
2635238
2809623
1405991
2090744
1950438
1702072
3587688
3595879
1568003
2331037
2758299
1671244
1977469
3946691
1985415
3313094
2836542
2452860
2842174
1349312
2544647
2822239
2689672
2203226
1092234
1643106
924759
457061
3967773
2300175
663725
2048191
1013839
561335
1137448
2680248
2665747
3790613
1231400
2382798
862088
888621
1408449
2135493
2630685
2116146
2084545
680689
791264
1647659
1681634
591347
1186901
972034
1545707
2989057
1694855
2622659
1636879
1302583
1587059
883670
2775397
252836
1076862
3034396
63133
1892253
1649967
1806531
2586420
2521259
1926958
2638445
1118614
2436912
4093248
2621336
2610417
2710014
2836357
2450138
2560589
2182062
2546844
1729203
1655718
Total scores: 1390
Average score: 390461.98
SSH: 4, SH: 21, SS: 9, S: 406, A: 845, B: 85, C: 19, D: 1
