4835404
4897206
4792013
4850086
4742940
4177434
4019149
4886597
1808605
4735162
4273030
4704020
4443814
1990718
4866452
4111035
4651531
3058489
4641389
3854743
2079597
4944707
3946158
1860169
4214779
4821023
2556199
2209202
5005640
1064976
1849580
4187053
4768112
5006488
4244680
2100822
3648544
2365752
2708949
3737197
4838455
4641395
2557979
2671379
4435254
4520510
1582287
2240526
2843965
4785245
3720994
2141888
2689931
1241370
4926909
4425879
2743756
4019853
4880274
4061167
4897819
3383316
4985596
4748878
1949106
3623807
888010
4921971
3393903
5053356
1655981
2573914
2593620
658127
3773248
1279361
3267170
4704022
4419660
4791385
1754777
4583712
839627
1218337
1714882
2959945
4885549
2323911
2077121
3700073
4855807
3131107
4746232
4867167
5004968
2660294
5056369
3618502
3397388
2659368
869222
4861384
3963934
4852491
2935781
4684761
5047712
4793476
2004799
1997307
4924798
4860513
4438736
3468687
4883679
1951721
2861267
4751287
4874327
3548649
4896646
4590529
2657557
4317467
2382377
5057521
3093271
3010178
5020005
4761861
4905829
1872396
1129193
3666536
958098
2791432
4511021
3884667
4982561
3151263
1366917
2659724
4064320
4376495
4947080
4915912
2245529
3523496
4876550
1256809
675734
2545437
955737
4767042
2077119
4921665
4810017
1353480
4992898
4934542
4950775
2993974
776951
4905444
1791963
2477069
1889232
2361328
4900284
4929215
2486881
5019869
3040104
4947078
2520049
3361951
2484994
3762927
2231831
4055410
3257742
4941465
915210
2192843
4933159
4424145
1805627
1248316
1920872
2298047
3069102
4791387
1944926
2520220
4812528
4889331
1811527
1494828
764082
4925156
1932923
2069841
3975714
4859889
1860991
4793648
725718
3206402
4054997
1170505
1942387
3034770
4931085
2185824
2663986
3726990
1489207
1588369
3353695
4356464
1474795
2419085
3325848
4919168
4975261
932432
2075268
2512396
4628575
657917
4894158
4585194
1734403
2843416
2444148
3550762
2022204
1725588
2828520
4883846
2033294
2686032
4839949
2364135
2896983
1893432
2448542
1942812
4829379
4862040
1919312
3568573
908042
4913599
4641390
4917244
2632230
3586535
4518724
1537566
4652324
1626537
788979
4452319
3110728
4844447
2330482
4748879
5064384
5056370
1718671
3595734
2707826
1676639
4834695
4914702
4842367
2201145
2404778
2272898
5014951
2330357
4985768
4810225
3551549
2129143
3018109
4833931
4785069
803828
1385398
2872154
4134856
999944
1222063
1001682
1983406
917129
2699196
2518847
2437233
4734795
5022053
4829677
2097898
1695382
4303291
4883762
898597
3526561
4803734
3045622
1816243
2164997
1836593
2901666
4551189
4915914
4900540
884664
3078877
1621319
890190
1957638
5013556
3832347
1808741
768986
2059822
4143861
902259
2084862
1419243
4541862
4483205
3601629
3632631
1879954
644971
1556943
4833604
1736329
4101954
4685718
3004527
5053358
4929271
4860510
3415931
4864861
4683164
1115737
2443726
1969946
2615210
1954900
3849847
1911308
4905645
3281807
1385397
1270000
2389623
3746239
2034983
1462180
2670759
4688135
4641396
4940126
1990449
3385230
3064543
806325
1571309
1955170
4225083
905800
4857997
3780801
4657212
3655971
1097543
467689
1530057
2551888
3946327
1852572
4176938
4415744
1128411
4613873
4440053
4950776
930249
2992943
1069949
2964221
1570203
5070973
718156
1627148
2410948
2201460
2280910
1193449
2510998
1924025
4337667
3566234
1749322
4934557
795627
5086890
4641387
4772080
4844348
4521745
4858993
509510
4783641
5050894
1949715
2264767
4794241
4763026
736215
3671976
3963421
1091249
1619555
4020786
2546306
4885547
4859466
2044362
969681
665787
1784600
2245774
2222070
4786970
2331169
4403746
3579281
2564395
4947083
1917082
3405760
4904114
4905646
1221602
4838199
1826438
894090
3242187
2237466
4022517
4939632
3903219
4491026
2316176
3683363
335628
4277533
4188767
2143181
4792613
1377957
4722420
1476606
1892257
954692
3043732
2552046
4722415
1836484
4914436
4705585
4290199
4337668
1783968
2471173
2502889
4912905
5008487
4791394
1610746
4039338
985141
2423610
3927904
2468866
4803733
550235
574471
3738294
2044366
2797918
4793647
1678956
4061593
3970329
1030374
2780924
5052145
2322515
1909554
1579673
3808645
2599450
4392936
3930006
3257738
2164274
1601387
845378
1860433
1964153
3843126
1793625
2460779
1029562
2306594
4118682
2197401
3721237
1079133
2874408
2732387
727204
4689818
129891
3928577
2281078
2044364
4054197
4968530
1857519
1462224
648081
3299312
3745820
3919008
3708488
1770970
2663920
2028950
4855471
2902017
2557665
2511561
1571448
3708195
4921872
1948378
3003399
2315560
611753
3607697
4877481
668662
4805054
4543721
5054544
4947312
4834215
4641263
4921970
4485821
1849273
2596015
3615775
4436738
4978004
2225737
2477065
3165996
736214
721995
4796007
620789
4717166
784791
3956011
865344
1128531
784977
3307169
1907933
2686592
2168768
1056207
2466610
4665895
2034057
418762
2618934
696225
2397136
4577577
3404667
4921686
1474956
2237465
4019123
1945555
2276916
4981161
4881960
1706834
2779000
1702172
2102287
4971612
1969005
2369202
2274002
814293
2982835
4828490
4861214
3954641
2348226
552068
663992
2831362
1621068
1620144
4692989
1092364
1642274
2064221
1039511
791274
3844651
1816113
4898278
1730889
3279178
4862035
774965
2535650
2118440
4337666
3121730
1554502
1818428
4933158
2534559
3256660
3863230
3718236
4991172
1738018
2906051
1253654
3078875
1636104
622407
4795262
2201553
4867754
3725129
2200803
4270272
683970
3591067
2192665
2496721
2933746
812590
803418
4899325
2120669
5052144
2063931
1229631
1720423
1711326
2903648
1807642
1125647
4857995
2269544
1909553
1605598
2118444
4956752
1054525
2536179
2333933
988793
2151203
1029189
1956730
4880497
1162425
4359504
2586235
4421836
1949535
4803942
4567074
1600415
817929
2659870
3320563
459845
2226722
888305
1610745
1245365
1700275
4198445
714001
4618179
1726994
3815421
657916
95382
1627157
1071424
2030431
1893461
4859703
4864874
3873445
1764213
4898213
1827558
757003
2964230
1827324
2919367
1630100
2166311
2826730
5067964
3394644
2719875
3007920
4864071
2447121
4166299
4835650
47152
1341646
3902811
4452401
1759171
1062394
1947084
3998933
992106
4383860
4179858
142954
1805910
980431
1809845
2635971
1304831
1172819
2532278
1556336
4881965
4985511
386728
1501472
1645698
1431722
4874355
5058000
380646
994495
2022202
4786514
3968518
4306835
1988899
5005206
1612454
2245772
847314
1932924
1925194
861164
1351114
2546040
1849433
1893431
2081844
867747
2014469
2742959
1634933
848345
1628131
1611276
4958651
5053359
2063570
2026805
4694870
1738992
2349467
221777
4862041
4796346
252238
1141858
889729
5090866
1181761
2496720
3267169
713867
1909555
2282512
1071369
1231616
3706935
888015
547566
3105129
822651
3697093
1868446
770744
2750832
877625
2270781
2156842
4199616
786018
1846275
1102144
2615748
4791383
1045757
722844
4832134
3661706
1453152
3505066
4724072
2394645
790048
4629404
1046830
1690353
4549701
4876930
2282103
3257737
2947032
1469240
1100327
2863658
1541243
2060305
1884742
1658474
4838456
1027542
1623093
1383389
4908448
1827323
2048477
4905934
1580814
2512990
4881959
2060302
744673
4906159
4127115
2575008
970048
3933758
2037502
1262434
3042887
3607095
682053
4870537
4600688
1843086
164020
4059970
660593
4053834
150837
1732533
1612453
2331417
4808501
4870967
4551694
4699820
4883529
2732588
651744
1836274
3906726
83975
1183569
3495914
1843593
2618935
2069999
2158783
638493
1810150
990527
5012169
1032126
714175
4791386
2022201
3385971
929699
949011
2077120
199593
1563000
713442
770354
2640144
4916330
2225736
1797548
1642162
1500991
4462026
2098783
2608130
4791393
1546243
1876015
2084629
2679663
4908444
4419203
1941498
1658695
140665
1561529
2467121
4827015
1127798
839947
192508
820619
4840821
738063
4017977
2044368
1331340
877312
154853
3526170
3688094
4684351
828806
2540400
116128
2118443
1956122
3542398
1762981
3441256
4913570
1646193
915675
4476311
2654458
1969122
3752975
2162115
4784179
3768570
890467
517308
869197
1797542
4641392
5008484
657054
345189
1328177
719902
4147061
4103973
2201876
111680
4101443
2349470
2794036
628755
2455484
3899780
4143099
1820840
1685774
760488
1401254
1955242
1003944
2468865
2069969
1577478
2821003
1758872
3798823
1770215
3967920
4357157
4181770
2342066
780914
1694583
789765
880321
1527747
1874165
1009022
4640775
2116804
1320129
3204097
845391
1495498
2857369
1358299
1610994
2351797
3399989
1263997
1932649
3086013
3366850
1059388
104229
326864
2025938
922916
3870286
1558869
2040582
2129145
4693030
1262832
3057318
564188
211154
1405981
1651290
743034
1363001
1572870
4054196
572051
2023927
4415584
1074246
482147
2008553
1026666
1742937
788088
1859185
1796418
2977094
431147
3626627
1661477
1007546
2317735
834589
656337
2177594
4337202
2388297
4370623
1494341
1102147
1899511
1309256
1744286
471257
4311270
555965
1084832
973744
4915906
1962198
3236151
4365511
2854691
1846447
3859309
2406463
2102292
2406465
1510219
342543
1783813
725908
1419400
4113363
717632
1415007
2457519
1623092
4855256
126645
4690175
1495848
4277322
1119127
2607032
1917158
1210660
962959
3614314
1871842
1083052
2271070
181253
756508
1545611
1385396
1283506
1979226
664265
744672
2589997
1543159
1450273
599863
4074648
1694013
1012155
2823535
1125642
893209
4816255
1852860
978382
956502
2270137
1599266
3019409
4345053
1307320
860188
4641391
1858652
786980
1992818
4689249
1004492
3853594
2225073
1786111
712376
1765587
898576
1148052
1176410
1150882
1685634
1236582
1028733
1095854
983680
4881796
1019809
382930
765455
2041871
4722155
2719427
1034482
1031991
3038997
1783310
1220839
1885531
1988748
1074806
1796309
1010596
984019
4536514
1916880
2610039
3675152
1644535
1316758
222278
846259
807074
2769850
4045152
1570760
1783812
1631290
1538272
1809151
2626473
1093245
1742484
2606880
1682373
747855
1897577
3966233
4429012
3700543
910147
967248
1059894
1873147
863563
1357035
4641398
2800319
1344602
3489532
378781
3870266
680689
1656000
996356
1073711
821548
1569904
3920486
1509639
1068383
746738
1988753
3855961
1957429
4063846
1851299
1915794
4276778
2099567
3905645
4847096
1014241
3960114
2357806
4218569
2304139
778603
178645
1706210
2047019
3987607
1962182
1915983
2166410
4838408
4007768
936390
3022072
914578
4308532
1973410
1627860
1632673
3119830
4225030
2231466
1266406
4231852
1799638
3874766
4215279
2041972
1610022
435273
828302
1969635
1728697
798853
790218
742717
2449729
2014389
929999
4870528
616659
968742
996357
290581
871542
4202292
1150868
1650477
942418
4860190
529080
2556143
891762
749274
594963
3877102
1892789
555797
3798824
1064998
1802456
2031162
2596789
2619459
1477476
1762724
1632362
1261879
2123199
4199237
678347
1355255
3256129
4901364
276451
3056312
348605
4054198
374114
1086057
173383
1001573
4467037
3750319
4713808
1942369
641441
1829925
4246656
2742960
1527725
756448
801663
4791384
652127
4760462
3482946
2784944
1697722
351996
41034
824038
3030766
1884781
3940958
4368366
1277926
2328396
2325387
821691
154727
621703
1231420
1077686
3291179
1725369
2276915
2352543
1281383
1402367
1949083
2988681
244230
2932491
2267564
1746618
1264972
892853
1829038
1264763
2063622
2419371
1053520
2100940
3396147
2153590
4345244
4677687
2125723
785960
1269453
651552
3644156
674349
4921731
2201718
2077125
2067137
476149
762864
753445
1844417
660244
1640291
3547629
1558870
553131
2151911
3627869
63499
4851922
4933761
1873941
3078415
185842
2742956
1927666
125702
2358116
4698086
667349
3677080
915154
735833
1113246
1613232
3572698
3446914
2874944
589671
3563444
519080
2228879
364473
940378
2245771
705329
4651150
1609253
1985735
514516
1512177
2095310
3635192
4063073
483375
820944
514824
900866
1008444
1870911
1059079
2276210
5025529
2628955
50892
3834534
1897567
2097124
4334051
737100
859207
2152330
3968196
1491209
974422
4393036
1709627
1685633
1936759
161787
3135008
4828570
841630
2078712
959426
4615083
2249059
1370180
1555610
201522
3834561
1512691
507728
2053796
147327
4423554
3040755
828940
1480224
1956123
3111067
1708557
2351162
2913269
593823
1675837
1911335
881123
1897628
3917456
3011287
3238236
3017372
975276
943399
937019
3209690
2956882
3474632
2794531
1028954
887095
784971
193436
5010080
4266652
1768177
2520045
1153240
746736
381251
4065511
235470
1676342
2071921
4827014
2453247
4007262
3814428
1705675
3959261
3057801
959119
667685
975025
2410947
176960
916150
3334672
2880178
2156323
3361072
3922628
3520227
2328751
752560
1809440
4054203
4845432
1949675
3982549
3637960
69405
905745
2389303
3779038
4819984
673736
792989
952620
825308
648359
465548
727636
794779
308593
832691
4845231
2270763
660249
3462557
4803756
2150733
2173072
668879
1796164
1282380
1972662
2844963
4607972
2590758
3969635
2118445
2885483
3990930
3732514
1408519
4914437
2357612
871154
2151200
1571863
1276291
1973474
1657612
209990
385544
671750
2587226
2794850
1554602
949888
1608414
1035901
58063
658387
1033154
4639931
1710926
1005548
4838407
3173795
4249183
1677107
2223338
378126
1078177
1986949
2991730
1572868
902873
857252
4791388
4616709
1262435
931126
3772513
4054201
1102760
858558
2271240
4834921
781124
862994
1107995
715074
1729805
973229
2245581
1396152
737025
2328389
3879524
2682465
1074427
2045979
688942
2152153
991670
966034
1698745
4189842
2245775
1318195
1587909
4859315
229180
2624331
1843653
1157868
1053519
1718672
2026764
1829131
21010
43423
4499311
3792332
2540399
688886
4288226
3370338
1911346
1838165
1649064
896580
1564926
633379
1649990
3270303
1264070
2341601
4236676
1256485
736213
492543
2067141
1647371
3241746
2283638
741853
1425091
2288176
3584736
4761895
2367340
713818
4049497
1609741
676512
2406462
1391413
924446
452044
1854034
1529799
242948
1255789
1367152
1011648
1226609
4215338
5066679
2640146
4641399
2277711
4839039
892780
3028781
5095812
5050870
1474641
1633499
3533716
1420861
591347
1373950
1934828
1018869
1257855
457833
627687
1571507
3447585
2454006
1103552
541676
1420671
1481624
1431005
999724
3578886
1760798
608923
3667132
1948941
983355
1005036
64780
1385399
1848743
2795810
1556636
1742403
4881932
4852494
2777604
1846237
3699733
4087988
3874871
962800
1289534
1743443
3392273
2658327
1350927
3513146
4706384
2368769
176280
285708
2903032
5007068
3023414
909032
1693575
834587
1009021
1678000
4719420
4353816
2229795
1770197
2333514
1256532
722238
1758874
2125715
781370
2306588
538214
749998
1051486
4809580
386140
54564
505109
128718
2354761
2168737
963261
2729594
1016092
4757408
1289155
2443188
2742961
3173880
593441
1770620
4570591
827932
2125399
1188172
555113
1621175
568565
801054
1385964
3093274
982600
2245786
417897
2514739
1565351
2304142
4007099
4868754
4859859
2507141
2589292
1484989
2258980
407314
2232319
207659
877655
711305
728001
2245787
1636127
132013
2325912
783249
1678502
1927665
796012
700546
966200
3907769
1126510
743688
1025919
139821
3442761
3404946
1062037
2225448
1836302
1083054
522936
932223
946136
4921600
595105
1655728
1136506
4402860
603797
909391
1863931
1838663
1696087
4157223
1142884
1102145
417884
863541
1256136
1946044
4359835
457257
1821081
1545612
33394
1730658
2384193
2060304
1845585
713935
2719334
893469
3085497
3932009
4847542
3959376
4014382
875149
780917
385548
2315562
948490
182759
2923019
574187
766602
759638
647685
724015
1043348
3667849
983692
895077
1065224
1208035
823197
784974
1729807
1963209
4422926
239265
4886923
3606982
4791391
1898518
2799357
1065884
1037184
3956417
512455
1411984
1015113
200670
211395
163054
2791233
818772
941147
1425095
3926567
3394512
1905293
1185260
1071565
744241
746737
3509524
2791096
763167
4693029
3495322
820004
3104339
172456
1256373
3019859
997650
828065
2677019
3338157
4999937
999566
4736984
569636
107410
693288
110175
2286338
889632
966307
2523668
176339
1988434
4856302
792410
2475310
2254470
785982
486513
1013310
4238418
4677333
3437612
1017975
369921
366241
1017602
446612
733753
3508931
2361008
2245767
976889
4140160
1150597
959407
1074249
131564
4939631
894169
1988750
2245785
2238072
1119026
871027
2512991
727637
672594
4862995
4641397
3383612
3746773
514518
2049457
4415495
1846226
838030
1826587
4082691
899534
903280
2476968
2223259
2106248
2042846
4605501
1159678
726335
1283710
1114721
125838
904866
620103
4853789
908059
1690124
166485
3544716
3117154
2800923
831035
3679590
1041682
3517426
4172054
682966
2061330
997648
4860512
128935
1623883
1949730
1980907
4470172
36344
1948943
827802
4638742
659439
2283635
2443190
5078406
786979
1627345
144182
2042856
4116266
853779
4720294
1381994
645847
274319
432913
3172604
324707
1530642
177162
4834702
1539911
3549173
838063
3697747
2556347
3462322
3465365
1911334
108326
2629594
5108773
1645699
3552451
3793506
665565
1973475
3793505
5064527
187228
1036393
1608726
2731892
4881934
1401861
1635980
3515770
554956
2987108
2921013
2335151
4684394
1281115
5021195
1487797
631031
2248253
1911333
3557474
4779013
2263835
4860508
1829998
206157
4418212
2332941
406970
4852517
2004425
1649842
4906012
3968194
4074058
2328400
3100794
2677188
1861487
4932815
4197563
4922668
783412
612705
3311376
2562794
3623520
496143
878311
1989318
1681634
745087
1410548
3885402
2108468
933538
240571
2042845
972658
3257740
129694
1524103
1607736
1266405
4134579
3223466
4199377
1962676
1517062
1942546
3483462
916628
3798091
3975545
2268730
1289422
4562027
620107
1827412
4090447
1322507
891250
5047713
4722377
4482177
3020314
2868674
1101624
2118442
1263036
1097510
1005744
828243
999786
887531
1215688
3676680
234412
4124528
1929514
3135149
2211019
220231
1425727
1985150
4269663
1897317
2308666
4366225
3014105
1899100
894744
2048026
2657558
4334857
987947
786867
813164
1673729
1047758
1784089
1372142
4763025
3099024
3499973
1182462
2295882
3674037
131891
669141
2921554
4474008
1294402
4852514
1034889
3100786
3939705
1983122
1448059
988621
3912664
2779001
858659
490063
3638672
2613334
4133809
2651889
804963
2046445
3579611
487384
2918249
1762937
1399651
4422806
2330574
1102148
3411854
3911995
3613647
2291305
986610
1267571
968220
2050696
1771721
3514241
3050529
3908671
950150
728870
1262335
2708983
1990348
863922
1763222
2431516
3926807
1262010
945358
3666371
2352279
4415585
4690966
3298591
3497288
69129
4054200
1321510
1199955
3320181
2951013
1149925
2836542
4189841
5007164
4304541
514773
1116977
4978005
1559974
3508372
2332088
507099
4131123
900379
656129
555291
4266651
3360782
2161305
1589931
2283639
623699
1787848
546409
1670009
4552004
3211660
3549213
1211828
1765069
5016093
1754266
1296370
2529041
66246
4482732
3912663
1840640
4287878
422328
2036650
839569
4820704
3940504
3982732
1946834
4871837
983896
3607872
1345676
1313029
2128030
3967023
1986093
2870806
2579665
2875979
4694276
2333525
4480795
3054701
1013839
3125070
4733327
4942836
674553
2261700
1831435
2132928
4999303
2376713
4852496
1995061
2367232
1297325
4692990
3920071
1701996
4623148
4289740
831241
4253102
3690510
2809623
3542643
3215934
4078185
3911766
4956704
4867544
4841213
4052458
3438148
2038186
4552002
2624022
958044
1521481
1902624
1451703
4357158
4573108
4186244
1944412
4715827
1115820
4750846
4931401
4416187
2247622
2754130
4009925
2677189
2610994
4483822
3899964
4493700
1324201
3301849
1048622
4085207
4708805
4172057
2123284
4787127
3731761
1021579
862088
2846620
1736085
2479479
1226524
3960265
3313127
1047919
3020221
2521259
178506
3493411
1302608
4155614
385599
4886194
2108648
2937933
3446204
2240223
3564083
4645077
3428226
4794413
2245782
4182613
3907765
3415914
1261691
1636879
3711420
4471261
2889676
663725
2455483
2867068
3987562
4556153
1262271
4049302
3479103
679131
1817464
4975976
2601508
1702971
2710948
544419
4862037
3885119
3834249
1075797
837567
3747453
2933892
4415583
978213
1518125
2559287
4302884
1333681
4469976
1103732
2623831
4998680
3592622
2668755
3076104
2109120
3499015
2986935
4411233
4127421
2324729
3650854
2281045
4872636
3950769
5013749
4528224
5066991
924759
4033196
2168419
4360374
1768802
3352759
3138563
1705327
2650738
2450838
1563135
196977
733755
4876749
2277236
3573970
4581701
4131039
1616415
1296610
828242
878369
415479
3941047
4915910
1124313
1870068
4780611
4790484
1846270
4987241
58064
1134237
777074
2250760
2354752
4059151
4029403
872821
2200809
2843304
2200806
2236260
4867761
2004892
2726346
1448060
4027058
722237
3700995
106965
3602497
2897724
63321
4111778
3542856
4862625
3688968
3104522
3873990
2365714
4754115
4550417
2774742
2778437
4682959
1941208
4866873
1872563
3678730
4796915
2124420
4643871
3220153
3881564
2813660
3377514
4848820
3995173
4771467
4108340
1728019
4862036
3333745
4664151
1429457
1592916
3470687
2586420
2496318
2630685
3074108
1059842
4605810
1294709
4983568
135370
1672165
2958102
53822
3876086
1897316
3654498
4027428
4905792
4675618
1881884
3480138
3980676
2677191
4754031
2958956
4048501
904132
2781571
2752284
1475722
2660646
2132924
3963274
4804609
4321780
4895740
1713228
4833488
4591775
4243833
4243238
4397592
4716427
1587059
2483555
3122902
2187211
3119369
3591213
4867758
4840034
846105
3874133
3973054
2816117
3041566
2253900
3782929
2758027
4393670
4605483
3707958
4884240
4303461
Total scores: 2657
Average score: 252386.62
SSH: 165, SH: 635, SS: 3, S: 21, A: 1522, B: 234, C: 67, D: 10
