4742940
4803756
4838606
2708949
4754217
1989203
4795498
2496720
112922
4248544
2496646
1353480
2282512
4838655
129891
4641402
4641395
4193382
3018109
806325
1949106
2596314
4791798
4381212
83975
1754777
1079133
2774812
2079597
1241370
1620144
1354319
1860169
745360
111680
3928577
156352
3385971
4127115
2587891
4470043
1142960
4337667
2437233
1882794
2137200
2569254
1242427
1529189
958098
1279361
4064320
4109500
658127
1840687
1730218
19916
1886838
845378
3582790
18580
1655981
1895602
1475620
36547
248501
1816113
2546040
3854743
2240526
259703
869222
1157868
187791
60089
101115
2285281
4042905
2012300
2054965
2172320
4722420
2238881
2304259
769590
1943817
4118682
4036202
3526561
196977
2618935
4631972
3998821
3902731
4343206
2202119
974352
3970329
3967922
3845728
2477069
3030980
4880909
1469240
63804
3111877
2184545
3798824
3385967
4448192
2635971
27993
4507842
2831663
2143572
4796264
1804553
2026764
4335406
4633043
2666261
3080936
779179
2620607
4318971
3849847
121836
3787453
2249059
1573918
4748878
670881
1783725
89171
4012020
26381
19647
3699633
2448542
2533237
2609730
250926
4558321
2316176
154595
1181761
3881559
1762724
168666
1886274
2449791
3131107
1805627
1229705
4833931
791274
2327792
366758
3121101
4184016
1125665
1289675
1631047
660593
3998826
18170
592113
649184
20534
2264767
3326367
2039845
4137259
1705675
3351879
633993
3915644
1029562
4225699
1029307
70527
4287468
2076212
1809845
3358722
3259779
2925728
3644967
3378490
2223964
5062269
4433904
890190
776951
2023927
4788170
2567186
18831
64558
2872154
2517705
94694
2791869
4491995
1781722
2245783
4184990
75463
1621206
1551135
2569731
2118443
4415495
1658362
4722627
4618857
45607
1895606
5138690
3938307
4579629
18894
108297
555797
1843591
2032868
4156443
3046773
21921
2654775
1628131
2044183
404823
1936870
1941717
2069841
2282067
4864114
3034573
42793
185182
4231852
4836714
3726966
799916
3665005
4657212
1754205
2189687
2683647
1389880
124738
2926264
4750163
2554945
3447361
4463244
1512177
40017
715094
2178147
19015
19558
98852
1860767
1396152
2061985
65246
1648055
2782887
72585
429800
3933758
2615210
1436138
1644535
4557269
1655728
3689081
2461086
4762173
2700108
71080
19753
3699632
24636
172662
3699654
256819
4077071
2102289
1714821
47857
4314665
4832395
4694795
3206402
2589997
149388
3082637
1690355
59778
3705535
2208203
2831036
1487821
2479779
2238009
4607206
3877905
171622
181253
3654729
38821
4641389
4681872
1480394
3771428
163017
1200520
2258463
1886617
1836593
4415584
16701
3470871
140665
4157011
25530
4052456
38007
4858700
4684394
3806652
113003
2850936
2358493
3018077
2449792
3247467
1028733
3203938
4573951
789765
4754152
4651236
3631228
397864
4059970
4704234
2026805
1759594
4256040
3882484
4638742
4639927
2322466
1829927
45546
4225181
2798016
2060893
2328680
12250
1476242
205645
120461
4651235
2959550
4461463
66820
4431564
3091280
4574920
4324012
2814386
2058788
899552
4634932
2189162
1064909
2095310
4139325
2778998
3375272
1253252
3256307
3205692
4300886
58451
164020
1610745
3635447
4598035
2058789
2077121
787307
4715431
831443
1642274
926644
115352
3669609
1927541
4163649
2055296
4722416
82597
9007
3885119
37249
23149
118068
609627
4454920
52507
4549701
2964222
2187014
4117500
2551698
1353828
109528
5098633
4290147
4419203
2245860
176006
2207069
3735332
2224110
3806792
2153942
160106
1843595
4323959
4313601
2627421
3507715
2564395
725920
4190347
1612453
2567535
358618
2648218
4535765
4573334
2548684
4722624
75899
33736
3903921
44644
2578113
19481
83740
4595541
2633812
3632631
4810271
40001
4984833
9904
3467890
43671
30613
4103552
4633041
1699423
4024173
2570165
2039543
1888617
1001682
4231930
253318
67476
3859586
2464479
3362456
675734
1112521
31761
3574659
20932
2654458
2025942
4278847
66246
38426
3173892
30407
3971358
76856
4103672
2458423
2937261
2575380
3385966
53018
41320
3510044
53627
1260593
894744
2501851
2477261
103297
2450629
1762728
41646
40234
4575772
3723374
1282380
3830916
1754013
3765706
2030843
3551511
77596
47152
4572841
344
112643
4666886
4630407
1848250
61898
3615659
400441
1843589
3513962
3448530
52822
172612
4104651
4705585
1391282
61385
4808999
3606082
2155550
4618597
734081
1218337
2363298
46696
4576491
28578
1653225
4573410
4595542
1770623
727998
4425879
3644557
10463
3340629
2420320
61843
4004562
26060
1659421
2842445
4580740
3666300
4658163
1873147
2145832
24870
4575774
3526395
152185
175397
4835181
3026427
3945608
932223
17672
3638947
1529758
2661970
63325
30386
52741
2496721
3708712
3919008
3040107
1115668
14330
1986783
4618859
3699635
30254
161787
3221890
48071
4583688
3419504
1943670
2570115
58606
1438917
3342309
896753
1945175
95583
1682464
1601387
1952012
30232
38971
86522
4596998
550235
2615748
30100
2245774
3238820
4265739
4634905
2097898
3409202
73004
1610994
2014469
4168943
18345
2129145
4440790
4023577
1147
3724825
1988748
3554307
4380918
1141858
1605598
28654
2165271
2502643
3530788
1969946
2508969
1610022
66336
139446
3943756
27715
4618860
4722626
4398852
3491569
4455406
2512751
4681871
1214691
16722
1764213
2407572
4415583
3616119
4715504
3387840
3744296
4142693
4381851
283705
29368
4028237
117215
132414
3564152
4612127
1733039
3963421
1480208
2149446
3347663
4607211
4215263
4819750
161703
3476709
4069594
1843594
930297
699
72201
1701404
2420321
5062506
4832815
131423
1260398
2377917
17268
2248577
1517402
2441886
23541
11527
3479911
2054768
20567
4777711
59875
6690
2044368
3604531
1626300
2533018
1627148
127171
1352046
116999
18971
4132605
1918978
2836353
1911346
3206
1848803
552068
4157748
99378
20118
2477825
3950221
43358
4421555
1420669
1082783
4323958
1385215
104635
4275955
4914172
17459
1731253
2672667
3302836
744673
3407222
3716285
1304831
3710866
4428086
20915
870707
290756
47540
3398789
1666423
23255
4822449
21010
29433
4450705
337998
3960515
1897567
78639
3470078
1537566
19964
4432061
2197544
3114483
4379993
1292092
4014146
36067
116202
4087738
5250
4131558
4403551
4442309
128054
3025519
119578
4742
65640
70891
915154
72013
16266
45693
97976
290305
1587910
10801
18346
118879
23745
3930765
76196
13350
1812145
28783
59059
81318
4646291
1546243
19276
4441553
35837
1843593
2255188
57696
2229689
4133094
31373
257882
3079877
33695
4737216
8708
1091478
2025210
1230784
90157
1284517
4256686
4443518
4106514
34843
2125408
4698786
23656
32429
3933280
4215338
1371397
2082447
1749322
3103578
328416
62906
21138
2769855
4679048
96587
3671
2139855
19556
3065170
1480395
153606
1956123
44218
2785705
3161905
1785750
41593
3043988
26102
2588481
44907
45345
33651
1797544
3668832
3655617
20019
4182784
4578054
4574499
3250615
47549
2238382
17336
179308
62084
46560
852695
242326
1410103
19828
50802
1779438
1480366
45576
4777135
23525
45923
2486606
1667803
3525078
3085269
545965
123
2721072
27801
4618856
2241579
3235421
2680248
42831
4791387
1843659
1491209
26000
4293166
59300
26191
394069
297115
330591
3148592
3946976
4324011
2505956
4457690
2519706
808848
223490
822384
3407176
116289
714001
2206615
2162549
2888919
126645
2069969
299167
3965013
1744286
1476582
19641
1252615
70388
4438356
94850
4170707
33565
3178260
23254
3683969
2436293
1515487
4607112
2357752
131147
50489
4589310
10384
31577
20305
41024
2778113
2442744
2588639
2200077
1605969
3157839
141308
31568
2759787
52858
4607209
6435
4663959
2582524
3768153
3534019
4682438
2410945
2449784
161632
2504668
19263
898106
1488
3838541
2366132
124076
3026473
3772967
21311
98275
2026320
105371
2002995
364532
4155112
13619
3315
29326
55954
2100940
3103318
6020
3647055
29000
95202
1634984
19593
2072398
4658073
2444151
3852957
1800249
27849
4666176
30255
4502
4637845
79189
5065566
66609
2132775
168315
4571896
136749
39656
8270
48047
38361
1488698
49575
4866452
2749471
1308975
67329
5175
3180981
457257
43470
56723
279032
1364075
2084350
1535729
1473301
62001
4648039
11827
1829925
1298486
701033
3732612
4213724
4552618
28622
3132677
56540
1127341
12440
1657639
1531707
178721
4041701
32956
3995016
1800994
2989003
13250
95214
2549514
63849
8572
27532
3582288
3194020
818022
34628
72598
29509
46188
2363332
729619
4082164
65943
13236
281843
2327247
2911496
1712005
3675450
97036
25580
3229223
18420
74514
173796
1579914
108681
306198
983692
33468
1854139
22759
99379
2302615
92071
3003709
4080021
88386
4060642
39028
2163449
2715484
4377671
2780323
25013
1094709
3340682
24550
2422469
42244
4224117
4002516
284084
2344817
154727
995563
4044863
1264972
383192
2598720
103566
41900
63242
4573950
52752
229180
3743137
2411069
4737121
38143
31146
42843
33698
22266
1820257
2067473
3625076
3724667
22082
3456643
1720423
3793758
383195
17908
3950082
1570203
3470799
60078
3488826
2805962
2889139
66514
72892
18150
4944
4733930
35614
22985
85325
777074
95420
57110
46289
3893513
51013
4894264
35312
4646290
146235
3287485
4580739
4414107
4748879
4415614
65046
3987938
2521210
611751
3954641
18419
2410948
3286509
3103322
26547
74354
33486
20488
1142206
460487
1980365
921856
74806
76329
4018275
33257
33711
2182726
2245773
3635478
16316
16198
50550
4574315
18778
2689562
82711
4646292
4396
71067
26640
3475227
15800
1842852
40635
81398
80031
3963082
1909296
4347211
23244
3848610
59394
816627
34312
2884019
4323106
2226083
54062
4003655
4573333
3354278
3289443
9806
2112902
4749657
20420
98923
4576397
77009
31716
954692
3519492
3254369
4663596
4437381
18152
11095
3412022
69065
79538
335052
38498
134551
2290176
118164
56386
20325
19559
2824165
4323806
3471922
128283
4058652
42654
75351
73078
3921974
4476734
24471
2779000
1992818
57372
75293
46827
44477
876677
3626627
46769
850744
918041
6861
58877
53666
128718
24800
13630
34858
42776
20566
27253
29117
60116
4330117
4072246
2773184
73350
41221
3730261
2933355
2229334
3971543
1962416
3932248
2595326
2476090
1756905
4749655
2210406
4418212
3888610
4574497
2224208
797329
4777616
4102132
4533668
29137
2611482
2434035
23150
768459
1150686
917369
2939821
4783689
66662
3386973
18754
2849790
5251
5161
16364
4575773
66596
20396
75266
48531
3779552
1264763
70305
1295194
3984456
29050
4577178
172616
2349467
20604
92456
32336
117839
43587
29270
19381
2442591
2928429
2378072
49020
3087285
2250747
24438
2321980
2217739
1541288
38048
4313254
4143861
180111
1005957
1623892
17390
100591
3188000
1587909
1126236
63841
123430
1524581
17963
44850
2316133
449199
6589
2514777
4597001
369475
4060265
2348878
92978
91495
57016
3605633
40034
19466
85326
72175
19363
44121
1386449
3130927
5089
22682
3090379
19465
2156323
2346578
2604746
1099468
3940958
3669201
32394
62011
2017880
4099450
3805646
47812
27047
817200
1892411
2710420
3489031
50625
1742625
31572
531093
21862
3932009
34281
31780
24998
36367
4834695
25081
196773
2191545
74020
12064
3216684
11082
54131
525278
1319432
1775887
59299
511715
3551549
651326
33577
59826
2464094
10880
24289
2075222
4131547
5011547
4075
2514776
315
4610951
120015
37318
99481
29908
3457998
3286201
969686
4769505
9903
20736
1962676
114568
2029046
19017
2223259
2405446
39590
3347203
102950
11240
176339
5061
4572969
62979
69151
4628598
1088700
1843621
741851
3413806
77387
4596377
291458
18838
2099567
4618858
62589
71898
3578237
17251
203
15372
1888239
8295
18866
56487
1701923
4307278
16612
41909
18568
239931
1711830
3941666
541430
24482
5482
531640
21886
3578886
124226
19773
24048
2357761
32308
25586
1062873
27856
10385
3068403
134596
3507926
2814385
4579571
2564751
2090356
4332595
4876676
28967
2461085
889529
100683
3453185
4741
3989578
3827220
4509854
20614
4650477
4226962
2518844
2357751
4574496
15625
3598607
3098550
89795
1486576
824242
2404837
29327
1119026
1706494
4088487
20422
21114
119626
60588
60308
6771
85758
4872636
1420671
80654
19328
4528240
32261
4351691
30814
108212
12206
910147
97923
4394287
4583400
4727793
50597
4575776
35674
4861021
4413934
3325170
955346
3140221
3327871
132973
4137488
1909555
668988
2596018
18236
27857
2426783
4098146
39941
2549677
3666700
49226
3678468
2799395
20843
19232
29704
4066812
4269
137351
4333491
1890605
20841
4583689
1263789
4501
3789
1770621
252238
1891
3746239
24200
3557183
5100
82282
305948
79272
2869874
99254
3835538
1649108
19326
103281
295
4484026
4370623
155557
10910
60990
23811
2470867
4008
23086
4310133
110792
3629
3889354
94533
19498
21295
26276
40203
4023580
26889
522633
4633330
3421152
18833
21306
3190
17419
2778653
35139
122936
4644253
6471
40185
21368
11052
24402
75030
19803
28050
4030156
72352
4722258
17909
7573
1180209
4438003
28065
8170
3779038
2129147
2701875
2191234
33156
47232
2118445
25427
2570594
136655
5035975
13425
27855
19138
22553
2904
9821
322
2223856
47826
235838
1895607
1989563
342711
17022
3242759
1869933
733550
3262018
4722418
3716283
50604
1046830
2063029
57327
123051
3889983
738679
1626556
3173043
1492011
3814958
764292
2245767
12251
72813
3108227
9910
23697
2462293
4678142
66828
3137
4173836
611753
4115643
589969
43912
3470079
358615
234
66605
87569
4507472
36965
21329
19557
19307
18813
1924025
114346
328
352395
1707138
7717
16186
154665
95213
2338753
4596652
4623128
115228
97782
1660682
16315
788979
38231
94849
296
24964
35210
2343975
3613766
5412
40429
23262
793934
1937647
1270538
3444922
19054
2881612
72591
12464
2134194
1797549
2608679
65441
4189842
27093
1590814
4775853
17502
2294753
343
328098
10462
4791380
18044
4174218
45785
2196412
32000
1867096
106217
3540699
1736354
3404717
30524
22970
4125651
1829038
74305
17671
1462348
22022
917872
15611
1995244
17295
422328
2054534
41159
9892
4392429
84129
107118
75
47749
102352
955
4638673
4860513
1666250
4616520
162662
2391532
2419515
27934
2518847
30810
104614
28003
17786
19206
4595540
44188
4844999
20708
4808112
26235
2374464
4031530
1688177
6783
4163479
18781
31259
1645698
37972
4075719
18801
389653
7716
50712
888010
2060729
3863332
2200216
8250
2874944
80914
111706
3098962
2355149
1047256
1662269
122618
2158783
20545
1746994
4576394
19987
28112
734
29884
19497
19520
4676926
4003656
33002
3552423
1844417
24546
640101
17503
4276158
3478479
4021975
560539
3725635
2518845
3109552
28615
22854
3774854
38781
345601
185138
45626
3513964
2782107
18226
2107577
4610664
4265213
1394
2287891
3205
3173896
53356
4589308
258
3136657
2131813
43559
74661
31313
3716284
138041
3465898
59559
30214
4419264
3804668
1244426
4837064
2643263
1892791
4118393
1473302
3585402
1857124
18311
16197
35413
1123758
4573332
11051
1289864
95808
42193
8541
2530448
22435
5021195
128055
2687455
2684855
2683901
1017973
4706679
85414
8498
1127507
62886
84571
3602592
18951
180337
34274
97
58984
21621
13213
1786111
4141288
4572146
10761
117015
3513269
33603
2342108
2482032
31828
4685633
68057
18924
4289393
2798538
4749656
17043
10760
3571454
12945
3387766
10724
1897145
2682795
4885549
29931
2836548
37350
1154438
803704
2328396
4260424
27611
4576396
13017
1849580
4454783
3677
41884
2427953
2895438
4017655
2701767
23467
20983
10745
73889
4837629
21180
18826
5088
19918
88286
3793289
21017
893696
4663597
30078
26360
18227
133641
15795
1811527
1941021
31722
4638674
22782
4231914
1823983
1173114
1413439
2745
19231
2190855
2224018
2228335
1289705
12450
2015472
3276535
27917
2484994
2684917
1570668
2105630
1451836
2460424
20542
60276
3807309
4794834
2239476
2974590
4425089
2965359
42572
19008
34559
10544
10487
157135
2532641
37379
5615
147
1893461
37714
56207
4049597
8243
1531708
2727036
4825989
2163137
1612454
3924819
20012
1027542
4034811
19656
4578691
4419204
2184660
111256
140127
9805
20598
4093658
1142205
82476
672348
3309941
22910
4638395
87707
705091
17233
119
2222887
36875
7609
29244
3669628
2674297
4518955
280
2417248
452186
1485947
3532436
138544
501107
19003
1603705
3324860
3447287
3322757
1800762
2340898
3436834
3108228
15536
1846447
29449
4338196
2150518
120539
18720
11517
918087
2791789
20115
23142
4300735
1576912
3842
5593
209155
4850878
1730868
91494
4504
62432
4858698
43674
2419547
19014
3956418
133281
2584895
5038283
1866737
26558
1612472
1602888
4572762
1535728
26788
1981128
2478227
237576
5207
4576395
18909
154233
4363277
2037382
86918
19771
4051744
105221
3517292
2749473
22098
4749659
1888397
2266773
1965540
15610
60620
33504
3453184
896474
761802
18650
2667
3914882
319
40206
6862
79168
1616500
41941
17558
3357878
116128
68677
83017
6538
23752
124
9631
1878684
172615
3207058
2939867
13986
1269453
33606
47952
11103
20535
39623
20382
4788670
31178
1269564
1776627
1846226
25605
221
3288034
170188
34123
2254832
2394291
26385
18577
3690638
20528
3702794
1305272
18665
2478408
4225083
2063323
765018
29808
4613769
112555
4602691
3752
2624904
19565
28652
19483
3950795
18928
3337398
33782
3701912
1850585
3768533
11639
14650
84801
1184133
3563499
87057
8242
4595544
4607208
1194389
3952352
3765
2472
58485
4375019
260022
6013
118196
8675
2597056
2787426
52862
54206
3081444
1088
3007202
22466
2203621
1089
54212
2533642
111302
4160587
40296
2002
41158
37181
4666206
81742
1714819
28623
2221396
14516
73720
314
2486805
1292113
1970401
13246
11151
4066845
19958
263900
17231
1021579
3476213
2278930
19625
181299
2482
41511
10846
5481
19909
2863988
2956595
4380552
3369478
4618846
919
3385856
17545
3586376
4457228
19327
4271582
726335
1483481
3862018
4595543
15630
2465106
18734
29934
3663151
3358916
82145
130320
1068383
3042887
152277
47970
2245768
5614
3996270
1085755
4011849
144490
4528267
29404
4836719
2165396
53025
2014389
4145287
927819
1573205
9827
147907
38269
1474947
2258687
7901
2054967
3743375
2551700
9891
4589309
21253
2865731
46725
2228784
4139017
81580
172613
93524
3562704
19482
4610090
10679
1839492
4507468
39296
1221541
1897577
2105997
4858699
18930
24203
12249
4576687
1828342
100769
35894
4130075
89547
2076209
30664
13426
126525
13019
2259415
7574
20369
1509285
3667951
231917
880761
4589623
8294
4682752
4050102
4333490
3782
17727
10189
3903922
3465282
23407
32505
1601
3809641
3820907
4589314
19986
14093
2205086
665129
5377
31199
19522
1319431
19581
6695
1226524
19723
4600795
26037
2679146
4074059
2897995
3625
41360
28286
4762714
4260952
2505367
18066
15819
1860433
44249
14219
26108
1814768
3171845
4382617
4346501
663819
3378073
100882
10177
20674
4295268
37920
19879
915210
173183
179425
4663598
25908
3553225
17294
3189
3409480
896915
18353
16565
13762
26646
1950559
3667989
2063164
1107104
63115
4796026
113126
3874766
17917
4579627
162068
3821597
2294750
2609731
4823473
1457177
7604
171767
18380
3735218
2864366
73982
615
13264
698
80721
1909493
24513
1705327
3322616
5004342
110791
929532
4427385
2238522
18717
426
1844036
3995406
3454615
2442923
1941018
4986289
172617
2054966
42372
3537
1714151
18312
133376
17452
4246358
3875112
33362
10188
2720302
2649584
1829722
64048
2523311
2089279
2049457
1534
4744309
58200
2260859
3793291
2096051
4611483
3809950
2267377
4557111
3684331
105761
10815
3216140
3805840
90690
119885
4276896
930424
4650478
7715
17267
15631
2194422
17779
419190
144284
2654073
2793840
3930321
4180001
3340497
53303
2786148
3552688
139115
3007980
1404802
114398
4573503
4280033
2609733
870066
3099616
3509524
2596015
19544
123435
62804
3301729
7038
1417972
4684398
93927
46083
116526
988
4093623
15370
1967177
1226609
3905944
2229119
4425088
21948
108957
2849156
3199983
3475335
2869497
4083275
8241
980
2197658
3168378
2168425
3243378
116264
912808
4574921
62643
4218608
4476097
4876673
21833
4121042
23148
26221
17639
21817
188
2574090
10814
3036233
4713889
1216640
3903917
2897563
45308
3987367
4534559
3524881
19757
3488
75275
193
2947493
15820
1075039
20538
3037224
3240095
43973
3555555
3839
4455047
612
2227300
2245775
11239
1783726
3606253
589671
43600
16265
51065
3155671
486709
2939818
1804279
84996
17141
2462422
3684868
4520
1118258
20114
1762729
3395913
10847
3790
3951081
19513
3956417
3554367
2756225
19555
2410946
20541
211776
4516599
3152
4835180
4331387
44104
416164
1042794
697
1063867
7657
4576499
1756906
2072405
4414870
2405209
819944
18286
5908
47218
1717725
4589311
3564271
4316316
2259921
19165
36282
228701
12897
89223
3602591
3358914
4412270
26139
20531
4509052
7959
3523847
2631918
9634
2671885
88895
3852
3400712
4637569
2788540
44122
20537
15197
1843596
4074
36658
3628
939743
26406
4704
4522591
1705616
33923
4600487
4602934
17925
10486
4366043
46874
2216531
24774
4238734
79762
1938077
66663
13629
5087
20536
150521
5062318
2156326
1965731
131891
331
914
3747390
4575775
3990
3988
660244
19852
330
4227000
34372
2911
1672
2965853
3704987
1906313
3616238
1572
857416
3208605
2828404
5332
2504697
2423810
1906302
17714
4741804
710727
2276963
13761
20540
3618668
3360015
3877398
7160
2905897
19967
1004511
1843244
354
6704
679242
2678864
18944
3934
4777136
3597185
7878
4836717
4050754
79553
5059
5900
2448571
10799
4148889
2024425
3884
101523
41735
2315393
1223770
133282
1718671
19272
735045
35188
2135495
24324
13114
1962161
19371
18607
47356
4757621
4553990
4555316
4660618
37088
18162
989
1370427
2108044
40030
166143
4153835
715092
2232410
2043
4354787
3141426
2177028
2569175
4080029
4574498
19309
24492
29311
59962
12505
32187
2209138
5087881
2030431
3997419
70760
3906438
4327292
4218579
154835
4796025
5099
4596668
85185
2780445
2245772
3973089
4499724
29093
19675
4090764
4218546
896934
2292051
7623
3934746
1562308
100
1072132
77606
3695745
12896
3412146
4799818
2867791
5635
2769851
21504
16331
4131537
351
106214
24593
8282
3366131
4843731
17137
16611
6588
24118
12870
365401
73865
2124885
1948209
3174919
2149886
18565
2862746
3163133
3398046
2010902
2948465
2233039
4552617
3595734
2140171
3840818
58063
1682893
7608
24487
4647063
504124
3903918
3952261
123177
455935
305
1911078
4416233
3989
4653572
19910
78336
19172
27721
3408977
44499
60234
1882338
7575
957
11091
295986
1543215
1487
56883
1475861
3893512
127172
1946302
1808742
4637611
18863
9911
456
4749654
3501
2852576
1874508
80673
15535
15821
3917432
726336
1969076
33892
3731222
113395
93597
1923144
1756907
21484
18329
80044
510015
24859
4577973
728870
4149394
2834
2328679
3445237
7583
4633042
420
3205538
4463595
1784
3661948
2778999
1260950
17041
164493
2195533
1961271
4921970
134
2237467
2245776
18929
31179
298
6590
4214142
2231267
43266
4173824
1008998
17140
58663
2263834
1618411
66105
2637721
4385773
2222070
1205897
59290
1964162
4703
3905331
2670866
2523114
4011548
94062
2826252
20539
2096993
19927
2453233
1120537
3794749
1562874
3373642
4018509
22289
2666
3671172
4459528
16332
1457176
2224109
4759715
4459585
2270844
33578
3989019
170
4574047
4017654
2832
5679
74652
2590119
4631891
15351
1409
1304
21878
4713865
2392498
3572
7273
4564318
1731655
19029
2450712
8674
54
1962182
97693
2650542
3800918
311974
1258642
1023497
3713798
19042
1519064
4184505
19493
154392
21761
3933165
1420
3890826
22924
981872
1258543
3159378
2570190
4772487
59742
18274
4254134
4028991
3467498
3015637
3894233
4080237
2533119
4630
261
1911335
1980397
3471921
1008449
2260901
3524882
3439689
97653
4574495
2194138
814293
19187
15794
2270845
114702
2818157
4051823
609843
17293
78324
1434195
20530
12506
20533
22623
4111175
51222
4572759
3987562
3381344
2261823
2510517
1459804
21813
1241226
4692249
3460620
4418708
3805645
2674489
132
3951563
4441954
369474
2237466
1185472
18176
4507471
2291788
2433048
2153405
7161
3637980
66196
10543
2404966
1787870
19016
2577893
18273
3690389
40563
3328329
156140
4864427
2473353
2264343
1492010
3953989
2723405
21239
307
77477
4748704
4164648
2604
3762
2384823
3293109
4161851
4241
3400249
713867
103299
2756955
2024692
2227811
101
2928602
2149812
1290690
4003657
3705590
239
122441
3980553
26219
3952850
5060
5528
22179
22456
3461032
3050331
111254
318
3766
3725763
823873
18567
3964093
290306
316
6967
4484028
3859863
41458
16297
19691
3909616
2986511
17728
1911347
991733
3569450
18043
3576509
4205
55527
2675678
3868198
18447
2733840
4924355
2626623
1031991
18614
20529
17050
18605
2165208
9331
12063
6537
1258
18922
2246465
133974
31200
1474946
3467241
19532
17780
1624606
2766527
14412
2167402
17235
2353509
2378216
3925788
1359903
3309939
21037
1583561
3907769
977197
713442
13349
2735996
1613232
4817025
2970748
2074728
24057
271
5162
3684873
4213738
3553484
4717269
352707
1100071
6012
4132646
1571
35409
15514
3012616
2276962
2567560
1060683
38637
422580
2251195
2102445
1980398
3628359
4836718
2442120
58970
10386
4228345
4000871
102688
713935
2089609
1852146
7958
6098
28195
2448572
2109136
4094923
4279962
60142
3044342
3249148
328400
98624
3915004
20757
1911076
19854
4607210
6860
1607117
1917082
2129144
1402715
2190852
286
10176
4726
2921419
3683697
2822668
20477
3309069
3782072
4587202
42763
3817087
3453221
67260
1851366
300
1296610
18151
27110
17051
4638156
2008173
864218
1262832
1161891
121792
17542
4414065
95742
3975022
2445664
2046653
1975292
124225
9633
18780
3690640
797301
4482794
9630
3324708
3635998
45742
3568000
3787123
4336002
59412
728872
4025297
2927290
17544
1857524
24695
1561
4240
1483484
4506884
2693518
2481605
954
3534249
26571
218
66814
2292925
2223144
2263835
19354
19109
33709
18731
18874
57091
4582634
3733952
345602
3370956
4656639
2154808
1358299
2952972
20565
703905
73799
4424093
4276997
81043
2340907
16721
295985
2607091
911003
11705
3408683
67253
2945089
2039431
5333
11706
4627273
4769662
1884388
1481003
793937
616
4794536
4775855
4390315
217
3316
18611
31401
1746343
1608832
4328857
659
4876675
1643386
4832069
3652548
4355251
712
4637684
137
3057478
75362
35408
62748
23408
10485
2456535
3379489
1474956
2102290
2459359
3889353
10980
790218
14651
312
3052320
3707591
4023501
19521
2116764
3487903
1962758
2180793
2618431
933615
2754130
2908429
931908
4173823
2288350
79200
250
2906627
24577
134749
4177928
369
4287394
92324
2620077
49883
1722221
4772741
18917
20600
207
4454323
915
24781
3140597
12439
3447360
1872396
4176514
124145
40561
3156724
4576393
2603
4287395
21914
4834592
5249
1304728
2306053
5186
9804
6244
4572145
4716278
3877128
6019
57083
3960874
10746
3893515
1433
17230
4446256
3118763
17500
3758839
18701
4142694
4572881
2910
2200
20990
3822683
3398914
5909
2153404
2128326
3748199
3894234
3347202
5174
19836
3119501
11030
83162
36319
4740
294
221347
2823273
18275
1918437
17987
4226961
933105
18899
2557787
4240710
13424
26395
132733
2061024
14413
2800923
5680
2096058
20991
2057853
2156842
3773165
4641233
3289
1520670
1017
60123
232
3872812
3456888
16314
32888
8707
900307
1728216
160
3387261
418
2291692
163697
4438041
4749321
53565
56685
1696136
3420768
19227
2216998
3635446
4093640
43357
2328751
308
50545
4791491
3060384
17924
4293458
10868
1151104
4689719
1762727
1704367
224213
560538
4350411
20944
2509272
161558
4811833
1013267
78436
2130386
4251705
27537
3007979
4349753
4722415
730770
31426
4489158
8171
2058833
2687032
72922
14979
2669883
1961270
2372056
4258365
1737885
4200349
4293168
19736
3992810
19360
276847
2665
3257640
4150988
7952
3244391
3212067
271000
4271581
3297
1696207
1263036
7961
18437
3910935
2922962
87708
13334
529285
2171672
1929035
3268048
3522456
12956
7475
24428
3290
1593361
3422027
33891
399723
2742325
4429877
18830
1401
4746601
3987164
3841771
2922963
32260
4669227
3113791
10879
3523846
4388363
2197543
2014470
1597806
41736
4332517
3505988
132731
62885
3432822
2100938
1186951
3008957
1453419
2847746
21334
1082771
4020807
93402
2849485
168314
2876537
3463463
880431
5331
2619729
4842099
4668505
2014468
2187012
82402
18560
2452
4552004
2179472
104229
149361
4597046
3389989
16623
3188577
5957
4638286
2124409
1377
3987
26138
674553
19108
3623520
2262966
60917
18835
3344250
19533
3542
3362085
2928428
2409
4653698
925
2656861
13333
3563097
398
11293
2009509
460486
19492
18854
106248
3443734
4579628
4531982
22971
149160
4840659
4419241
254
3989083
76456
1492008
651333
3348823
130
3279668
2650781
2876871
2239508
4064327
3379488
12463
2769648
2353315
3959375
27523
20710
297378
287
204
3534704
1387802
50882
21799
7900
3963137
17042
4175127
2994538
95497
2233247
365
3174613
1655721
100592
1562306
120
5034
2834725
18818
18604
123050
1856556
1473304
2014391
21454
156905
2523541
4225030
2455816
4116308
1516698
9826
2993225
3103577
2041171
1782
152
148097
3933988
4062091
2058787
4634026
3345195
4008624
4634
3534706
4526700
2102292
4097153
107875
14466
3844610
2290826
1847539
4457597
1593847
1738018
3401730
695823
4115120
3136057
1843597
3724824
1770620
11704
19550
1866734
17136
3822824
627
2371773
913
171
3058966
3442333
20350
4600713
20771
50148
59301
3726379
2229083
3987726
1099470
3784
32977
1162425
19969
3913513
30570
4572760
2319256
4007430
59948
2600169
4378949
1907092
3622020
4725
4423828
2197248
1567
3453155
19606
4650479
2645395
350
17418
81317
21305
1904
3445167
4672
4178
3654033
5592
4634624
18719
134595
3400
3544716
33556
2138831
792410
1588396
3996494
1947
338
26526
2006239
4131546
4035505
10845
2121171
30160
1991555
2769652
83362
4296934
1460058
3683699
3820288
3932010
3959697
141812
132413
1141084
18955
3517
3513963
5047721
4796874
1966451
584317
18561
2156324
95889
19710
3651015
3676
5169
2624908
3215003
17417
1004492
1354178
2864367
18723
2739669
28803
19977
19339
4065815
4328992
3746081
2550137
3429169
1744
3962022
3188331
923724
2187013
2454321
2257337
4607207
156836
7624
28787
90692
1529804
3568001
10819
127170
18903
80401
1082768
10722
18776
3907887
2207046
11150
131564
3687920
3889
3395910
311975
2097426
4280622
36657
4691
224416
1410105
16330
211775
41910
24004
4690
73780
668
4788
2196161
2206954
2660217
25960
421
2868550
4526116
8733
18180
86585
389077
460488
959
290
3941664
1427
3500253
1020
4403715
18122
3934744
19537
1781
4634626
11516
3544873
2259355
3148626
20967
76638
1221602
18834
26605
3846744
819282
23224
3952264
18451
28216
3983528
18954
4380155
25014
2721526
101808
2204380
11432
4634775
2522356
19601
8673
19776
1857605
21210
5566
6200
18612
3860788
2881962
4747
3017087
4697980
15609
2744
3440631
2133726
2173002
4634621
3296020
1946044
4500
18149
1350927
238
4634627
1002298
142772
2838093
32175
1897151
3082946
6470
20113
22718
4171366
3199769
1961323
2199
3520
457274
225356
1380295
20564
2860913
18379
20071
4717268
4571189
999726
4010
42077
1410
73699
1636127
2618934
3638547
4787899
17250
8497
2578394
168695
102441
352
1173015
112600
76368
2761701
145
3545366
22265
2108061
119886
17076
4412729
1498730
21337
10813
4343895
3195549
4380987
4137847
3686767
3218611
3377399
4071949
3516418
17236
2210389
3861432
3919010
3441357
2391657
2457975
4622089
3335244
4374348
3340499
4279981
2444150
416163
1887374
2132927
3485
855867
4349998
1719454
8249
49101
136817
4612849
1522662
95215
2463614
368
2252029
2075363
19275
4085019
15534
3746228
4726316
1728493
1562
16103
3699
8540
17075
3674107
2066248
17433
4336421
1692
4176948
1566024
994
27767
4867438
47445
959007
1805884
1767046
264140
4728752
17434
71743
1626406
511246
26726
682053
735140
1762733
23431
1036388
3288
3557184
2861729
2037383
2790278
55
1961517
4457596
4171830
918415
2307722
16104
18344
13609
126
3953144
20205
4251615
118436
2438447
1539079
21209
19978
1886839
3628345
91523
2873301
4023578
80759
4573952
1393
2508899
4442306
2112259
814266
3074715
1947432
1304814
2292884
3760868
3865714
72300
3633813
3963081
3767369
214772
4864482
22164
18559
4237482
17985
132061
713818
72756
2241053
1570183
96564
110175
3722809
1843592
3838012
3474465
15371
4946
1911786
23143
3523
976078
6928
20658
1269801
774965
4354836
2105347
3965039
20303
3207
3304885
1385211
3635192
4846899
2922661
2481
3921760
2944823
3045702
2406539
18606
3044284
5413
2038
3426471
3348824
764293
83417
2105995
1859185
135465
3471420
1530
3407629
1343292
97424
4708081
3893511
107035
3748120
18418
199699
3729470
12789
1754868
10758
10383
3564151
20890
4771947
543433
1254
19527
3158457
4129460
4840247
29696
1745946
20737
2336375
116205
4572761
10909
18123
15369
3474192
5004968
3228666
18896
4440499
3797894
4686846
4876677
2005910
4781626
8732
2856086
5901
4577176
13628
355
18667
110681
3413490
3670
87340
172619
280804
96871
2451
1864769
2048477
18512
1533
2836441
3967415
3516385
18310
3081015
136553
2743
1505569
15513
3724826
1517403
4107847
1396767
4050662
3713553
4288465
103270
20418
74197
2376663
141
17785
2443058
4623129
4566
284085
5613
3482887
121
95946
4706613
3422866
4769552
11094
20789
725
4270
4412721
10744
18579
10759
52845
2245777
3518
3060367
4863233
2065548
21150
3552715
336
93928
2766306
19480
2909397
93967
2114915
4345774
3781
2262964
13249
3890661
17077
4746
3652551
2431862
19635
4867582
1733764
1674532
21790
1903
4241408
21756
3976035
17986
3447758
3000577
3667639
1911799
1913179
976076
363447
3584738
100443
2650657
44271
120540
4684395
17726
2245771
6966
4378923
309
71140
4065114
2422329
79017
115315
3358915
10648
4066096
63850
4052461
30542
2139061
61868
2195527
4070037
1410548
19640
3023134
2787465
19467
2457696
22290
2268523
1131
3025516
32335
4689122
726441
3007993
18449
4415188
4422713
2112454
4684397
933484
4457135
80
3508372
1650477
30849
3566231
20381
3106850
4693485
62534
4192825
318535
4338262
8080
10848
3324610
1716795
554401
2314198
534233
82283
2349470
3899687
4589307
2020146
3662495
17916
18811
6875
3243939
3314441
1612473
89284
2892772
7603
3716286
78714
4284202
4142692
3102445
231921
7037
1163092
3187928
1695054
3508522
114693
995
1618406
2154926
6694
3163286
4275820
4905252
4361821
93968
1607413
4057
2027623
2389350
2084652
4094922
93292
19370
4011550
44706
2477065
4577972
767835
2049467
1291373
1197211
1962198
4833604
2227344
660882
334
10820
20963
112757
1027560
20091
3590885
4075440
103439
4597009
11525
3933989
4508122
3574915
2455847
1869937
1858799
14092
4921699
4096470
2330574
20613
4226903
4769683
44554
5206
9909
20103
2885272
1611009
3242403
4016364
4623251
4914176
4124553
2643144
1544629
2354779
3659107
397746
3078725
4469083
160055
4864411
2253530
138898
10817
8734
3571460
441828
19756
2521008
1330055
2237868
36641
47374
123178
2045060
85558
3452444
1964685
3699634
4219575
2291161
1409266
4783216
1120184
844103
1087
141916
2086311
3500
3443733
4032179
3801698
2201380
1776935
1961024
425761
4749658
1968
3713442
4046565
3452426
2452561
1506387
19518
26800
2455338
3288033
2254289
855975
57282
333
4615088
10723
5007015
4792547
12062
1288860
23663
3990666
229722
7272
3950072
685140
5480
3118359
1253047
18450
3792294
3510512
4907508
14467
237156
97934
12895
2166311
2181000
3536969
3081403
2747094
2513513
1776976
5434
3206251
3119690
3283790
1099380
3591554
81499
2116763
4301582
17229
2226813
113374
4660315
3531783
4776781
4078584
3173894
4142198
888656
36732
27291
731679
4574889
1865037
2218462
4015407
4805054
103669
3765196
99176
3387321
1618822
3899778
689314
2453952
335433
1843242
3442212
18919
1473299
341
2327069
4363276
56603
681621
3521
323
19200
3831
1123922
5638
33170
42036
1911027
84128
150894
18513
1991372
4782290
28368
2521245
1922439
3356546
2586235
4307406
4157765
3460214
1824018
3118764
2047630
4395
1119043
123827
3218464
3213671
1926301
2208337
1523740
90220
1716386
4641078
4717838
3024625
3921694
4253170
15608
2241691
3841
2097616
4168408
3602277
1525893
3598905
4704217
2098534
3632256
828242
1628055
4604211
178706
150518
1419712
2064388
2129181
123811
21141
1271476
89933
3689509
23412
40223
92401
52861
140441
20428
14978
3529173
3856622
3627366
1588443
181384
4836720
4555887
4469422
3524883
1845874
24401
19917
4325374
4753289
4507473
4443021
2149818
1887137
20049
22622
4470271
1362
74225
1797548
1853235
3208546
1718647
278
3507925
94558
1414654
20112
236295
2239507
272
3668424
19662
1603810
3506373
4465879
1843653
4204
19530
3520057
4495932
3651385
3885926
2333514
117721
10818
1603957
73983
2243074
4189841
19043
114621
3765222
2471
1972417
2505634
329
3314681
3998824
21256
4193219
4497244
492543
3603269
1879423
4051751
1483
7159
4162386
136583
1905180
2982826
2623454
38601
2777736
3684884
2285947
4009925
3875443
2540249
88285
4000245
144887
87689
4552669
2896355
310
3247194
23279
1271864
2266081
3963529
89041
46876
18992
3917433
917217
2581632
11526
3045027
959407
3800953
67346
921252
36535
1447689
2483792
17139
2472790
4404576
4442172
4409337
2391185
45835
3830917
2245784
2143533
32215
19646
1120752
1936869
2611467
96391
3130253
4692251
3498352
4147126
17548
57665
9629
19479
4428723
2011535
1433626
156426
19626
2710682
882092
1483485
370
1405981
2458424
2178533
1457175
837017
18967
764517
4921155
3218188
1769418
922384
4257499
19118
119982
148083
27485
2248980
38497
86193
28885
348
979231
1020279
10677
23595
1918413
2176307
4607040
4184714
2008175
2227447
13235
671412
3334497
2224112
2247478
43031
3418265
5890
2326725
3730354
4757625
2194972
19080
1784089
61001
3905332
3589215
3710297
3564015
1379834
2008410
4635995
347
20486
4134053
5889
718295
901854
24201
4618861
123831
18790
3641944
4074102
1735518
119416
55759
4597340
12207
4810612
10816
4438771
95
2222861
4085196
2302135
3964372
2856013
3655961
1166448
2495789
1611187
1828346
1560
19538
1146
132841
103076
3473878
111738
2757049
2197068
89114
3659911
2190854
14329
17266
2419369
2355170
903974
4776121
2629256
11638
3949684
3849043
16717
3859585
2437365
2806464
2313861
2041
700980
1370107
3775012
3008141
1522511
111751
812211
43423
4832394
2655718
1291658
1562305
233
3960170
2320400
3326410
124736
2151959
4457136
2417533
80402
501968
4576561
3786630
25620
3964749
3426496
19722
4610668
1839381
2670810
3915316
1536956
3473446
3068406
4018317
2245787
659450
2696974
2769848
3684855
44575
19842
1936871
3779337
2714828
1039538
1985430
234880
19028
4070154
4030171
1980559
19013
3602937
1621242
4175129
4569096
93293
726999
13263
494711
3456889
16102
3573
1648954
4182387
2047632
1117
46832
713
2047628
3942613
132730
3645795
428
20442
1373950
234560
2328400
1592913
4708805
283
84800
1821081
3351752
2833172
2328398
2907922
100604
4113327
4598579
25262
72923
1853285
31471
4210562
940
2709587
114813
4548247
2089610
3889356
4353950
1730178
2918249
98728
3850
22772
1596960
425
4379060
1312156
4135921
3894236
106249
6859
3423797
3684040
1714822
1065865
1091249
2541331
1721554
14414
339391
3989018
1839379
1361
1690616
3554381
17031
1805758
2442121
4177278
14649
2245781
2422330
486796
3450747
4798513
3973090
2060302
1291655
3532350
2424764
3968042
2583793
4005661
53669
1253
1566512
4019381
75797
1943424
9823
58324
3472753
4783688
2020602
4644146
2491561
19021
19449
3141731
419
20042
660634
3399999
2442834
15624
4638840
97531
5678
3703092
3623727
2170757
2270947
4571090
4412720
17040
92051
3376788
3060385
19881
27531
1129683
20734
3860787
148182
21113
452185
3007981
3849
1174060
7622
144
1628056
72238
967941
1848456
1769122
15822
28797
20212
80398
3705524
31011
3604532
82477
4769703
1409614
4635
1829878
3765743
6587
685235
3741866
4787906
53304
18953
1621637
11149
2827108
1044
3325274
3033806
20074
988680
6011
19985
115604
154719
21577
3758840
1756904
3465091
3199350
2454741
4837581
56046
3104788
4485528
4188984
48582
4238903
3959695
2627213
3654731
2780015
17501
4685871
1008448
981
1614513
560540
255
192835
3068820
3742585
724
3860033
74426
87218
1658695
13245
3128069
18272
653274
1671
3555
335
242
105759
1344395
3804395
17907
2065547
3483015
3999259
3398043
2320228
4802234
20930
1901565
4648307
227017
3379490
1223313
4519471
1210037
20596
4682215
3554
1895004
614
1045
3732324
1985907
4409898
1534975
2977095
1640342
2361192
2050085
2223734
3896245
658
4464622
2616454
2588365
1855
18913
860552
7621
4328353
1351114
82572
391742
3730493
2041459
7656
932904
74727
24475
29965
291
16593
6770
32194
1828343
17638
3810430
2019310
67836
45447
3794719
380646
2008408
4652208
17858
2525002
2513006
1255
3474076
44490
2743395
793936
288
18235
19826
1826148
4589622
11826
1625191
1629
3598906
4378373
3959114
2650849
3588056
19851
18682
2237471
20054
901194
34045
27522
1803653
3000578
3990881
18907
19380
4437237
1223690
1531315
4602742
4381677
6433
62887
268445
13935
81592
19543
13018
103442
2119981
4572180
20454
3000579
3762984
3507927
4783765
1403103
4144025
2778149
4637490
4455731
3590026
2721528
7879
39311
2171678
3647953
4706263
2329801
2008176
1142207
20349
10175
4656585
4647062
1520281
3536184
4233742
3778733
128
11954
3522457
2738758
3694647
73546
19799
2775836
2164095
2749467
33503
2372876
3140220
2065552
2578600
251330
2455907
4682484
1039163
142221
1469645
3160409
3379576
123049
2050992
2679770
1103965
1968209
4244
133472
2765311
3851
3915850
4600389
3247349
2201738
4664587
1824019
4796024
41875
104615
20470
4409339
256
154838
30280
144381
4207482
1819405
1852
67764
1627255
51272
4633867
2186917
249
240574
1909548
1634
3688621
3022001
2102288
1509460
186235
2608130
4022422
1192895
12438
968087
2514221
18099
3623521
18181
1679667
38508
5907
2328399
2488407
2008409
2045616
1522625
50519
845806
1497942
3713552
50935
1288858
2479712
39194
19580
2569790
81852
4073278
4296115
7582
7714
1692248
389652
19526
1627149
3346860
4308800
1713228
3913494
3597130
958038
4876672
24844
86044
3083846
2105996
4331828
923023
4366631
9330
2074486
2444149
10461
131280
1621319
1354586
4019324
3037976
39352
3326791
18821
3838286
18952
345
19539
2254290
2911715
2229349
49387
33538
4796315
20450
2738354
2601034
8293
1666433
2320299
4432076
41737
4722628
19002
4977548
4353032
26322
3871598
148075
20307
4634631
19786
522442
3694971
3287
19302
19990
27314
2095049
19802
2551699
3721302
2454838
357801
18775
44986
19230
1980399
4924367
793353
3586330
3003791
17416
1482194
3795517
3500254
18285
18777
8281
1301671
3988861
1606045
2450081
3549206
19731
3932574
3957557
1261879
3468026
4503
4240711
1052840
3513159
1627194
1036389
20845
3057801
4572568
717959
4872676
2130481
4280623
4686090
3598907
18225
201534
172611
5230
2743215
75033
3724827
3960516
2292851
978321
190951
872885
519646
36368
4859265
3763716
872638
4528239
78304
3988468
115278
42669
9824
4450700
9820
2939819
3917434
1899697
20717
2090845
61721
17292
953582
132059
59869
4823454
1887375
4173826
1168376
771496
1473300
417
452187
15793
137059
2393046
2103139
2776356
14465
1797557
26140
2018518
1623092
2431520
4243
3125070
3934745
3506899
3261933
1420835
3741867
11029
5006488
136563
2549543
2522376
20323
19608
3285751
17637
4094449
3447362
31286
4057163
83420
4097152
4287393
114011
715093
2500693
12449
2188458
3430952
2294752
3591171
117123
4007429
20556
86
1199955
3854062
101809
4230866
15629
2328397
533654
43349
76121
1959587
1854
1718672
1053504
87879
2286137
2104262
1808750
1614054
3287767
1768240
4634331
165224
3033807
2039839
1669918
535808
12248
3155859
27254
1853234
28111
82506
19924
141487
5062345
358614
1196449
2212503
1173117
228572
1590327
19023
2245782
1988035
10678
666729
2463764
660247
3350
1451992
2934060
2760205
2395125
3990662
2027183
3553696
18615
3629621
1483482
17432
3963083
2222967
75215
2245786
17541
554239
1996753
39119
127617
4715012
20051
20395
160177
192834
25385
626
1827412
10800
9825
43852
3956416
4792035
4697982
357
3933
11102
19780
112035
227032
3284721
1770367
3749934
4036947
119517
3189401
3764
1373695
889632
4559381
26400
6201
4365892
1851
2047629
117989
723
4231846
11292
1517923
112188
1376
464588
8169
4208449
2234869
131594
175396
17049
169608
6703
4565
4369540
3399
2988681
21203
19325
163650
1056524
19674
3851855
2827164
945107
1765821
3400024
12944
221777
10867
4633039
54660
1893606
139465
3332142
71087
1405980
292
1027215
2699135
11081
1716140
20249
12447
21181
2102291
3762143
2259898
466337
5899
2248425
2465057
13348
1942313
2506628
1560104
2743207
1887504
136900
69278
15350
2688986
4157749
127169
1716732
58661
226
42844
20070
841599
2733476
4571807
2110033
23694
3375915
3586
2170029
3964952
1532
1116
2272128
14468
2226615
18766
4755428
4196159
947248
4218580
3123095
2222443
918
2792232
302679
9819
123189
3420595
55768
1808605
4564
2837715
59741
1104572
1201506
855948
13016
2281078
20812
9632
19452
18610
135437
2463868
4177402
1620271
1544734
95016
2134593
1035543
22288
2176046
5639
4380019
1721390
1890
112110
44153
19107
4166230
2004289
3398420
1592916
3704124
2171061
4648306
2073322
3708195
4634236
1700562
120244
89796
2200923
17859
174562
19012
9803
2150813
20838
13760
19173
2651414
50141
1492006
33469
1682093
24026
75104
1157931
2067602
21654
2449782
4173825
48886
277
4380988
1992737
26542
14818
727621
269218
1145
17670
2044362
72760
1980972
111791
94901
40394
4712543
18100
257
3623522
77783
18252
129875
1130
1952051
6930
22451
1288857
10382
44219
19547
2245766
134961
3206416
1628057
2109362
21606
16185
1209382
18065
26568
2022477
2938344
39390
750791
2007495
961907
41558
259
992281
54558
24282
4056
41359
28049
4769669
3429675
54625
18343
4277617
1826438
18935
2017664
4258
93951
25902
2905
133280
270
3907593
57870
4259
19336
19749
14388
20050
5098
17499
18865
3967414
19470
3172728
811623
3161546
3652547
2029
4005446
4457598
107531
4187583
23243
15796
27603
67662
10484
17135
1185311
162444
147908
5612
18765
8672
1033002
1840690
3900886
1570
2188459
16363
97577
1790866
2371397
78715
2991707
57106
2631078
120635
2470742
2224111
2455429
2238226
121304
813164
4796570
342966
4141040
2770716
17915
1128411
18511
49999
10798
134584
2245770
8571
19055
19154
4580248
3721540
3522
531688
66109
293
102351
3908026
2192665
2065551
2443187
21326
543363
24022
218436
4733327
1510355
1734543
4416
2154807
1648943
725577
114282
14648
11515
24530
376212
2507131
716870
13608
2452927
1291324
793726
2410599
2233752
4441502
61870
1151105
2809534
367
3553483
12319
17074
3543460
188289
71220
80657
18753
200341
17543
20136
2187015
95556
96870
2995372
53
2599556
17249
4242
15512
262
18923
149721
19966
2328290
34349
1961324
1061456
20788
2357914
43526
664265
18098
813754
2736177
4338263
4778000
52871
882094
349
3803084
17906
75518
1886161
228
2037
102243
19402
51147
18300
18160
15533
18718
18446
4519
21868
4448390
40375
2266572
2370465
88385
353
3951602
11238
2030
2074192
118435
2457699
44514
58546
20730
84233
28886
226605
1016
73899
8269
100529
101791
19171
28400
3893514
533597
128393
743355
1129682
92323
4881328
79324
5376
2065555
342075
10979
3400351
1827558
34789
58046
1141022
1650077
2506629
540955
1893432
1808743
17669
3617161
2162331
34688
1786250
2381541
4166299
1077954
2009432
194
673968
2333498
11090
4638543
94783
4417025
19338
4746232
905745
1160810
96
59387
3963362
20543
23708
2201449
73718
19970
170835
105368
4499
83939
3186461
20973
145362
115379
18042
17138
75900
27219
47035
4170368
80736
6929
3952263
9902
17234
56489
733
1861212
83091
26647
2107222
3317086
4019392
25158
4009
3952529
101116
45946
332
1783
105972
4517
62910
102
1319433
110621
1848830
18722
2024293
67668
2023141
4555694
735139
20745
495567
16621
4281456
1640313
1227055
18566
4702
46844
3762857
18405
33708
96793
18864
58728
148793
830196
460485
2787707
4495931
3516906
19046
3889355
18970
18856
2141084
1763222
11291
76363
3103319
2757762
3282697
94848
102949
44120
397536
2463266
4362029
153605
4577967
17435
1858034
4009924
229168
36121
2943575
2664
18991
18984
3118761
4600796
24940
1915798
47243
4814163
2502889
110613
19554
2232173
999566
4836716
2360817
73574
1843243
1770626
112756
1186096
4836715
1642267
24514
1872812
28152
19117
31553
2416429
691083
57726
19542
23360
2444025
9822
38053
21238
1726568
19594
19938
4024847
427
1967
767837
4507474
34171
114785
135791
19356
6965
759399
8240
38315
3335203
3894237
4326482
12061
2995522
666732
3699636
10878
2276960
162790
2131562
3020123
18510
83289
96067
1911333
1805885
58549
164052
453359
7960
21016
2197545
939
55958
2455505
3082746
1312253
935029
114998
4808720
1551946
12788
348704
2171674
43542
2115518
111439
56651
422
5567
86028
1383825
2042
35539
18121
92523
1985735
17232
22234
3486043
2105994
18885
1977553
148082
235
1949083
3155860
2019687
1559
2391533
19369
87058
313
24112
79399
3171160
706
20483
2939817
9628
304
80919
24587
3452431
2230876
11101
2036903
104511
2995170
1289997
3534703
35304
18832
109222
4082572
22993
57280
1273685
27973
438333
46878
44515
32183
20233
53302
3371802
495143
18436
54483
105886
1592914
3558121
19959
289
42010
17784
12504
35547
39752
46037
88283
74807
1822108
13985
2005099
19022
88656
5168
4641236
20622
2173055
2391144
3921055
237
1492012
60960
117648
19519
22405
2098143
4063094
116345
112800
29325
2360153
19634
18666
20102
672347
78204
1020493
18224
3499
1994992
1290497
1941637
137144
83035
1578946
4983318
20721
36798
27978
1150387
81850
70026
82741
1370106
5248
17265
117432
4579903
76182
2101557
4634623
712525
1131032
63848
1448835
4832938
1578837
5411
69129
151068
33890
894090
109131
53485
133
1115
78238
1648442
4600388
131216
18902
31660
57835
39378
2635266
20652
2291160
79079
25048
3138579
102241
32950
423
19496
103291
90189
56980
20792
50839
62519
26639
106695
13212
4268
82280
295984
87733
20612
2532015
2065404
85186
26367
74709
19976
899467
16720
121212
7036
17450
433005
28194
20302
7158
23231
106291
918476
53685
148096
910886
1875444
106965
345603
4641077
1882812
3173891
42202
101883
19787
3213163
16264
62403
16867
113289
3668697
625
29593
1545912
42371
76406
41734
17073
3746949
93926
2507549
2444148
2658848
54627
16313
11637
3822437
16741
82507
45384
2752284
94
2285713
2994234
1621068
21230
22923
74340
65676
1944231
2038619
123052
931493
1105826
3844305
231929
332014
514777
2823270
49348
19801
1465099
87873
274498
4563
192305
2150812
673969
554242
101395
20306
3695394
77873
318536
15818
2148540
81925
31939
1124845
3218707
119625
11089
1560105
8731
311973
11050
1801801
98730
163195
17228
346
42789
2125040
4518
1483941
4823452
60176
3184444
55364
416162
119829
112951
19052
23428
19226
725718
716268
74078
3829812
4231892
16740
250924
7572
19709
2187927
2691242
105037
2416324
2983682
3745820
9890
3918348
32337
4745
31090
79643
4011839
1540098
337
81942
144638
39308
100887
2602
65611
92882
53575
2780506
27725
80942
106360
19605
2189445
3428686
279
1492015
3591838
39391
3325954
12869
43513
3536
1155154
2272017
19838
46788
666730
20713
124144
164097
3624
902259
23296
109044
66202
1582770
940282
53791
2139546
3556
1452741
1810507
142226
2285354
3581574
129785
59288
3645793
11093
19297
1528842
73981
179875
1580950
738980
76728
1828501
157121
19358
17713
108656
1725588
2271053
2883618
3727810
110541
23432
47661
4019353
88036
19880
54914
1120750
1517401
2261351
132422
1860435
1666443
3684891
4451833
2454835
127
82574
90235
1272493
1555810
2165905
1969376
56020
2063004
310792
809356
20587
2204002
40282
76231
1197805
718834
11080
1566
230020
95176
1383149
69767
3414978
21248
34179
110158
87303
30869
269
3483832
53665
53022
91
80213
2121405
4046384
94132
88917
1481149
764296
10542
9901
8539
47486
54893
2254763
27009
3669948
120252
4620964
71757
165225
340
1632673
87706
25394
78719
82586
38270
73461
1137879
542698
5637
669
236955
90200
1348658
2636886
1592917
59499
42035
52668
2385271
525082
2495251
144026
87196
3796544
21446
18764
1099467
817855
38603
44145
10908
3791653
3062961
27040
4293167
96952
80928
1828497
57402
45900
234377
2139060
3029278
2453957
79981
3868036
81130
80764
2662547
71554
3358913
667
10757
2422331
1230783
123812
173181
8730
1027700
20380
52138
21251
106725
35284
1651290
48681
3435887
2765307
86442
20850
6689
2130337
95426
75730
57145
41157
27737
35591
34239
1222341
66880
438892
55350
124839
10186
3419450
98500
2661971
98480
481238
160459
943246
102253
1724319
19850
242325
281543
2738756
35911
3105770
2627130
4468043
35759
2926022
124613
82777
108088
2457409
19931
3130658
20994
84785
611931
3519
2489551
77665
118412
65907
111255
1968605
953469
4419189
59512
13759
54943
116359
382315
27685
2924786
2584036
2520953
3934743
133740
2106550
4664151
40560
272495
3429222
2404075
84099
87568
20378
329307
24451
1862905
127792
110308
5062505
1876558
122246
446257
425744
879243
124224
214773
4921872
6096
19048
4722625
1854466
1153238
1933045
2874173
193484
3269994
87209
3722572
4977545
19053
2134594
94716
1488230
1925029
1013285
2152167
50801
90691
3933190
816600
240979
186682
1804088
1388356
1267643
26413
111737
2014390
10721
12943
32393
64952
1159669
299
3929359
4457545
2471869
452184
119884
74224
112970
98367
84692
2506620
2853953
1895991
53595
38165
18578
4769698
53734
185638
57686
42250
3138867
85350
3779998
136313
164389
55074
1035585
86216
660950
13423
133471
1628
62977
3585
83418
137152
115646
36781
40424
91961
2468749
1871291
149003
3487902
26530
69168
59392
52649
263510
19164
88616
131926
1129
123930
29257
82000
1881641
2146131
560537
949010
4661326
1174092
1412997
3223022
100134
813757
88164
950775
2110031
65049
793351
22277
389651
1627157
126530
76554
4240708
4042559
1020816
94291
92699
181383
4094450
234878
1027707
2892887
860551
3635030
248419
2541528
19491
302677
73288
2421268
161557
2447681
58652
209290
70087
627959
1466169
785907
18774
449638
1457178
636587
2621848
2410947
80403
23945
1483732
106215
524776
57816
54331
38920
1554230
50917
85198
3435666
7271
3107709
1495634
19229
123003
1599961
3613647
132873
1228325
132060
527770
2388297
128025
2848300
180042
47244
20544
3376211
285
140136
20445
113344
54736
3520467
2020270
1157430
2415330
730637
1892257
4211001
1959808
117803
52791
2222862
1053503
2113620
1891349
2134847
3872662
96042
2272016
40153
141810
322254
2201004
356
164696
87350
1065862
4835650
106750
188123
53456
62544
40443
146099
1068098
3170630
4072456
726998
199516
844884
42906
7957
88356
2251544
85681
18309
51271
98874
77114
51743
101349
101421
3229409
1401254
1838665
4021611
1419921
1022193
96932
39781
1714818
1980396
66104
1417123
23935
18925
26436
12787
2370690
843415
2466406
174532
54524
28832
121468
4452943
37823
25645
149101
50201
2271859
78077
513402
2274991
53242
65419
2473020
1639736
107266
3332141
926585
70810
135513
124906
158583
2047085
709929
74218
19779
227991
430848
158917
20409
2428357
2956093
43527
57626
859382
1883681
58808
1460117
131868
47613
78997
2434491
77603
34535
1858575
1434597
13113
71570
83201
127040
51309
132869
37736
9908
4787897
3959412
3152715
4531435
1360
43157
45062
85413
2039236
40145
148433
39193
82474
107117
80443
23057
22852
3335243
30850
4019497
52309
21173
66023
49659
376327
107070
1383148
4455374
40222
321
86264
59347
4630814
59303
770972
437139
1189488
49594
12448
20069
2431518
121683
52888
19984
3670300
10877
3134384
4306835
63015
1640309
151076
1715258
1331685
74425
47009
898985
1258946
25747
634967
4769688
106125
3000649
3615775
94506
2903323
1498892
272484
150893
74663
44656
67269
342
549628
857603
182877
14387
811622
148074
2245780
4390731
4443942
476367
75915
157308
224229
192833
1529756
100197
1639735
686564
148084
19592
260
1220920
1181187
21860
58136
123088
2097562
3522233
99061
2008174
657
45291
81764
205643
304221
1909530
3036835
52922
91800
1289704
2774742
1055979
39861
1119206
1052807
37680
103154
95741
73571
424
261159
55956
1522626
4535288
3400021
1415360
796252
2956594
53469
24842
358617
36581
30809
2011188
27636
134703
3883
20441
32811
127893
764319
3308755
86245
70061
1139717
4865882
1041682
3306465
27384
27398
34562
9627
4634622
63763
223
1714281
1402716
18773
814436
57232
19613
43616
83799
931080
228748
36252
66034
87154
1172552
129678
1172819
84306
51431
100682
2269544
306
2108468
112088
45896
81913
20485
96684
297
1846237
2519886
2110032
1119784
19531
181374
793935
57281
56526
164267
26718
523218
2735559
19525
2442178
166357
339
1395956
80678
87363
144374
95222
2633293
38780
4427259
4131536
2245785
27252
2231839
888009
10460
34527
3760606
262102
93679
23399
38930
4685806
1008447
2202593
41908
109105
57378
29924
163733
54078
2004799
78306
589867
27486
2422731
229765
453757
1997307
1144257
4766272
43539
41311
1546584
103559
449560
2328289
117959
131140
3820910
2060305
3709851
92939
103298
3901160
1483523
3516
1540437
34529
1726559
3008956
4685947
4231891
1201505
2271055
45802
24512
10844
317550
67896
976316
1017972
33958
1065212
3690393
87456
767836
4093819
102484
867511
23633
22195
44668
54046
19829
3844651
97196
4112187
123156
24908
87737
4685805
1263926
84759
2457462
133503
534947
65120
767768
1786251
666511
2479531
59743
81750
20673
976075
107023
2352372
30906
2480904
30802
40702
44816
41727
816327
4684761
21246
1145553
110529
107927
3402543
72473
59269
54874
1633532
54892
3204
41088
3130371
56467
663818
132584
1151103
2290441
1954129
3206413
12437
71977
745769
358259
2087927
588523
1289996
1729203
932936
35146
3237399
585933
85224
3245938
2299331
1180148
34736
6199
1142204
1463940
1383386
439899
44147
1160829
516754
2183215
1466632
42836
832693
4701497
1289717
49451
60245
3235058
1726725
709927
93676
917091
694814
19355
741358
43850
60211
2241580
23209
2443190
2164997
2381800
1312252
37994
54375
124657
2937933
3208341
73299
1120751
4682959
824137
1826147
18251
107409
19316
756423
1823389
2328294
1170511
41944
1414387
2635006
2064221
153873
843307
284
2510846
106048
105858
1291505
53955
45904
705661
1229603
1531011
2314336
79271
79746
1811434
56660
220650
4697981
304914
3623518
146224
2513164
1650665
1531
18875
55529
18378
2486881
1838426
56048
87715
290310
34998
20987
611769
1128638
5058
3838539
838743
2625751
131281
382293
1256874
1520627
3211577
760464
1911308
951401
822693
437393
1013369
3812010
1492007
1609988
3560847
336942
4862625
2874169
1619555
32176
1716689
227
1271456
1849433
1180743
72711
4912575
3832921
36048
3313127
102442
2226025
119917
1509693
35410
1119211
18779
1655718
20576
2273951
81804
3652550
796582
882091
1003204
49478
56724
1436296
94934
1701715
171769
2761698
801333
3752975
932935
296719
318340
25957
1512334
1434598
764297
6902
4595539
94604
42148
10187
1163949
2903
243946
259199
56477
121223
1460627
2914646
1459826
54239
1399651
4634625
1083470
177139
3460969
1694106
3320563
56918
68739
3243176
2968055
2743756
47886
4124528
1107283
70465
2221938
1095855
32934
345599
1523016
1046339
21875
19639
18584
23736
738978
1020815
1107298
2090843
3349543
4614041
90783
935503
16610
2846620
9889
1413768
2438267
2624331
1793684
2706308
1709004
2958956
1851537
1849273
2209285
1758255
2164274
3216836
3638672
31680
2138577
1797542
1754329
31163
53164
449297
2196829
857602
1290691
2739877
1955170
2961339
2044366
674349
1953921
244704
1709121
4085207
391740
1890216
2035657
42317
116346
3128537
3071981
1631290
3138415
42705
878369
4574919
1466631
722514
2254752
1860060
1257855
678461
1200799
1294709
2663986
623699
2102287
4783687
1805910
1777160
3272855
715044
3535586
1366986
5010080
2037344
1743443
676575
1733305
1082780
4052458
2351094
539789
1682437
1396342
1286241
2084862
1862525
4669413
2273031
22538
2276210
2014387
1498091
1690353
3461033
979155
1371517
741477
943399
2428358
2224514
3791682
3939912
1188172
4336134
3437612
1200757
1401283
728875
2078961
657916
161902
2446893
4187053
6097
2046116
382313
45433
2028519
2585550
5014951
2512991
2128030
561335
4389850
2917435
4687866
3407177
2098936
1776628
35023
4690966
1861487
2573493
2133744
4737068
4371968
3941047
2019793
1731978
1695382
1410549
2765306
2187303
4641387
2592032
4575086
4520249
1610746
1507125
994495
2238956
2894858
2512990
3977191
3520087
1774124
58064
3710533
1726039
2098940
2660646
87570
2679663
3904577
1827323
3034396
831241
133938
4544026
4641390
2191923
3422381
1138154
1006617
2658147
820481
2135493
342074
1289605
3891772
1296370
1623883
1768802
3802844
4520071
734434
1612465
1124313
1553967
4196437
4276309
3283681
4372161
1314987
1706210
767815
3697682
2068025
74452
969668
4605491
900957
3720116
1396915
4809269
1746902
4726294
24023
2628955
978213
2668755
2562794
2107519
3517482
1118614
2735748
1899100
4697664
994038
1594426
2046445
4437056
2132967
898597
1656650
4685807
2267564
2336310
1809151
4952993
2050696
2775397
3753922
1765587
1681634
2223077
2789938
660248
4766024
663725
1429457
1808400
2469345
1134237
2200811
2171680
4922568
4001404
1514898
3365585
3133585
2750832
2095311
1056202
1230741
2875228
1186901
3034391
4816962
1126228
2008553
3530608
2722655
3721254
1415526
2817456
3708312
2249387
4130965
3912664
4584242
1453452
3614514
324516
4694276
4189161
4795551
4689737
1728019
4880910
4166623
1708557
4061648
4429916
2133514
4638672
2134895
2133943
2655982
4922786
1289107
4001494
1935058
1849131
2568256
Total scores: 8373
Average score: 143199.78
SSH: 3149, SH: 1199, SS: 397, S: 411, A: 2608, B: 420, C: 153, D: 36
