4897206
4177434
4111035
4127115
4214779
4835404
3854743
2382377
4742940
4318971
2209202
4543721
3946158
2659368
1990718
1808605
3700073
4187053
1949106
3881559
2100822
3654660
2276210
2874408
1860169
1569904
3847754
4850086
1064976
4443814
4298765
3548649
2602722
1582287
4356464
1754777
2708949
2520220
2689931
2354761
4019149
3708780
2179629
1714882
1599882
3866017
1157868
2599450
1849580
855762
3361951
1241370
3579281
3710704
4383664
3648544
3773248
2240526
4070109
3040104
2671379
1743616
2294912
3623807
2590119
2677494
3884667
4113363
2079597
2201145
1681360
2069999
3432407
4201398
2026764
658127
1997892
2981463
1148905
3040755
3034770
3804374
3012582
3221833
901854
927754
3393903
1816243
2512396
3779342
633993
2236622
1075797
2228387
1923214
2319171
2365752
2974112
3647082
1860433
3093271
2126752
3383316
2843965
1984886
890190
3310074
1529189
1771619
2111505
2660294
2574090
1498618
2437233
4039494
1737899
1989203
2176404
807074
3466914
1956730
2173528
3070066
1811722
2573914
2141888
1716030
1804553
2557979
2078195
1985735
1181761
2675756
3468687
3688094
2545437
869222
2769886
861415
1938974
3038997
2470194
1997307
4224431
4039338
3039613
2615210
2699196
3194930
2945273
2911355
1962676
3485539
1141858
1909555
1935845
2556199
3131107
649184
2323911
1919312
1903809
2084862
2556200
2403677
4438736
2185824
2486881
1350927
3385967
1384781
3416615
1770368
1218337
2389303
1975954
757003
3010178
3415931
3666536
2128271
1742937
4095763
1296305
2318117
2099491
3078415
4074165
3724171
1537566
3385971
3777926
839627
2496646
675734
1889232
894090
3551549
1822108
2004799
703794
1270000
3624005
3523630
4651531
2028950
2066867
3927904
1828346
725718
3284709
1751277
1701404
4376495
1655981
2574259
1969946
3612033
2026805
1630164
2750550
1829131
2064453
3644156
1256809
710881
2627421
1180701
3034573
2477243
4653513
2077121
555797
995563
3018109
4751287
2360394
1701940
1836593
2201460
1115737
1872396
2684033
4064320
3501901
3764179
3206402
1943817
2361328
1952042
2469345
4866452
3001448
902259
2510998
1981802
2069841
1172150
2458202
1861487
104229
3220698
2861267
1385398
3041577
2364135
3640228
2679477
1936713
2034654
915210
720314
3296856
2534559
2594347
1319547
779179
2189687
670881
1001682
3086100
2445438
4085207
1711307
992389
1489207
3022072
1400367
1642274
1565884
2628691
1129951
3926086
898597
2691242
2129143
4059970
2826730
2097898
2241580
657917
2552046
3385966
1112356
1129193
252238
2257346
1843086
1083470
1725588
2629589
1770623
1086050
3010986
1954900
776951
1494828
2477069
958098
1649842
3001532
1007522
4520510
2818772
4189841
2444148
1290674
1313029
2077119
2593620
3535138
1226524
1494312
3008709
1911574
1661477
1044728
2790135
2204234
1890412
2485793
131891
1672204
2565674
2404778
2025393
1377957
429989
2629595
948540
2063931
2164733
2164997
2545604
1514256
2686032
3644656
761379
1566024
1843481
2096800
1086267
2731892
1069949
718156
2817560
433005
3392330
550235
1911572
3714304
2192825
767203
2034983
3078877
3899964
412288
2315558
1990449
1768904
1028733
1095152
3695440
1695382
4134502
2058788
2330482
3105129
1024483
3071981
1097543
1758255
774965
917129
1082260
1170505
4415535
2083422
4126173
3650854
1476606
2801428
2356514
2484994
2428358
2411125
3601629
646713
1918015
2333525
1816113
1907933
2492632
1738018
495538
1046841
3306733
2568117
2084319
926644
1451282
140665
2017880
1845585
4211571
1029562
3533482
1162425
1783947
2211018
1782795
1016701
2615748
3030240
1826438
2149446
1594426
3399305
1165959
1258579
2182100
1128411
2410948
905800
1782046
3706935
1944926
1737169
969686
3149845
832346
803828
1949715
1002940
2555112
1570203
2041050
1983406
2328679
1718671
4009159
816327
2196278
1955170
2117268
1621319
974662
2397136
2204927
1770893
1199955
1911308
1776723
2693480
1892257
791274
1603635
648081
1850409
2933746
3675267
1419243
2583508
3226413
3350992
745360
2588365
2564395
3043732
1289927
1474795
985141
2606405
2274874
806325
1769144
1416966
2020385
3359653
3533337
1436329
1886839
1735472
1941004
1432943
2046653
831443
1786106
2281078
2890219
3526561
1743930
2562794
965243
2118444
4001454
2075222
1095854
2168768
1351114
3242187
1459311
1783968
955737
2188031
2149131
1649989
2553777
1977528
4657212
1385397
2321257
690982
792989
3963421
3595734
1142884
1103903
789765
2269544
1091973
2871206
2490307
1213856
2674297
1146443
2185224
2496721
816600
3298813
2624331
1391282
3108159
2230771
1200272
4176938
1554312
1262434
1030374
47152
3456481
1727798
1166895
1656727
3825430
1895602
2536179
1736571
3301339
1831120
2410945
116128
1805627
2316176
2443190
2173763
2169301
2641556
2740274
1630904
628755
2102287
3483015
683970
663992
142954
1626537
3844651
1659421
2329704
2596015
1746492
2166311
614323
1783812
2813781
2197401
1844622
2565171
808848
2258084
2315560
2282512
2240404
1602636
1524357
4135511
861164
3846505
2388297
2784168
163897
2173926
1854022
2295218
1616369
2496720
4142643
2131079
4193382
2628166
898576
4101443
2446555
668662
2961551
1815397
2184544
4857997
3333070
611753
3928577
1627148
3331833
2689921
2394642
1769222
1943046
1869933
820481
2505956
2587226
2803459
2732387
1018247
2005307
3772513
2226722
308917
4221414
345189
1477241
2547084
2331169
1759915
1881837
1679789
2204720
1211828
4309379
2018512
2298047
674324
4565459
3768514
1830123
3294721
2349144
2014389
1569836
767280
933228
2570115
688942
3006996
1274573
2022718
3579611
3905613
3745820
3019409
2575657
1902624
1600415
1709022
2846873
1793625
2530810
4104249
2272998
1172819
2368487
708367
1021579
3347663
4019853
3746239
2133576
1507125
2639644
3240248
1286374
1236211
2369202
783850
1255789
2025942
1127798
783860
2345714
1451342
2336310
1714634
2267564
839711
1053232
1475620
3107506
1135897
2191785
2610039
2077126
2138577
1744286
1951721
2294643
2495917
1046339
822553
1730868
2823539
3010882
2016359
3607872
3333255
1848803
1571309
118068
1409923
2008748
3275891
1384053
3752467
2779000
246397
3844552
1086057
975588
1810150
2121051
865344
2131813
2791233
1651290
3907830
1949535
2177340
1045757
2759787
1843653
2367340
2518847
1476582
2404675
2618935
2679663
1805910
1692395
2044366
954692
1799197
1706210
129891
1716732
2763312
1895604
2237466
2290342
3275681
1704984
2719326
552068
1706834
4018769
2622787
2222070
1992467
959406
3885119
3151263
1861434
2306594
4467049
2467121
1796418
133938
1623092
2898419
1650477
1320292
1454845
2298522
306018
1858652
2078712
1605179
1460331
1601387
1697643
1838427
827488
1573320
1831032
617825
2270781
1899011
2050696
1578009
845391
1413077
889632
2540399
1816320
300746
1694501
987133
2423610
1226973
1654883
3977703
989228
890467
635865
1620144
1528015
525278
2069845
2113285
2249059
2591349
1420671
1939637
2133726
1561529
2206954
2249401
485109
1311794
2069748
2025205
3232953
1083052
176280
1586754
2339070
981641
1872812
2963216
1843589
2332963
1968445
2797998
757067
4131123
2603758
910147
95382
1632673
828214
1003565
126645
1406907
1193128
1004823
1893432
1026729
2309955
1029307
3721142
916631
3044911
830322
1640908
2349543
2168419
893736
722596
221777
347360
2471173
235880
992563
4295242
2742959
2268730
894744
1400414
2044364
1217417
1546350
2775397
696895
1541347
1556943
1993380
1987536
1627860
900957
2225036
4001453
1355964
1809151
1017991
2482032
2292542
1345676
3076104
1353480
1245365
1916377
1262025
1898297
1142669
2164274
1954587
658561
929999
1366917
734339
1939636
1401254
3098371
1879899
1320129
1584614
471598
768454
2046445
1569034
1796420
4393042
2045107
2082487
519401
1358299
1227359
1126915
2463868
437139
1702172
839947
4334857
2462333
2189895
1597247
1846447
943988
3073983
828242
2624022
2229349
1872989
1714637
1858799
1882794
1946834
1770624
1551135
3232901
1053233
4031440
933827
422328
1331610
1327000
2326935
2128030
3827811
3511219
1459559
2118443
2217759
4491213
2514739
1679794
74684
2680634
2346624
2398423
1831435
427090
1744385
1879169
3684530
257793
2131333
3718868
1454085
2454006
821785
3520087
2048161
4244680
1232752
2199470
1587909
3022540
2121230
3198222
2141415
2281045
687530
1522554
879061
1827323
2836542
2729836
146957
1219310
245960
3350946
2396159
2132924
2820210
1973361
1969005
2156318
1983358
2184521
1899581
2400529
2608130
1690359
3563155
1618980
2040764
752980
3510655
2523668
2027911
2820212
1860435
1431540
3333706
2245783
2898086
2549390
3874133
3473327
3082601
2719427
2987243
3020314
514597
224514
3860691
1890216
1016169
827984
358362
970048
3257100
755124
2260846
1742625
735272
2633231
2024506
3320181
1150868
1564191
2553242
2387523
1731978
1046830
2317735
3114483
1018238
2863658
1188172
186599
1158040
1182462
2562756
1402392
1988753
814293
2463764
1925194
2507884
3410654
1400687
2733511
880321
2162115
3666142
857624
3434979
514516
1906336
1047758
2060305
780914
1864795
1915983
1891389
1807831
2149447
2535968
3333745
1044694
3108587
2135493
2398422
1597765
2050026
2242434
3369471
58064
1003447
2048528
1114721
1509639
1646193
2499765
2318885
3089375
1764213
1897577
1896862
2654458
465548
2238881
2574593
1861763
2512990
824970
2485259
663246
1059388
2264342
2742521
1923476
1935596
3045747
1852797
794779
1706407
1400686
323907
3322616
2516616
1989857
2929650
1493052
3462039
1876558
1763222
1895606
978026
3447527
2245860
2099567
1598473
4353816
2410264
1969095
1871842
1259155
2924443
3135149
2684084
4109500
2767393
1452709
2121136
4205425
4285230
2781369
2201553
2249387
2102292
1869619
817623
436825
1032126
1843591
2012740
1612454
1655332
1728259
1657612
2023927
2820230
722909
1062394
220330
1257723
1954858
3709823
962979
728870
2149448
1527960
1902818
2245777
3252228
1345670
2610170
828243
3995168
254370
2017881
1759171
2112898
1701711
2989004
2514909
1860434
1569153
1535180
350132
3215934
753698
676923
3438148
2417914
2503284
817174
1561550
2709014
1793684
691893
3301586
181253
95583
2067473
2918249
3688220
1402367
1631588
719594
2156842
3181311
2729594
3118383
149388
2096523
2460779
1808437
723891
1762629
869197
2036902
1457104
1405991
1855887
2992705
2971241
2242173
384718
1644535
2134823
1846270
1897567
2479479
901234
2017799
1817464
3526953
503262
1964153
1702581
3860692
1754868
4629735
1429457
2064221
1511760
735833
1481140
1955829
960875
2483555
2352279
1622044
3843161
2789938
1893461
847314
2439848
1701590
3688347
1029255
4808501
828940
131564
1640805
1545707
1675832
1869935
880587
1859185
2545234
1892340
2705258
1836274
1939172
2283640
1946909
680689
2968671
1121909
2013012
2065883
1401283
196977
1315468
2658327
1896423
3019859
2988681
2255709
2562993
1214421
114635
1797363
2044368
3593409
3254875
517160
794670
2820215
722968
2303231
978757
3509524
1563134
1844417
2040582
1380717
1224754
1962182
1574314
820619
1506387
1523119
1750801
1315479
2906211
1417797
3137396
2098897
2059979
4303564
3217551
1577478
1797628
2157548
2045979
1559974
3023414
1762724
1992711
3461160
1352602
1681634
1481149
1546425
3119369
3977444
2540064
2067820
919772
1855356
2301163
231257
1095855
1945175
2285150
2101126
2155451
2025345
1974981
950170
1819587
2233752
683409
161902
2223144
2100940
2503599
1385396
1583484
342074
4042579
2034895
2246465
2422469
816734
3396147
2129145
1612329
434243
1396342
2246654
1526245
1644648
3572698
1018869
4376532
2495755
3334672
70050
2354378
1543094
787430
254332
2144183
1932649
1895607
1226609
790229
3869760
1634119
1556932
1353936
2102289
3104522
2916949
1579923
856035
1576174
855456
2153775
117182
1843593
1452457
136910
1460113
2168425
2311948
1893431
1690353
2005305
905745
1941208
82734
1590883
1831051
2304622
2113754
2529041
1014580
3860693
1572367
1076706
247037
2296022
1501711
2143883
106156
1118297
1806531
1451992
1915794
3542643
3307411
1831842
1601386
457257
1092970
2516387
1065821
553131
4063840
1204320
989370
1033154
3992108
3582418
2710628
1344602
1788131
3227871
177162
1463237
1440018
1589931
2798826
727636
3370358
1700102
2596971
3834561
2340796
1850200
4576496
1013839
2190499
1365079
2820234
2405209
97397
1467142
1799101
1068383
40753
2310700
1790866
637477
1609602
2196289
1217004
3965515
4108340
2610994
3388573
2327132
1125866
2693244
4647432
3236300
2881890
1837666
3416138
2295882
2820236
1757416
1180676
1147
2254470
794899
1236951
161159
2299178
1621175
1621068
804164
2637029
2130652
3283445
1575160
1994599
3688644
2021990
2245772
2222887
3530608
3011287
2141523
1756620
2063447
1732601
2018290
2311796
1618411
1414507
2198640
3081546
87570
777074
1119398
841565
992281
3152587
2495251
1821081
2264767
1373482
522936
1607736
2809623
759638
480561
1625191
3771810
2562852
1529804
1571507
878369
75822
2210863
3881333
2677191
2165744
2941386
2744798
2017496
2628164
1495498
1926958
1988963
1056698
1836484
791636
1796421
1639261
1215688
3752975
2820213
2287845
722238
2009295
1167475
2870806
21010
3735961
3620693
2544136
1234400
96763
3624869
1974024
76642
2167383
1773386
1603296
628343
690461
3315779
2039543
2654506
2839658
2090844
760779
3241736
4803756
1897316
1587059
1137448
1165848
2191143
262034
2820217
614215
1353828
2514776
1294632
4028364
3448347
1620228
2565365
315
2376713
1464026
2061192
1562306
2535650
942356
1574296
2340907
2030431
3353491
1258137
1295546
1318244
1933528
486513
3074108
2222967
3688968
2234162
4284486
3876716
3549213
1597253
3834498
903280
1782215
201522
3581719
2625175
1602634
3313127
736215
2868857
3290202
2057057
2983325
456247
3041193
4253102
2223259
2054204
2351094
1542373
1838426
2479006
1559387
1492011
2112909
2388562
2072986
4197563
1787848
140937
1368231
2245774
1768264
683825
1400321
1613232
2245785
1843236
2328680
1231072
378126
2779004
2021776
813772
3862357
3338304
2503887
3397860
2325387
3299402
978213
103221
3240784
3896189
2779001
1762727
1796309
3462322
2245787
40017
943399
1612465
2706308
1410549
3355432
2554582
4480795
2400783
3708195
713867
3029802
3377514
1529763
3322526
1968440
2144017
1166448
2254752
2660646
2246659
3443974
2006936
2330574
1415526
1474888
2799357
1265017
1797557
2696829
3037642
4238983
2277236
2378216
39076
1786515
1219705
1746902
2465804
3864489
4654501
3003419
1578505
1968283
883670
3513159
1956122
3306465
1563135
222411
738980
1092234
2164617
679004
1457148
3046747
2399834
1385964
2677188
3333703
2174441
1785659
1350672
3582938
4606740
1578503
3301849
1377588
58062
2622988
4199237
4183351
3331635
201523
172619
2133228
591347
1892253
1551874
3768762
3379344
2194972
1754266
4557895
2270137
3172209
1399651
4284415
3767017
3108533
1590448
2103267
1572100
2301351
879062
2221441
4284814
1679799
1991882
2657705
2586420
1802456
3625240
2030805
3542856
172662
2932798
2820250
2911993
4048208
3262144
4519110
488470
2825148
1647659
2820237
1839222
1859153
2321562
3946759
1597806
1872563
4522470
2881593
2737141
1462224
4476059
1676851
2353509
3753922
1852605
2200803
2612776
3976192
1952037
4020054
1694855
1961233
4009220
2901666
4275147
2166352
4284414
1479927
27637
4393670
1979409
2054191
3635192
2974264
4716427
2820243
4001494
1675830
2545898
1780725
1724319
2813660
707370
862088
2753891
3591213
2731312
1636879
2446006
1224768
2521259
4189842
924759
2158085
4017088
663725
1641008
2804204
3438591
2640882
3034396
2044338
1605598
2240223
3688729
1243461
2237579
1069082
1415582
2735748
3963274
3203707
1948941
4302971
3006997
4020053
1060576
1948944
1762731
3026248
1015865
3397669
2030843
3034391
760464
3967023
2563946
1801936
2055396
1110532
2643204
3048043
1734082
1592916
2643166
4442826
1924570
3977191
2542628
3217677
1855195
2200557
1405981
2668755
3181499
1518125
2246145
3051162
35015
1966563
2609731
1849131
2651888
2793431
3895683
1124269
3093269
2303916
3132824
2710014
715044
4088605
784791
1702971
1579854
3784428
2113992
4283977
3169255
4105820
1891512
4415495
2083676
1983024
1502221
4054015
1294709
3206007
1231400
3488353
4001404
1969122
3041566
31146
1383389
305948
3557474
3369861
1544629
2834042
2842174
2313561
1584957
1828562
1260832
2529372
1635233
3468194
1895605
1398110
3166325
1862525
2986935
3460940
1951188
Total scores: 2007
Average score: 327737.30
SSH: 48, SH: 115, SS: 49, S: 321, A: 1327, B: 90, C: 33, D: 24
