3306465
2599450
1002940
4054015
3256660
1845585
3484856
1274017
4189842
2331169
2304622
3173880
3542856
3411122
1163521
3708195
3104339
1616369
2540399
2689931
1414282
2226722
4039494
2352279
4876749
2596894
3397860
3349882
3010986
2240223
1021579
2444276
3385511
1861487
889632
2450838
3982549
2128030
1459488
2937933
3419039
3145415
1199955
2898419
2625911
4860510
2382377
1297789
942522
1961233
2301351
1462224
2399767
1846275
927754
1838625
1838426
4197563
1793625
3821905
2351797
4580248
1162425
4411233
4204889
4614041
2384875
683970
2266572
1816113
999720
2172086
2205311
4575086
3968196
2201145
2631078
4176938
3025365
4643441
3351262
2791233
4134502
1306448
3801064
3950021
1492911
2874408
4157223
1816243
4404049
2281045
2843965
2343932
1065821
4528380
3591499
4085207
4045152
3062908
326864
1569904
2487880
3747831
4640775
2495792
4617328
4088605
988726
2535650
4287878
2403677
848159
2182100
2189162
1010596
816327
1261191
4355276
2325387
2610193
2295882
1157868
2671379
4140323
858241
2276210
1783034
1353480
2187211
4742940
4607880
4054203
2399766
2361328
1909555
2743756
2327962
4244680
2495251
1252711
1302567
2752284
806325
3462322
3238447
2240526
1995061
2640535
3019409
3995173
2134538
745360
2607691
2050696
915210
1233778
2264767
952383
2103968
2448565
3543557
2389303
4536514
4017839
1702971
2982131
3021295
2587226
2958102
3122902
777074
2179629
1995114
2901666
3607697
1221244
1041481
3644156
3862594
1003631
3284709
2843304
1701996
4786970
1820714
2328679
2610039
2660294
1306992
3745820
1630164
2603845
2556199
3595734
1410548
2731892
1563000
1935845
2610170
4880497
1451282
1324042
3221833
3107578
4296268
2524196
4876550
2675756
808856
3655971
2677494
1111047
4786514
3927904
2514739
2168419
1743616
4992898
3195618
1920872
1250652
1141858
3724573
1496766
2024506
3266252
3169154
724015
1169773
2946220
3966639
2238881
1655981
4147579
2457197
2059822
4257707
4431476
4346480
2236622
1366917
820481
1760666
2206542
1129951
4985836
3081546
1871842
5091147
1019544
1187302
2496720
1028144
1808605
1662836
4425879
1245344
2319171
3012582
2715370
3405760
1299791
1583228
3040104
1881615
1350927
1817548
1941208
1003013
2574259
4142035
935135
2232788
4852491
2493463
1031991
2829376
1850409
1385398
1527747
901854
4096258
1849580
3470687
3371802
3265469
3645144
1554602
2457519
4533725
2330438
2064453
1938974
1895607
2658147
2314336
2176404
2088427
3802617
1663107
966243
2708949
2238956
2674297
1296370
2615210
4897819
855762
2995944
3509524
4772080
2324949
1582287
1185036
4905444
4929215
1754777
1377957
986943
2014389
1872396
790048
1435459
2553242
1064527
1770368
2367231
2414165
1706210
2510998
899732
1890412
1407152
2601508
2058087
960875
2141888
1761422
1796309
2410948
2336310
4095763
3380022
762207
4913599
3429718
2084319
655679
1816073
1677545
2546607
2574090
1129193
831241
1125665
3688094
1551874
2993974
1400367
2008748
2752359
2676534
2272898
4867167
3034770
1943046
1261879
1961029
2933746
2994583
861415
4736827
1738018
1473296
1990718
1289675
3513437
958038
4900284
736215
2324906
1150868
1217417
2568117
3460818
1690355
2034654
1402392
1836680
2035291
3338714
1805627
2078916
3874133
925802
2543244
3750172
776951
683409
1855195
1801586
2484994
1828346
2677019
1997307
1911588
3626128
1770623
2559938
2099491
2284893
3707958
2686032
3884667
4186288
3492582
2590119
2840740
4111778
2410945
1754659
2172320
3405683
894744
4855807
2469345
929999
2012300
1210660
2237579
1419243
3793495
896753
3725129
1565884
2294654
1811389
1732802
3623520
1069949
1892257
1301212
4227410
2945512
4791385
2279621
714001
1614477
1717986
2654458
3998294
3614314
1576147
952898
1690353
4850780
1860169
1839044
4833931
2280910
2328680
2413824
4921665
2041050
3441025
828242
1131424
1895603
2004799
1944926
4853789
1955867
1241370
2364135
4048208
1075797
3907916
1955170
764310
807074
1181761
764082
2315558
1701404
1846270
2588365
2033294
2298847
1011144
1537768
3505229
1843481
1811722
4449473
817929
1842700
2562794
1860991
3038997
1669068
1024480
1108758
1746492
2211018
2628166
1626537
1842675
2639521
2874944
1554502
1255495
2058788
142954
2404778
2403907
4883762
2204234
1826438
1979409
3127889
2185824
1107102
1807735
4791387
1083052
2796473
1836593
1281115
914220
1697643
1183255
104229
2643380
2775397
1086050
1186685
2732387
1414928
1013786
2178404
3205990
1487213
2462439
4834702
1125784
1075001
1809379
2802324
1257580
1371599
2077126
2735748
1533884
2183659
2303916
2266529
4457206
1270000
795627
2281078
2512396
1707113
1925409
1860433
1895604
869222
1180701
970331
2659368
2527150
1942387
2164997
4934542
1852572
2559126
2445438
2154507
1836772
1524103
2781369
2870046
2201460
881313
3422724
1725588
1489207
1985735
2753891
2034057
4570561
1226524
1123966
839569
1911308
4126173
2189687
1725346
1828342
926644
1711307
1695379
2684033
2594347
1026787
1158325
2468866
2256823
2294643
1347794
4486136
2428358
1737899
1768093
2659724
4912905
614323
1695382
1286241
1736329
2444148
2139094
1410549
821785
725718
658561
2034983
2459413
1875396
2801428
2620911
1412805
2780924
1770893
1869933
1605598
2188031
2192351
895997
1736571
2620562
2606069
3385971
1008998
1936713
917061
1358921
715637
2044362
1159687
2112908
3746239
2660646
4751008
2241579
2284524
2240404
1740368
1627148
1854022
1046841
1630565
1438917
1432943
2460779
2794936
2469200
974662
771496
1728456
4102231
2715815
4669154
2628691
1298530
1551135
555797
816600
1936782
980638
1640362
4134503
1784189
1680262
1321823
1529189
1009197
1642274
1860524
2022718
660247
2298047
1274573
3149030
1515526
1354319
1494828
1596706
1351722
1744843
2330357
2474574
821070
2040582
1317713
2200807
1938392
994495
3978225
1776711
1919312
2127254
4642487
4898278
3926567
3040107
1172819
2069841
1039869
2324863
791713
2365752
1571309
1007522
2550203
2122460
804164
2241580
2860521
1895602
1522329
2964230
1829927
1862062
2332088
2480902
1500645
1699423
2701095
1536491
1917082
1649967
2066867
1619555
2129143
2336704
1768802
1399651
3360782
2802630
1126352
4929271
2750550
2231831
1969946
2351580
1219511
1286726
4934557
1312156
3093271
1341959
1111493
2017880
2530755
4464302
679131
4883846
1635388
2237466
1630299
2245774
2458202
1102144
737100
3093274
1580814
1558337
1225022
4546446
3057790
4028364
1988911
1636104
4125888
2223077
902888
1071424
1937747
2536179
3313127
1555034
2726492
1827558
1100327
2837544
1055147
4803734
1100512
1028733
1626300
1115737
2485793
2132775
2518847
4569104
1621068
4507305
980431
1967557
999064
3350946
2629595
965549
1097891
2168206
2474728
4179379
2078961
3003399
1849273
1086431
2492632
2689921
727636
2608130
1610746
1742483
827488
4099971
1681360
2303557
1289927
2194234
1232440
4861214
735272
2461085
888010
1419403
1501472
930249
4346143
1657917
1918978
2397136
872110
1312850
851255
1076862
2633231
1981802
2195530
1169586
839947
784369
668460
2581812
969681
1241418
665787
2847847
3121104
3926086
1882794
1121405
953586
2596015
2946713
799913
2200001
2945039
1353828
1989857
3257742
1952177
1271007
2360153
1570203
1064909
1161457
1595191
1706278
2609731
1003944
2784275
1702623
1912276
4857997
1704984
3682177
1040115
1649528
2753990
1112356
786108
1128531
2639644
1895606
2914646
2285719
2769886
1758255
1558876
3037642
2394642
2094965
611931
1351956
1610745
2744052
1982762
1656000
1062394
2522353
730865
3716950
1968836
2580634
131891
2200805
2686031
1473301
3092842
931791
2697174
1984889
3963421
927487
2338610
2245772
970048
2046653
2455484
1517511
3144118
1734135
818022
894189
1679667
4872483
879062
2050536
1081936
2466117
2131813
1853452
1780800
1530057
1165959
2652057
1609180
2149821
1992818
1289705
3365585
3149845
2058287
824242
4933392
1776723
2324154
2015794
902259
1027692
2176046
2505956
1474956
211154
2222070
2040035
1726994
2084862
4090177
1258579
1071369
1782046
4866852
1895605
858271
3793450
657917
1450423
843155
1843086
1947968
1400912
1746902
784791
1749322
2330482
1352342
1876015
2282067
1400414
1843589
969686
2410947
1349998
1210089
2231704
1925194
1573320
1752315
1095854
1425283
3532090
2081844
1174467
2818112
1725624
905800
1763013
2078195
2564638
887059
1611276
2057577
972364
1053520
132043
1512368
2465106
2216530
2505553
820737
1056140
2781622
1682475
808848
1714882
889729
1669719
1722487
4675950
2705665
4467075
1724319
1155062
2569254
2786058
975588
765018
1484122
1991379
4553375
3104522
1586059
4276420
1786958
711209
1082245
1415441
1311613
2570594
1313431
994933
358865
2196278
1692260
2097898
2616981
2443726
1532490
2372825
1907310
816453
2333525
1366190
1836354
2890370
1052871
2245766
791274
1973410
2779000
1756964
2682795
2603107
2473047
4861771
1264831
433005
1168175
1968445
2083439
1125406
2249387
2502692
1983406
1762429
4539737
1572198
2012871
3359653
1827616
1969005
653489
2276916
1304831
1297260
2225736
1162919
3108320
2082725
415479
2245777
2342739
3627294
4415585
1328177
917852
1700275
1746840
2737173
1623285
3030240
4614397
1100091
929905
1474795
1215688
4047519
4347564
2666060
1219148
680689
1416124
1071242
1949536
1829925
2563055
2049467
2485543
948043
3551549
910147
1915794
688568
1182462
1258642
2615748
1177269
1343383
891867
4681477
4561901
1091249
422328
2474570
1736333
2507884
983165
4722415
795810
2730593
2565674
1843653
959426
2328043
3145600
1468912
1092364
3623807
1029562
1509693
1219647
1092090
2775881
2785254
547598
2619743
2794354
642687
884664
1810150
1893432
3279599
1885816
4730183
1876741
2742959
1582674
462700
848345
877625
1054416
2021991
1009097
1474946
1675844
1704794
1046830
2179560
1106518
2444910
3074108
652234
1993380
1737326
2097992
4081428
1977528
848994
1623093
2469346
3121360
1975370
1941890
1413113
3584741
921840
2556724
1502044
1981053
2061985
1951034
1941064
2349467
1901963
1951733
2246465
1127861
280034
509510
1553356
2641556
962959
667857
3101226
747855
1531547
1989201
574471
742975
1537817
4652841
2134948
1453152
3830615
1571141
2708985
1262434
1586945
1464221
949029
3410654
812590
1454845
1193339
502031
380646
2761068
1073279
369349
2237467
2161926
2570115
663992
4859315
633993
1997892
1675830
4860512
2442025
2033361
1120405
763213
1262433
2245768
1294709
3322635
1307291
2690223
2609733
822553
2200809
1612454
1302583
948153
1451703
1968283
2964222
2102287
2587891
1102552
780914
1321980
1799638
917736
1941088
1970829
2150733
1045757
774965
851811
1023086
2624331
1670139
1824800
1313029
973278
3433242
2095008
766938
690608
2066802
514516
1797548
1758872
3497649
1678956
1640330
1226973
2825148
1024212
1822903
2201876
47152
1211828
2054334
1988100
2245773
1332018
657519
2118443
1059388
2327792
1647044
2360152
1509460
139634
2597616
846105
1642162
864055
738063
1690244
2328751
2598547
1752311
2068681
814293
1112521
719517
1986498
1932649
1608832
1963713
779950
2788498
1721284
978026
1628131
1596845
1395942
4721743
1302561
2023927
1023307
1315117
1847043
1262832
899942
3022072
1574296
995837
2058288
764441
2269424
968065
290581
252238
2120669
696783
1623883
2482032
1354114
1623092
1032126
892853
2011555
4675991
898106
1990541
1177545
1434424
2692144
1565265
2399033
2269172
1505415
784240
869197
1512177
812161
2450629
1145587
3470688
2680677
979155
2596018
2512373
1289926
1672250
1909554
2742956
2116804
2740274
1051587
1736327
1279490
1319206
1594009
2060873
1580208
1480250
1083092
2022204
2659911
2255709
983680
2092259
3105314
1579673
777303
2354378
1155619
2488852
2847753
2446555
1649064
2020258
828806
1167438
1581806
2528860
1201636
2039589
1961271
341891
2227344
1651290
1480196
622407
1454622
2304259
2622797
3834006
986191
918391
2381590
995563
1072897
2580525
1594727
1354260
1269132
2045979
2467941
1756897
2042429
133938
1624249
2153557
1294950
1516121
2409721
435273
1541293
321521
201075
46827
1791086
4255801
1236582
1655730
2205657
930307
1243846
690778
1909993
1386449
2173528
791264
116128
412057
769590
2742960
1155547
1255789
1263997
665543
3460680
1826476
1474431
612871
1996809
2062073
3209999
4447349
918998
1484776
820619
2138577
1093245
1075888
2586018
1765284
1658695
1398848
1124179
1603084
4308932
946962
1105826
747082
4124528
1302565
2067141
1899511
2398489
915154
1514898
1192902
1686499
1763937
1820257
792545
1694787
1668949
683120
956502
2054877
547566
1983665
1983024
2150740
2988681
1095507
1332240
712015
424925
1508535
2072405
969549
1372306
839711
1805910
658127
1082783
2245783
1273685
1131747
937709
2380150
2757593
4519110
1095566
1917158
1099383
1316758
1911335
1788628
1358299
2150737
805798
1215958
534989
1478218
2480929
1637380
953394
1809151
1495848
85550
1238045
2532278
44602
1123759
539394
2599084
1828903
367175
2757590
795988
2102292
2034284
2098034
2009432
525278
1772330
1935596
1519160
3592622
1633541
1980287
1575480
1770454
1509639
1126915
2158670
1399834
3170094
1309290
1319547
2046445
2778999
2061192
1989448
1122324
1589183
1269453
3320181
1806693
118068
312770
1503657
756448
1888397
1242790
2233986
2584022
2344572
117580
2161122
2447121
1476582
1125642
1597502
1107104
129847
702412
1730889
1270538
698249
3912664
1783812
767774
744040
1962161
1121834
172662
1263789
4752037
1849505
1907933
1523011
1351585
257793
2024637
2096054
1354842
1227359
1876060
2670208
1978242
1582624
2219835
415887
1827323
1091973
783860
1556336
1155085
1095534
1264972
1401477
2719427
1806531
1245003
1264763
1693956
1603596
3838393
1507882
2030843
900631
1720423
1433306
1313635
2786178
871154
1483372
2269122
845118
1419400
2497465
368524
504486
746736
958093
2152484
385544
1443448
746738
949011
1864175
1447383
699318
1575968
1482959
966177
1329273
1001921
2153460
1914981
4313980
2757598
1023108
1074806
684970
1158221
2509341
1757109
1602803
2487454
1094551
673916
1253252
71080
1712385
1027907
673632
1509512
1500650
1534523
845378
1566634
978213
1602802
446256
1345676
794670
1113342
1161789
1106276
2477261
2757591
924759
1205138
2185224
1650477
2396159
853779
2409659
1409923
1851299
1918979
147766
1350562
1683433
1344836
494818
2051592
2449781
3392208
1838427
1374031
155929
323769
1114132
1771656
492064
1174565
1596114
790218
2960557
1538007
2326935
1382030
983410
1404869
1911346
759638
1662278
1194232
3275914
3431450
1586036
2824441
148083
1656727
2449784
2078169
1601284
1474947
1373950
637939
1193449
2209233
89171
2881612
1468467
1918413
374841
848161
2494720
1828400
1977950
1760974
1965586
1233607
2750832
1843236
416403
713932
1182191
864446
2070594
1994597
2017799
820944
1092582
1649842
2559639
1151654
3675450
594197
1994802
2219880
1077307
1613687
3669551
1701940
2514777
1693575
53987
1591616
2757596
3252516
1641323
4689249
916958
593823
1047758
1893461
1294884
1562151
1017530
1918344
1401254
1575142
1764213
4794567
664265
1583277
2798016
1541577
2347052
1227263
3989790
1373482
235880
824992
3765706
1506694
1557181
785904
306018
2327794
3301849
2522356
3097451
2488019
510510
1774124
2004269
2869329
295915
2078232
475945
1001682
1531044
1961300
1073711
2332153
4074058
4601644
638493
104945
1215956
339795
1315468
2684855
1818788
1302554
1247752
2036903
467821
4468387
670011
358273
1127204
2249551
1930104
1411721
1587909
649184
4495561
1814702
1556692
1289606
1578505
2383590
502574
1617365
1436138
1829771
2553777
1466471
895643
1102400
927688
1858652
2512181
956103
1343515
3136385
803402
1382895
2014201
2736518
2270715
1269592
1783010
136400
1426038
1493704
1077686
1530672
1108627
99407
1580093
1983676
784751
2164332
1458748
127736
1668840
735356
3136646
521458
1785659
155404
917129
1377588
937647
2069999
1183810
1113778
1011648
1583483
1255201
1403678
309146
2132924
1949083
2156326
2296022
2134823
95543
799190
1343292
1681634
58909
1501410
209576
135247
569225
285708
362949
555113
2362655
46946
1657931
3529084
42838
67714
1348658
737025
2044220
921252
1404802
2066668
1040647
2088098
837569
1468473
1933112
1149303
106491
1059894
785898
2161036
871027
1521304
1544643
1696136
2627437
40030
2260493
2387886
2124108
412288
309127
1714819
2846620
131286
1018869
1153219
736214
1289755
1815665
1109793
2791873
2305272
1288341
4176679
260489
1542373
1410860
1632945
185495
1934864
2090844
158621
2714989
1816571
1229400
2061247
1078552
2136959
1270103
514518
1651468
2206615
1330489
1272842
1584604
2256759
2302674
577427
993469
58454
1593901
871844
1124616
3337690
2654645
664328
1052124
2200806
1805022
2757595
1822108
1126445
1354779
1535180
1888862
2156120
4664151
1382054
1389960
2183434
2199070
2327132
919196
59823
486513
939983
1043348
1553157
1786960
1709022
869973
1070639
817174
850744
1611299
80411
3513159
1008503
715044
1594728
2903032
533332
1067859
1011650
1283136
106053
2135495
777263
1555808
1118614
1790044
1897995
1158593
1215580
1023355
1508788
2719283
57735
1607114
1344602
281500
830322
1589834
2134194
2242173
449484
555108
1493486
2237588
2541870
1274579
1745945
785897
2231088
1158474
1922293
1905558
1824194
174604
2183916
1853285
602917
768454
538765
1014580
2102290
2666540
2104522
1065898
692670
665509
2061485
1460396
2316225
203993
3577374
975418
3772513
2504422
653335
679242
1155515
112586
1097543
140558
925540
2296606
1609741
943019
2835408
822138
1375890
1765847
2329582
1921069
1253592
883754
1519863
2273031
2027309
2655718
1103732
2009509
920879
320981
2853674
806376
1512179
1992895
4376532
758500
1243461
1045650
1034737
97397
557821
2267564
1902818
1105536
663819
1432041
1329774
538214
2311599
1147151
922587
1843609
220411
105265
1455352
530589
368238
728872
27466
1694501
169450
878369
2389485
647443
1828339
669513
1905396
1073658
552068
1862002
991733
1033154
677541
1134359
1891490
1354522
3879769
1377156
1454085
966203
1175532
3752975
112218
1120086
1898019
3509293
1130130
1181268
1740944
4126737
930424
1593361
154592
1687641
2006494
2125715
1949106
1253622
1844239
58455
335041
919002
999566
321336
674197
2142744
2523668
2485595
63526
1309336
2044722
1713085
368157
211503
2880023
1820817
734452
1460697
1457177
42244
909032
2156323
66246
3893054
451612
1677854
1850759
1601984
283509
134301
1234324
1243079
4329353
21277
2512990
58970
1911572
899302
50926
43266
2413242
3591213
2022477
504916
229283
1005398
1156885
2329587
2269684
2530810
1805979
4165657
1668945
1134784
393953
1782802
2102274
1363026
1643844
831126
918393
3093275
428931
2116146
1405981
666347
894471
1899872
2063079
2053719
1612329
1694395
1348191
972658
2665311
1741740
531151
3215025
1209701
406970
2203212
47930
1826966
1300972
721613
1814107
1341646
2161305
1185311
1249175
126877
1186901
2241691
1165694
397299
2495789
1629635
1859282
515953
1389757
308917
1595777
1620144
1080851
1288858
1791893
2722432
1713953
1044728
1385215
855975
315
1794985
1643106
1717648
1168340
1634984
1785185
2749013
3459056
1230854
545169
797329
2134895
1304728
1848830
1243791
2844649
1241924
3946759
1115844
1013839
1609590
1813857
1082768
1592916
2182766
3206007
203526
2507691
1917039
3503277
1365214
1225627
1468647
2404675
1483474
1124313
2834752
2583616
4174539
1391815
442861
1768241
862088
3707950
2622988
1396152
1008121
2260875
2290441
1639261
371621
660593
452508
1741989
2004892
3516421
3093269
2398423
4314299
2697861
462736
2274992
1353936
4678354
1180926
2863658
1967216
1584957
479812
1142884
2234162
34774
1529763
3604997
1735472
1075653
4146007
4309247
1469136
1126228
800533
1859153
4828570
1525195
1679789
2677188
1186951
252836
44104
1944778
1709121
441828
1134237
2445806
1023370
1701775
3151808
4242563
2628955
989228
2004925
465548
1004398
3526113
663725
2726346
1891549
2077273
1457148
296384
1634629
2109120
2048191
1166729
2332462
3194798
2002322
2278525
814676
2117909
2512991
733909
2296588
2479479
2505545
1925935
3034593
500183
4472749
3572698
1492654
3802844
460044
592673
953133
47359
544419
2004828
1365772
1914735
3582938
924414
857602
4049612
1562891
1702903
1143995
1892253
4444067
3313094
917062
1540892
3403124
1636879
4131123
1166229
4210354
4252607
203701
124321
1166214
1246251
1899100
794480
2301247
2223096
2321562
4321070
1733018
3773045
2125366
1354657
5077208
1914037
3438148
2149131
2679663
2319274
2198640
2519700
4728369
2782887
1158060
2428727
1587059
2868388
1889232
2318237
2068025
855536
18170
2329714
906558
954692
5095299
781124
972691
1257239
Total scores: 2550
Average score: 229490.22
SSH: 245, SH: 894, SS: 7, S: 7, A: 1246, B: 107, C: 34, D: 10
