4047519
4059156
2521259
2737173
4085207
4029403
2004892
2737141
3707946
2735748
3577374
4059149
4047799
1075797
2667802
4246671
2753891
3802844
2257346
3313127
960875
2641556
3707952
2303916
2321562
4059162
3272740
1353828
2267564
3438148
2798374
3517482
1076862
2775397
2044338
3869560
1776723
3697682
4176938
1631588
1226524
2689931
2579665
1620144
1013839
3135149
2574259
2863658
3037642
2046445
2084319
2223077
745360
3614514
4048545
915210
4303991
2628955
4027058
2633231
2599504
611931
3656603
2301351
3034593
1044728
1816243
1592916
1134237
2914646
3578631
2008748
2041050
2179629
252836
2963216
3322635
2168419
1124268
3369714
2264767
3119369
4059151
3273140
1656727
2021776
3579652
1028733
4020050
3145600
2279621
1816571
1289675
1366917
2246659
2597020
1286241
929999
3034391
1791893
1399651
2274874
3967023
1186901
2586420
3301849
2238881
924414
4214499
983609
1451282
3365585
2624331
879062
1165959
3908671
2082725
1701775
4322403
3285233
4046281
4295249
2503284
1805627
4302998
3104339
2677343
3976192
2200805
2383590
4061893
3582938
3415914
1302583
3710758
1108758
1895605
1842675
2512990
1527747
1926958
1385398
3023414
3220698
4020054
2675756
663725
4205425
4019294
1838426
2084862
4294727
3509293
3227490
3040755
2202603
1820817
2173528
1067513
2660646
1715165
2870806
1694855
1405991
1180676
683409
2918482
3147541
3304843
3901232
4276799
1407152
1895603
2505956
1968283
1159687
2834752
2986935
3019859
2173926
1231616
2331169
1768802
2134458
3782349
3025113
4108340
1150868
2457532
2989057
1492911
3773045
2813660
2750832
2182100
4303783
2457519
4303784
1141858
862088
736215
1241370
1410549
2565674
1895604
1274573
1319547
792117
2484994
2354378
2791233
3591213
2116237
479812
663776
4313787
769590
3549213
1265017
2556724
2941386
1909230
2562794
4302249
1270000
1770893
2469345
2597616
4028364
2658147
3078717
4294493
3074108
764472
2069841
2084545
3217677
3460680
2731312
1142884
4029683
412288
3149030
3703862
776951
4131039
3604997
1377588
2802736
4186244
3707958
2249387
3765522
730865
2410948
1118614
1062394
1451703
1655981
2518847
3782929
2492632
1895607
3227871
3812908
3578634
4020049
3500105
1289927
2485595
3977703
1793625
3926567
3333793
4284414
1456499
1508522
3902488
2535899
2869875
4009220
3772513
2444148
1649528
2523668
2622988
3533482
4295540
1004823
4029682
1954858
2269544
2799357
2653213
917062
2789938
2177848
1844239
2853913
670881
4027448
817929
511046
1936713
4048501
623699
2128030
3637960
2245774
3650854
2703055
1961263
3283445
614323
679004
3964630
2657557
3846505
4009159
1892257
3050529
1701404
3022540
883670
1649842
2708949
2693244
2326754
1782046
1565265
4284415
2844779
3034396
1709022
35015
2460779
1545707
1695382
1915340
828242
2116146
1208664
1679789
1836593
3704761
1809151
2411125
1365772
880496
3152325
1164568
238766
1204537
966243
1918015
3688968
1952037
2336764
4238983
4302972
4283977
4312255
3096363
4163794
3950769
1181761
2204720
2404675
705091
2514739
4029709
1672204
2731892
3816334
4001494
4047804
133938
785999
4228703
3844552
702412
2399207
1341646
1344602
4295242
3159026
1125642
3294694
2769784
3566847
821785
2642164
679131
900957
3054701
660593
887621
1758255
3488458
757067
956483
3526113
4313984
2674297
3625849
1665638
4313921
4001454
4047810
658127
2677019
3825430
3767017
4030294
3651961
3290202
680689
2272898
433005
2229349
4142643
2719372
888010
3765166
1488203
3946759
1233778
2622747
222411
318340
1612465
2705665
550235
1217417
858241
1345676
2165744
2781571
3073983
3351879
3333255
791274
986837
4093245
2124420
407788
836339
2061192
4166238
2058788
2133576
2452860
1409923
3688644
561335
1111047
2307015
1489207
2075545
4031440
4029716
3567527
2870649
3638672
1706407
1714637
2387523
3444967
2750915
2294643
2790135
1086267
3148234
2602090
4309247
1629635
2543190
1021421
2269279
3474387
1884654
2413619
2966682
3980676
2282368
969686
3624869
3643658
4321955
864446
2141415
794899
1782215
2138577
2054191
1243461
1852605
3582418
1892253
3089375
211154
1262025
992563
3591908
3921649
3892142
959426
2296022
3226413
3353491
1646483
4104249
3108587
2275674
895997
1127798
118068
3880919
3756270
1849580
3051162
1118296
3338304
1872564
2574880
1706410
989228
2980529
2140220
1219705
3620693
1126915
2812094
1766943
1021579
415479
1092582
2083439
1606115
3768762
4078685
3499015
2479479
3530608
3963274
1917082
724015
1554312
2123284
1350200
4003754
269294
1802456
3899931
2689921
2198640
1459559
544419
3040791
2906051
3607872
308917
1681634
3340195
1563135
1075653
3322065
3412600
801303
1902818
347360
1634629
2398423
2545604
1911308
281390
2250398
2113754
4001453
172662
3349095
2902384
1932597
1715917
833605
2966215
3396352
3151808
141423
4313789
60737
4275147
3018109
1979409
3137396
2318117
1468736
4284486
3397001
3613647
2006936
3578050
4020053
1312375
4285230
2615898
2709014
1243117
4180630
1397854
3718868
3526953
1296370
3564221
2067859
3093276
2332178
2125723
1997307
4029717
1622044
1230854
1897317
2839767
3843161
2225299
2513592
3876086
3547780
4049302
2351094
1220276
1890216
2255738
3593409
1815397
2660053
71080
1500058
2328679
3064687
2199470
4295240
2640882
924337
1728493
848159
1137448
3385419
1826438
3790613
1400367
4321780
254656
555797
1321823
1715163
1454085
3438591
1473296
788979
2868857
2156318
1034421
2256387
660247
2622659
1279343
2932019
628343
3851147
1787964
2136294
2519700
3688379
735833
1681810
2144017
196888
2719326
3229021
118380
1024480
205282
1427476
1977950
4302973
1774124
113897
3299402
1110532
3608097
2554582
2740274
144029
462736
1142669
3306465
279481
2570115
1803397
3520087
3977191
734434
3572698
3217551
1643106
1911665
1144666
2135493
2987108
3243075
4174332
3019409
1388399
3996216
839711
422328
2505545
2692144
1569153
3602784
369349
4131132
146957
3710704
3056718
1113049
1785659
3081776
3934310
2328680
3320181
2295882
1256330
3169255
1229400
196977
4302971
1627148
755124
2309006
3290808
104229
2176046
3862357
1211828
4090448
664328
4017088
220330
2388944
1263356
3768437
728870
857624
3699308
509510
888621
4090664
1849273
3233265
462700
2268730
1476606
1977960
3305281
1636879
2360072
3205101
2352372
1874119
2132924
683825
1057141
890190
1034570
2680248
1231072
4029686
1467142
1289755
2321257
818304
1831051
3232901
1231400
2545234
2798826
2844963
2221441
1493052
3907830
48098
2706308
1535180
1676851
1995061
2141888
1476582
1115844
2433641
4082763
1914037
1839222
2504927
1373482
1587059
1294884
2223893
1682424
4052458
725718
63804
3229008
292319
3144118
32570
817623
1644670
1387661
60089
3377513
1618980
2077273
1226973
122693
2254470
2621336
256840
1697022
3239382
2570594
3236300
3760479
1843481
1090928
2689672
2277236
2630685
1715162
3755316
1290536
36332
3373983
2046351
172834
4302884
3046076
1010850
2025942
1025677
4004446
4104866
2237357
465543
1392444
1200272
927819
2593365
2514909
3385971
2331037
3906694
2520633
1927666
891757
3981892
4243845
1951034
1219991
926644
3533612
2889229
541990
2635559
1429457
260838
1840736
87570
2012009
1137172
1149423
2603690
1529763
3753922
4156714
897024
1234535
933875
53493
2921737
4009550
3020303
2250214
2909625
2563946
756423
2979891
1127861
2103267
1353936
3516863
2844456
2022237
770354
108021
2641365
2809623
3506297
1872563
3666371
3081700
3022072
2719283
2026790
4113492
1746492
4319952
296384
1606114
24428
1946834
84538
3553569
2488915
1532896
1454845
83975
2290441
1657535
4327598
64266
1182535
884327
339055
3377514
1865037
1955867
3874351
69131
235880
141722
2722432
4131187
1420671
3073484
3940504
4093362
3864489
1105826
2557466
3535523
2203212
2569254
3995168
975588
1479927
3352759
633993
4323073
3967773
4098179
492064
131564
3438866
3345193
1436138
3543581
3267210
47359
1063867
710881
1351114
1787870
3956011
134856
1760666
3273002
1084742
1415526
63115
3450779
3516568
3320342
2430978
1623706
222278
4291608
58064
3905201
2155617
1415582
2361328
1155253
3349363
2327132
494818
1400195
917872
966920
1942473
3479103
1926301
2330574
1420669
1816113
2200510
3890672
1126228
965549
2279404
1967216
3957347
638493
2643204
3985496
4031654
131891
4018669
2726346
1634984
381798
1865075
2324906
2017880
2710014
1175602
722844
1410776
2579270
3330501
237848
2480417
837567
911612
2705371
2768155
2132775
1985735
1639261
1764707
3195227
2319009
1085805
611753
3717906
1725588
3402307
4001404
3238785
4203995
2564395
1754360
1251844
281632
3688501
4029776
4128220
1883681
2809073
2583506
3877128
2150079
3821207
1715166
3629942
3992868
572525
1138154
2436912
1842523
1453452
1764213
2285713
2881593
1016169
531093
1935845
1569904
975418
1694787
2019478
2069999
894744
138830
129847
1103732
1399834
1348658
3958435
26696
75987
4013498
2238683
1163937
3905725
4019121
2321980
1530057
555291
2132119
1288341
1294709
1499387
768454
3831812
2669883
1989380
3102206
3644381
448698
4353227
3933636
2300525
3730520
3688687
978213
2226722
1395749
1454087
106965
4129169
1838165
3287483
3784428
4093243
3830964
3885119
1269711
774564
3633292
3945419
3397860
1031991
1029307
2242173
2060305
1157868
1398206
2102289
483164
828243
1065884
2815870
404663
1777584
172619
978026
4322080
733943
3626128
525278
1087334
2553242
92835
1213856
1630164
1286697
451612
392927
1640115
1172819
3136528
257154
845378
1383390
3891621
1502221
3101174
1988320
999720
3097451
2338623
1140187
816327
37166
1528283
2049467
789765
3737266
2411157
1366190
947477
2719462
1670874
2679663
674349
1677737
3076104
2045979
2446847
2267262
2648427
29844
1371599
820481
3041193
2921554
831241
1754266
2505634
2014389
1329774
1828400
967546
2200811
2439848
1706210
1350835
792545
889632
1396152
1003565
1370029
924759
3309764
2199220
2719334
1383386
3653442
2651784
3577926
2388297
2958956
1286726
1350927
839569
2127199
2485438
2095311
2597311
2413749
1733305
1584957
1829915
1869619
4090499
2106916
2225703
2304622
3411122
1033002
1166448
1861487
410250
1088368
3707948
2183215
2211017
2135405
2048191
848161
1881584
1216988
2357612
1348191
511051
Total scores: 1258
Average score: 329681.87
SSH: 13, SH: 86, SS: 51, S: 241, A: 744, B: 89, C: 27, D: 7
