4059970
3854743
4742940
4113363
1949106
2201145
2382377
4134856
4897206
3814186
2399766
4111035
2708949
4176938
2874408
1808605
4189841
1582287
2209202
2469200
4187053
4641395
3811857
3778937
4792013
3700073
2241580
1940633
4244680
2599450
3989706
2079597
2798374
4246671
1860169
2168419
4214779
2078195
4143861
4318971
1990718
4189842
2574090
4298765
1162425
1078675
1912971
3093271
1681360
1816243
4425879
2520220
2660294
3058489
4177434
2319171
3393903
4383664
3847754
2351797
1923214
2689931
2205311
2615210
4135160
2228387
1811722
2206542
1920872
3926086
4070109
1918978
2141888
3849847
2410948
2241579
4093216
3579281
1496766
2100822
3946158
2034654
1655981
1714882
1866087
4351425
2510998
1849580
1064976
3548649
3070111
4109500
4019149
1583228
4019853
4985596
2458202
1385398
902259
3683363
2629595
2573914
2117268
2294912
3038997
790048
3040104
1711307
1919312
3927904
4651531
1141858
2490307
1989203
2446829
1296305
4096258
2743756
3092842
2684033
4476448
3416615
2981463
2775397
3708780
3010986
2448542
2444148
2624331
611931
2639644
2659368
2365752
2368880
1157868
1279361
3383316
2911355
1588369
2677494
3722078
1537566
4751287
2539110
3361951
888010
3295404
3322168
1818641
3034770
2066867
3385971
1911308
2012300
4809580
2675575
2064453
3526823
2099491
2179629
1816073
2880855
1984886
2204720
2069841
2315558
1108758
855762
3647151
2323911
2335553
2671379
2634748
3526068
1529189
2663986
2470194
952898
1129193
1075797
725718
2279621
894090
769590
1533884
2568117
2935781
4134503
4199237
3232558
2297417
2176404
2084862
2301351
4507477
3414730
1997892
3071981
2629589
2361328
3078877
1630164
3029339
1690353
3012582
958038
4272569
2659724
1770368
1366917
2633231
3568590
2474574
3624005
2111505
2077119
3093269
2132119
1758255
2256318
3990534
1935845
1044728
821070
2294654
1805627
1736571
3328576
2805014
1498618
4158183
3284709
2543244
4039494
1569904
1270000
3551549
3901232
658127
2178404
4147579
1754777
2486881
2802324
2620911
1737899
1701404
1977528
2073663
2609731
1836593
2140939
3946327
3779342
1911572
3338714
2524160
2164997
1690355
2993974
4000886
2199185
3832477
1599882
4376495
1868302
2257346
4851922
3614514
2088427
2185224
3081546
2267564
4085207
2189687
2603845
1241370
3485539
2428358
3688094
1725588
2655355
2026764
1642274
2628691
3093274
2553242
1651290
1850409
1811159
3668020
4042905
3254875
2581812
2843965
1677545
2205152
3025365
1868531
4662519
1828346
1983665
4028364
4169905
1649967
2318117
2752177
2299523
1289705
4710115
3346897
3546710
4287878
1695382
4136910
1776723
3078415
4867605
1737326
2726492
1064909
4579565
2055393
3013996
3891761
1648055
1912276
2082447
3721240
2505956
2564395
1256809
795627
1701940
2750550
1218337
2362668
4435685
2519704
924667
1075001
3998658
1383825
3641902
4471539
3145600
2317127
2622556
2410945
2670208
1616369
4059980
1353828
4213989
4387380
3708195
3014649
2352279
804164
4140323
3745820
3989790
2628166
3910830
4543721
2839813
828242
3517482
2164274
4940126
4197563
1805022
2731892
2328680
3771026
4302219
1233778
2546607
2058788
1570203
2574259
2666060
2263415
1011144
2078916
2750832
1889804
1062394
4655948
887059
4641389
2914646
2615090
2123560
4783641
2231706
2682641
2097898
1618424
1738018
4224418
1990449
2485438
1981802
1860433
2626473
3885119
652234
2129143
2596015
2363282
2364135
658561
1090928
4543568
3489727
4577577
3517113
3737266
1395942
4055410
881313
1946507
2675756
2236622
1768904
4319071
2628161
4225083
1492911
4198445
3946600
2469345
1956730
1053520
2759787
3595734
4601814
1860991
1951721
4794531
2330482
3284710
1451282
4151821
3133842
4748878
1124616
1081936
1157253
2321562
3648544
2487880
3867964
2552099
2550203
1121435
2510015
3365585
2594347
4608402
1001682
4583712
1857519
2272898
3632631
2336704
3122902
2033294
1028733
1846270
4748879
2326754
2035291
3018109
762207
2679887
1121616
1736329
3012798
4876257
4415744
2581428
4419490
2069999
2914708
3666979
1984889
3932368
775624
2240526
1438917
4274637
3019409
1170505
2796473
1799275
1341959
2474306
1829131
4982561
1255495
2445438
2330357
2536179
3595421
1872396
1895605
4929271
2543043
2484994
4294623
2677493
3574500
2871247
3731743
1537817
2314336
4137259
888383
4419660
2050536
3149030
1199955
3025277
3501901
722844
657917
3160150
2188031
2465106
1838427
1170453
1186685
2256823
2699196
1241418
2477069
1073279
2250747
2201460
3257742
3349882
1257732
1842675
1649842
2185824
1770623
2790397
1893432
3893054
2238881
1528281
2184542
2609733
2530755
2078961
4095763
4572969
1125665
3629540
4719888
3061371
4934542
4479251
3301849
2022204
2576941
828243
2751287
2282063
1717456
2245777
1474795
1249175
2620562
3954874
3982291
4111778
2444276
4097424
2680248
2005307
4415495
2034057
3688672
3386362
1350927
2333525
2406461
1969946
4605491
1546425
2185148
4440053
2474570
3511219
2022718
1925409
2189162
3057656
4119955
1097182
1069949
806325
2512375
646530
2338610
1778560
1894345
2964222
1571309
4688135
1769144
2034983
1973410
958176
1989076
3843928
4838456
1675844
2781369
1936782
2122460
3561534
2590119
1706278
2287401
2679477
3926567
2811014
4547394
2518847
4536514
1029562
958098
1551135
3131529
812590
2450629
3486101
3773045
1158474
1281115
2612893
3871570
3419777
4379114
2205151
2468866
4186244
1332240
1707113
1843595
683120
4537613
1951733
3080936
3411122
1462180
1695991
1726994
774965
2843304
1829927
3697682
957468
1746492
1988911
1619555
3030240
1593724
2149819
4565942
4968530
2829777
1909555
1988100
1636104
1166895
1462961
2328679
4581701
1425809
4157223
2094965
2559963
4169797
1871842
4761861
1045650
2338619
816600
3997710
1146443
4917244
3567601
2245766
1506561
820737
1843589
1656727
1907933
1961271
2168768
4133381
1860296
2245772
3210177
2563055
1970565
978213
1943817
3714304
1484776
905800
1892257
1289675
1807735
737100
1843653
3526561
3399305
4126173
4054196
1121834
718679
1922277
1843481
2847847
1895602
827803
2360153
117580
2389303
1668949
1021579
2898419
2752359
2098783
2572295
2200809
1783968
1181871
1076862
2401487
2325387
3217677
1860295
1917082
1836772
1902624
2140745
1849273
2134538
3438148
4452319
2058288
3131107
1474956
4558321
1472982
869222
3144690
4134502
4735162
2560248
2256044
2276210
1394506
2819332
2485565
3933636
422328
2303557
4001503
2187211
3317671
1320246
4989342
2298047
917129
2932008
879062
1608832
986375
2796126
1046339
1895606
2492632
791713
4235060
2932937
2284893
2397136
1086431
1499108
792097
2389623
2360152
931791
3299312
3296278
1365772
1694501
3517587
2397826
1804393
1046830
2673453
2025942
2335100
2168206
3374928
1329273
2047629
1659421
1306992
2587891
1498630
3468557
4309247
1573320
1893461
749156
2034429
1932649
915210
4832603
1890412
4116266
2580634
3977135
2105741
3452400
1596706
3258645
2831362
2068681
1828342
980431
1640330
1485100
2062073
2789938
1534523
2853913
1605598
1405991
1993380
2206802
1181761
3360782
1289606
2097882
4276420
1621206
1801586
1354779
2112908
3746239
3841965
1672250
2603107
3999562
1580814
2460779
1822108
807074
2367340
2191785
2530810
1495848
1271985
2060305
1258642
1736332
1763013
4116267
2587226
1468647
3859803
2419085
4193449
1911078
2994682
3963430
3409146
1917315
1071424
1531547
3004527
3388689
1699423
1848803
2556199
1709022
1720903
1889232
3595825
4186890
3861182
1514898
2131079
3196891
1728456
2195530
1289927
4088922
1450423
2040582
2826730
1402392
3153518
2964230
3860703
3441037
2266572
1797548
2102287
1970829
3716950
2976489
2596018
4835404
1675832
2222070
71080
1935596
1954900
3797559
1627157
3028380
3307496
2524196
3237351
930249
1501933
1838426
4019213
1988963
2396057
1041481
1955170
1129951
3250456
1975201
970331
2461085
2794936
1574314
2237465
4931085
2518845
2267030
1454378
1239875
2863658
1925194
1242427
588599
1663107
1414282
5004968
4628575
4915225
645847
1947968
2150737
4421119
4939631
1343703
2026320
1989857
1262434
1595191
2512990
969681
1626530
1982762
2349467
1609180
1736333
1111491
2708457
2200805
1324380
134856
2246465
4704854
4860572
2026805
1626537
1500645
4860510
1786958
1820110
1581806
1860298
4665757
4246905
4064639
1710926
2449784
129875
1983676
770354
2204234
2049362
1649528
794670
2116586
2173775
559071
5106680
2514777
3405683
2881756
2165773
1034482
1414507
1988748
861164
1032126
2545971
145876
2069845
1836484
988726
1946909
3447737
1917158
1056140
1476606
1628654
3353721
4933159
2931007
4226880
1400621
2620607
2048477
1983406
1351114
1128531
1802736
2409643
1403949
3913527
1869933
2404778
2245774
711209
891867
2096102
4186288
2045979
1784600
1623285
1577789
1400414
2222861
4071590
1764213
1826438
589671
2924352
3206068
1509512
1098659
1649989
2590221
2118443
1311613
1749322
3663667
3663670
3877553
1591616
1621319
1106518
2528370
4321070
1827558
2559938
1587569
1271007
3002764
2166311
4783765
3127889
2303916
4690175
1262433
3624206
4844447
1573321
4284415
1630299
622407
4499311
1053415
3131407
1852572
338682
2151203
3850788
2223833
2044366
1903809
1210660
1483372
1545611
1231616
2419371
1473299
1024480
2628959
1180701
1717892
1759814
1509693
2123284
3629271
3039112
2790135
1246395
1975912
2076851
2161926
960875
4613531
2535899
991733
3499350
574107
3199095
696225
3118054
1571976
2044362
1621068
1895604
1193449
735272
808848
1348191
142954
1586061
2245768
2249059
3195618
983609
2160917
3211889
1557181
4054203
2742521
3796261
1303587
2154507
1556336
2712411
839569
1816113
3944616
2495251
2958102
1762429
47152
1637380
2060302
1399651
1898518
1401254
3026473
3895615
1209701
1097891
4039338
2245783
1706834
2216530
1911346
1934864
1286726
3992307
1264831
1918979
2101986
4839022
949011
889632
2054965
2382822
1419403
2610193
1793142
1396072
2349469
1163521
2298847
2558126
1907048
3341496
3592779
799913
2077126
3127522
2976962
1720423
2506296
831241
3348940
1582674
2170029
552068
1313431
2165271
1136506
1782046
2226486
1654117
2217489
1401283
1343383
1099837
4833931
1611276
887962
3620693
3739213
1962182
633993
3040198
2409644
1215958
2078661
3046773
2715815
1112767
614323
1818239
1627148
1193476
1378154
4756087
1601795
1844417
3629252
1267082
1897577
1159687
2776006
1610746
2347578
2249387
4203851
5070973
1992711
1962161
1289926
1779849
2387523
365922
1071416
2324863
744673
2072570
1743616
948153
433440
252238
1770893
1875396
1905655
4880274
1489207
1620144
1762724
1173955
2617143
1405981
2014469
2404837
1150882
4360220
683409
1487213
5107787
2100002
4463370
969651
2403677
1115737
2732588
1174467
1073789
1083052
991670
4298815
1612453
2537540
2173002
1817080
1109565
2394642
1602802
4734795
3194930
1519160
3130038
1643270
3495617
4685718
814293
2394645
978774
1396795
1956104
3768514
958093
1120086
3032562
1125138
714001
1544643
1247226
555797
2059942
2521210
953586
1183255
1964153
2237466
1519753
1501472
574471
1828066
4266007
2455001
2281075
2897463
2664065
1064998
1602803
2962175
2338617
1512177
1982647
3193043
4139032
438456
2904978
5083695
979155
1092090
2103566
3916768
1623093
1354778
1264503
761641
2409659
1625407
1717459
850252
1847694
1909554
1215956
3783072
4898213
2150735
2021776
4415585
1103903
2101911
1473296
1934139
1120405
1797542
3629259
5056300
2280910
1665526
1321542
3007213
1898521
933875
3657577
2245775
3833439
1752315
1741498
4060642
1742623
402031
1352342
1020320
1669955
1082245
2761854
4201398
328472
4944707
3400712
1151654
1059894
1055147
679485
1619564
3928034
722934
1372542
1144257
2398489
2410519
1349998
2763312
3126262
5053356
4549219
1026729
965546
4915914
4786970
968739
1574296
1508874
794779
2030431
1675834
4715452
2664030
1441404
4659634
793960
2318641
1257298
1227946
3812908
4924798
2292176
1851366
899732
4941465
4198148
2658590
1849505
1805438
968065
1579673
4678354
1700220
1675838
2885708
4310021
1493704
2102292
1003944
4321781
4487446
1722487
4153684
1827323
1046841
3992687
1182401
1350552
2721306
1067358
1344602
820483
1307291
3257370
3386358
1507125
4466096
1561394
858271
4591322
1459488
1985263
1994564
1312156
1669719
1679788
4067252
2352706
4408758
1492621
1783812
1944926
795810
996985
878963
1859166
323769
1653519
917062
3309939
2118444
2204626
4415180
4348113
1013839
1063410
1941208
1535708
1911335
2798816
1864216
1656000
1995244
3813237
1291657
1604097
1978242
4462023
887058
2685918
2232788
3745874
2707851
1282628
1213856
3877754
2193895
4322403
1995114
1557461
1503470
2547368
1106604
3583044
3223452
855948
2280205
4871245
3218068
2269172
702788
1157717
2008748
4905645
1494828
146929
3017420
863532
1474946
2344868
2058087
828806
1795805
4142035
1497404
433005
2186111
1620946
3248872
1027065
2689921
1149713
784369
1282960
2041050
4531245
1658312
3589821
3844552
1555610
983680
2974590
3629276
524776
1041727
3707952
1071369
933538
1107220
1846275
5013310
1973474
1611251
1675837
941270
3629257
3196323
2665294
2620910
1799638
4602801
1820714
1149638
1373950
2127344
4145550
4097298
1143180
1911588
3642455
2030843
1675830
4610118
3256658
3403460
2139556
3963364
4611641
1990733
3273140
4295944
725920
1898522
1857527
3834251
4182684
1794682
3205990
1180151
968350
4354449
3950021
2842861
1520964
4889331
3885789
2157863
3083319
1051587
4001389
1294950
4323259
2128030
1298486
3881559
1725346
2123603
1968445
1503624
2674928
4784320
1091249
4905444
3684494
3782349
1989201
1623092
1512820
1474947
4315024
4061167
4351426
1675842
1559387
816734
514518
1851299
1679667
2514462
1562151
824970
4470043
3675153
3265468
929999
3667191
3554204
4243596
4559341
894189
1898586
1807642
4634744
323875
951053
787430
903049
676172
1385396
4291608
1192759
1643386
3397860
1639738
4100046
4438736
637549
1635873
1133813
4913570
1662278
1820640
1572868
4345352
987133
3998294
1073711
2658705
4530677
161787
1610745
1886839
2538865
1068383
1055828
1436138
1956122
4192921
1636508
1076975
1343515
2240223
3220652
2528860
4693135
1092980
874884
1911799
1403240
135370
1861487
1585970
4103447
1503914
4480795
832691
4585194
1915794
4639610
2976276
1675841
2312539
2559126
1264972
4130232
1356093
4125069
1455779
4876256
4733327
1158325
1846237
1149303
2921008
958423
4205425
131891
3194798
3881448
4767042
553131
1845585
221950
4914702
1701996
2682795
3265469
2184545
602973
869197
1083092
4468592
2089708
1819587
1104572
2598992
2330977
3787607
3861892
3035762
888015
1827324
1183799
4449473
1474944
2689633
2752284
2559412
1149925
2988681
4896646
2564638
3486973
3902488
3632423
2337264
1744717
4138632
1496486
756448
1153238
1509915
4010877
1078552
1648057
1893431
1451992
1008850
1315334
1274573
2222638
1480366
1018238
4337229
2794354
4722155
3235421
753445
4315784
1975370
837569
1871950
4350927
2660646
4303481
562315
1247238
4531537
4952141
4436738
1572198
1181218
2881772
2067473
1091973
1676342
4943335
1218649
1095854
4795709
4097519
2013012
3169154
4059151
1300413
1261191
4329746
2967232
2278930
4255032
1228322
4147971
916631
1603621
3705325
1675833
4468295
2384875
2610039
1682946
1385397
1886819
2668065
4872483
5059741
4542679
1065224
2680328
3765166
4304057
2223077
2610170
3347203
1855801
4712543
1065821
1095288
4914437
1016169
1071125
724015
1105826
2715945
2703519
2022061
2198530
1610994
572051
2016528
2599084
2331367
3654660
3533837
3916155
1762729
2342037
4402860
975628
954692
2049457
3359328
2480902
1396152
188709
3509524
3343060
3758766
1153237
4050011
3201572
3554815
1990062
910147
2343932
4149812
1103732
1289755
1383388
4216118
3229766
1044610
4657226
4090663
1153669
2081844
1988320
4607880
3126758
2556724
1816571
790415
2949363
2022378
2667802
3669845
3081735
1592916
3928577
1763937
4987241
3252187
4153914
279032
1788628
4537193
1398206
2223047
4557768
2544136
1603296
1699366
690778
2278105
4985836
1784909
4772080
2739658
4224075
2284222
5067150
1071242
2610843
757984
1261879
1026666
667857
407788
378126
2354378
2304259
1800249
1150597
4571896
2765641
4897819
4850273
1600283
1895603
2014039
509510
2991730
1519863
4724950
4452451
3755232
3007202
776951
1030374
2245771
1868016
2589942
83975
1895607
2449791
1968283
817174
4108340
4152746
4981161
3877600
2359630
3117737
5018552
3351262
4526700
3629266
4950835
4419503
276451
1250652
744040
4393489
1252078
2144222
1791888
2743354
514597
4404049
3196892
4417977
2584022
3337887
1302583
3029802
4210562
1149864
4255801
4493700
1933400
5083698
3521079
461934
2684855
3882667
3783036
4257201
989244
1003565
4950140
2347052
276226
4872744
544419
4018029
2659353
3428685
625507
1151398
3505229
2485793
1770454
1002613
3967023
3282482
2335542
4404164
144029
2036484
1520550
1142960
138552
534327
1488203
3316178
4166604
2619743
4598620
2143603
4048907
3345686
1269218
3259955
2025393
1704599
1251181
1155987
2604568
4852491
3457729
3656605
775348
2949797
2596017
5006488
1150687
942522
4346107
677604
2472303
113991
2666513
3899964
4929215
2977084
1221541
673916
5060556
2295882
4184538
3354787
2269122
3149845
1640362
3459995
1225022
3836604
1804553
1949714
3577374
2925589
4614041
1894655
2633856
1935389
4610114
3534849
2399034
380646
3066331
4034516
4647432
2353596
1938392
1555717
3497321
2544752
3980686
72585
2807851
260843
2079965
994495
1563453
2488855
2913452
5057521
2116804
4728612
2029046
1127861
2318887
4885549
2716750
1517511
118068
2932491
4124528
2014389
4839949
2457461
2306595
4123456
2123199
201523
1031991
3629251
1922705
4041185
2737141
3425436
2627437
1764288
3074108
2444910
1158424
4190504
4694870
4054015
792420
2053094
734434
2140171
2019428
3037582
3147541
2891125
2003632
2947344
1689479
3622207
2383590
1631588
756424
432839
1860524
2164201
4710855
1454845
1377957
3344169
2737358
2413824
4180630
2582566
2235495
129891
4578043
4291753
3794276
2726346
3873289
3638000
4880497
4925156
703177
4468818
3483015
2707857
1295849
3629261
2735748
1675839
4950775
1020746
4672863
1786703
2719875
1134237
2980298
519080
3203785
4212395
1308512
2095008
1928647
3908671
3834882
3814944
4225030
1671126
1294084
1510674
4172057
624133
3095036
2449190
1360672
1704984
1166289
2991731
2486948
2282067
3963421
1768241
1671458
952368
4176647
4533542
1762728
2725342
1786929
2596894
1023307
1142884
4283907
4035235
3627857
3085497
3186728
1414928
1354842
2907457
1704600
1933112
2596789
2288017
4532648
2597616
2586769
4575776
3472931
4302998
2615297
2044338
3791261
4710792
3162796
2327962
2660053
2519673
1059388
660593
4028888
3369861
2834752
1012155
2825148
3816286
1180037
2522697
4978004
3776011
3958276
3030775
919772
3655971
2778998
2890370
3427312
2327794
2183646
1642162
1819898
733755
5069637
4573964
5100146
3802844
1616894
4564532
1700408
3907916
4228703
3181298
1944778
3081573
4861384
4307278
3450516
1689229
4003641
4503949
3203760
2471823
1263876
3661258
706413
4423554
1230854
2020602
2237579
2194234
3429718
1059263
4861771
2145232
36332
4541862
4013493
315
2751658
1181031
4610113
4019123
1820921
2347579
3415914
4859703
2817542
4533593
3734751
2468861
4355276
2111658
1815453
2490294
2530370
3902712
1992112
3369471
3811238
948198
4641078
4248544
3204576
4288589
1078193
1021550
3243427
1768802
2514776
2514739
3851267
1412805
1043129
1358921
2054334
4219575
4845231
3313094
2719430
2173763
2868388
1644653
580941
1809151
3263755
1755497
2604746
4176213
2492890
745360
802755
726381
4356187
2655079
1632327
1906894
3666734
2831663
4673082
4091838
1684963
4027448
3895339
4950836
4294727
1737169
2280822
3357805
2399767
2945512
1124268
4855256
2462439
4111607
4169920
4675850
1951188
627113
2565674
4300647
2298473
3003399
4829677
70058
3707950
943019
2672843
2860521
2098245
1824928
4009913
2912320
4466793
775513
4027058
2889995
746737
4561659
2717891
171642
1462836
4862050
2078788
4017977
4947078
2294521
3415077
3276649
4724072
1644535
2448565
3386365
3535240
4570949
961907
4227369
1573918
611245
4630743
4595103
86852
119071
2640222
49612
3121730
2974112
3197548
663725
402601
4246897
1961300
4431476
3367621
1574311
3242261
3422724
3164185
4931905
4064324
4321803
3401639
32345
816627
1684086
4947083
2024745
188318
2046445
3626128
1329774
1432834
3048435
4792718
3869560
4372879
1383389
4310272
3150574
670892
4078685
4785245
3593473
2271628
4915912
4225181
1706210
4236385
1671171
3257722
3119369
3081816
2278525
606167
2901666
1734082
3041777
1291267
2800850
4225770
1836903
3574940
2575572
4874327
547598
1160278
4048545
1724319
655679
767835
2460926
3834249
2796128
1810372
5080878
2004892
2774742
4792231
5032715
4257707
1396915
2431781
4555447
4017986
1801936
2388297
2304137
4522814
4572845
943328
4143815
1899764
3801064
4047519
1354657
1890494
4794413
4489951
2495051
1671283
4575086
712349
2651853
3238551
3873678
5021195
4900284
4266652
2835281
1523721
1299236
671412
2997125
379038
2740030
966135
3894910
2128895
2155470
555501
134301
4047810
2200171
4527530
3266252
464644
4644712
4583688
4528224
4683486
4767183
511046
878369
3597317
582975
210164
2729687
3118604
895997
5009463
2248790
445437
1214378
965549
4211289
2135495
3858877
4721743
1299791
4223842
1844239
3855392
1201506
2742960
1226524
862088
1843565
4093542
1783034
827317
4246617
4133479
701018
3564083
2755634
133938
310071
468186
3440920
2786058
649545
1918344
4853789
3498387
1527884
3419039
3764362
2708442
4059156
554957
230523
2478213
1468970
3707958
2462350
2524882
2173926
43550
3623961
4101443
1530587
2717154
4610115
3647047
4092693
5040987
2125720
4629906
1155146
4342891
3753674
2753891
4454372
4088605
5005640
1453405
1315878
4374452
2554676
3235170
2384410
144414
486513
4829379
3623520
327899
2893305
3974974
2703055
2670354
1118614
4054201
4862120
2184521
4043946
464973
3460818
2391970
5058000
943399
1572830
2616989
4189161
4198014
441740
4681625
986943
2983785
1194093
703419
2269609
3468593
1192902
4140191
84811
5041440
3873432
2502105
2598347
746296
4355592
3168834
1963713
1541683
820619
1153526
4470795
3862594
1028144
3564211
2506721
3805636
3151956
2547879
3242436
4640775
3220698
2414165
3118504
3107578
767804
3238909
4143783
2117909
2502643
5055300
3444646
1039198
768358
314496
5015496
2126101
2296610
4975261
2256387
252836
946405
1763938
3871989
816327
3492582
4923042
3905716
3892050
3678428
2987243
2640500
4549160
1103965
947166
5020600
1572457
209576
2144782
3704141
3629942
2399304
4834692
4226579
1192895
346804
4518871
2224852
943988
1010549
2640535
2268690
3719014
4693223
4549062
906990
1885376
2451189
4093245
5121831
3023917
2061194
3096789
3088463
1410548
1804490
1288341
318340
4059162
4031495
1392499
1003013
1687908
2225530
767837
2858218
2563989
3060298
4059152
2840670
4638949
1679789
50712
3722963
4330340
160106
4568304
1172819
3666757
4895740
3238447
3230638
4053803
4402861
3697986
3578634
1313029
279140
1252504
3802035
2556911
4173749
152819
890190
746415
4418212
2303231
3396110
4728369
3365768
119056
2457519
2540399
4528380
4796704
4695614
3363604
4712362
4383252
2946457
4728481
4833604
1910465
3756345
1872873
4556181
3033417
4617965
931126
2026140
4727786
60262
4214499
4569012
1378285
5091148
2057057
4472749
3982549
2713369
1763053
1681634
3056765
1475722
3705812
1951581
4019294
4039860
5013749
1966951
3895698
1302554
1421737
4058321
1662836
5007164
3495996
3680348
4706720
4609930
3105078
4017839
993270
4570808
544837
3034628
1715819
2047406
135810
1985640
3987607
974854
3976192
3686393
4999937
4037908
143189
4915906
2130516
4610112
1110320
4643612
4860513
3920755
116708
1699952
4610119
710228
4862037
1408950
2754373
4303783
1154509
3565301
4024584
4880186
2139094
4769662
82709
3543557
4296268
2138931
744333
2264767
935135
2522356
4520249
622755
1126228
3613647
1169773
4046281
2745389
1010596
3696318
4311270
4549157
4645541
4913599
768454
549659
893469
1417254
4908444
4295155
4303564
3489230
2150750
4663324
1945281
1617047
1545355
1482948
2048026
2602090
2304622
2231831
505865
3520455
1269345
1077675
3977916
4726119
1512179
3173880
3209982
540798
4915911
2667571
1621084
4248980
1604098
3945419
4876749
1245883
3238820
4733441
3361023
4252607
2952286
3335934
1703420
2027828
2791233
766560
3066712
710881
3033120
4161947
807219
3643870
2911230
4719395
4648374
2152330
3920486
1846898
2775881
2100225
4468109
1803316
179700
3707946
2519706
576789
4129522
4722377
3582938
2412062
4985511
4908448
2659911
2726352
5012169
1277965
172662
2446847
4059154
954254
4221414
1389912
3217085
3531189
4818450
992563
3316182
3117738
2863524
2658147
4617328
450440
978877
2151554
3669551
2624101
3095498
4708432
4527232
2281045
136910
800435
3947280
3233265
833605
4305309
3871715
1862181
2568374
661902
4242786
4829740
1573997
2142744
3749486
4205455
2943627
2564222
2327211
1569153
4393672
3904577
4792613
3784919
3475417
134855
1383387
5041442
2153331
2226722
4555458
211697
1410549
1079550
3155137
3985893
2724942
1009456
2725403
3552138
3171546
3460940
2353370
3697983
771495
4038910
4715391
374405
5001641
4113492
3644156
924759
3547141
3693527
4786514
3205371
3879079
3493411
2862417
3739950
2295253
3585965
139634
3899781
4754841
2261561
3363551
2856091
1290196
3950822
4467458
1351956
1524103
2450838
4784164
3462322
4193439
1363245
1405927
1185477
3694302
1770626
3364261
4238673
2694319
3835781
2750923
2680800
4197240
4672306
4533725
1829658
4011352
4608407
2943873
3190602
4871942
3735874
4708805
4200460
4633867
4610263
4699050
4040624
1302372
2760656
3542856
5000768
1551121
4599781
4394341
2109120
3841003
4638742
4818584
2786556
947540
1987908
4802425
580907
894744
4545631
1988899
4889905
1968464
2808296
4664587
217977
4697334
710986
2599142
4579434
4288114
2556347
1890237
3091249
4054200
1715917
2302027
853919
483164
3844305
5039821
4415021
4433674
3380022
3520967
4529409
4175008
3583528
3229024
2172086
4632023
4370317
1950368
1329592
2607691
1356688
699471
5010080
2798051
999720
2390161
2626414
2846226
1558870
4746443
1784328
1933413
3615451
4704067
2928330
3968196
4812732
2794454
743464
4708527
729986
1524996
736396
4208098
1675840
1406011
711758
2399207
1401281
4944678
1221244
4204889
3802259
803123
3074360
3992816
4804609
4983568
462736
4717049
3460680
1527747
2342739
878721
4539737
889322
4577927
4787127
4599668
2641751
664328
4276057
4314727
2762534
3307670
2555841
4777983
2331962
4069205
3246922
1600465
3882370
3750028
2133631
633375
4841799
3627294
4356016
3470686
3614314
2808871
4235907
4602473
1762937
3409202
3564378
1208664
3746773
1451703
4584242
4570561
4243238
3609496
4956704
1874853
4777711
2006239
1504903
3873445
2304139
2139417
3880714
1482959
1092364
2419262
677886
1852860
1301498
2285712
1650439
1811676
677126
678031
784971
1836310
1691088
3151808
2413327
5013309
4049497
3007920
4999303
4467958
4592916
4425089
1181061
1762730
2456559
1269354
Total scores: 3312
Average score: 238131.35
SSH: 18, SH: 270, SS: 9, S: 37, A: 1637, B: 848, C: 454, D: 39
