1808605
3854743
2382377
1064976
1990718
2209202
1940633
4187053
2100822
1860169
1083470
1754777
1582287
2708949
1241370
2228387
2201145
2079597
4214779
3548649
3700073
1394506
1919312
3361951
2671379
2294912
3383316
3623807
1872396
1711307
4298765
3545720
2141888
3926086
3811857
2486881
3866017
2931779
3647082
2520220
3804374
2557979
2318117
1199955
2573914
888010
4055410
4070109
3501901
2323911
3648544
1714882
2470194
3544927
3624005
3070066
3432407
1895605
2444276
2632230
2798282
3468687
1816243
2116006
1125406
2511064
2448542
2128030
1681360
2616989
2959945
855762
2509953
2257346
2759805
2126752
1989203
2574090
3884667
3957153
3586535
1737899
3707958
1938974
2446829
2059822
3038997
2933746
1313029
2839813
2041050
2843965
2731892
1997892
3727753
675734
2324958
2659368
2469345
3041577
2331169
2624331
2615297
3078877
1732802
2069841
1861487
2514739
2935781
2099491
1296305
2319171
2675575
2117268
3990534
1838426
3465034
2419085
3666536
3056834
3438148
1776723
2368880
1129951
3762927
3258645
1484776
2568117
1631588
1047919
3131107
2681192
3040755
2659724
1150868
2823660
2602722
1157868
2979808
2818772
1704794
2863215
658127
4224431
3353695
3579281
2512396
3632720
2981463
1227415
2596314
2470211
1846270
3551549
1905654
2304622
1016701
2363282
2263415
2603845
3259955
1069949
776951
3773248
767203
1742937
1086050
2410948
1946507
1563000
3310074
2791233
2040582
2461085
1804553
2444148
2689510
3322168
3713033
3284710
1736830
2460779
1805627
2686031
2183206
2075704
2522331
1895604
3018109
3093269
1882794
657917
2437233
1849580
2594347
2485438
2660294
2775397
2991142
1770368
3160790
1652172
2615210
1816073
2034654
2078961
1911574
3357329
1842675
2530810
1890412
2166045
1621319
2202755
2825148
2123560
2365752
3133842
1649842
1845585
2394642
1160996
2321562
3647690
2535899
2629589
1494828
3030240
3473743
2458202
407788
2854691
3145600
1749322
2958102
2287401
2995944
3206402
4208798
2686032
3392330
2185224
2599504
3122809
1532376
3416615
2628691
1159687
2667280
2020385
3777926
2898086
3637960
1738018
2196278
2808871
1768240
2643264
3928577
2280205
1969005
3071981
3036835
1695382
2510998
2923009
2272998
2780924
3249380
142954
2506240
2837544
3040104
2750550
2863658
3074626
690461
2249387
2914646
2639644
2403677
3018924
2684033
3919008
2677494
1811722
3135149
3306465
4177434
917062
2898312
2628159
1492911
2069999
1474795
1895606
2172320
1148905
2477243
1709022
962194
2874408
3403371
2794354
3266014
1911572
2336764
2349467
3284709
3476789
3764179
1487821
1745752
2474570
2121230
1750661
2802324
1274573
2241580
2685873
3531189
2254763
3104339
2360153
1918978
2318971
3191142
1599882
2674297
1843589
2078195
2026805
1966553
2264767
1809691
3093271
3301849
2488852
1091973
2807851
724015
2118829
2173528
3055878
3873445
2519704
3222663
2187211
2530755
2485793
1954900
893739
2599450
2046653
1075797
1912276
1736571
1273685
1633675
1758255
943415
2518847
3392673
2726492
1846447
2182100
2133576
668662
2457055
2151203
2964230
1975912
2078661
680689
1843653
2624077
2201460
3926567
1667534
2465106
3117259
1170505
3526068
1498618
2098034
658561
2689931
1876015
3849847
1784189
1829925
1013839
1546350
2050536
142449
1071424
2737086
2168768
1858599
1892340
3247754
3262862
718679
2421769
1848985
2673453
2236622
2477510
4003754
1029562
211154
2382822
1571309
1969095
3034770
3122902
2474574
1886839
2016359
1554312
1895602
1343792
2124919
1655981
2799357
2485565
2083422
2575657
2468865
917061
2565674
3563444
3071358
2932817
1281115
4028364
3517482
1925029
641441
2548908
1911308
1259798
795096
883670
4001454
2200001
889729
1520956
2628959
1181761
2350478
1229493
2512368
2267564
2802630
1875178
1828691
1988911
2778308
2581428
3093277
1770623
4059151
1377271
2657557
2834295
3488032
2058087
1860991
2540399
3003706
3301339
1861434
1942387
3299371
1625960
2565415
1790044
1319547
930249
2615748
2552099
2223322
2779000
4142643
2245777
1951973
2467910
853625
2269172
2423610
650660
1229705
2667281
1476606
3229766
2251275
2596018
2750832
2495792
2701095
3359653
2801091
2014469
2423226
1053520
3251036
3920486
1936782
3355394
3688687
1649062
3001448
696225
721995
2232950
3718868
3073983
2336420
1983405
1962335
2161926
1892257
2266013
2505623
2732592
2245774
2884952
1691052
1642274
2532278
1409923
2316176
2633220
3211577
2184680
2381613
2102287
2603107
2726491
2631277
1827323
2834752
2957958
2462333
2246465
3012582
1997307
1859185
2587891
1822957
2827077
2193895
722596
1674283
3577163
1580084
2327059
1903809
2616981
788662
2545971
2054965
1351114
2158670
908042
2360152
2563055
3194798
1414507
1996809
2044362
735833
777303
1283568
1968445
2176404
2628165
397299
1474956
2041871
1700588
1461892
2062501
2533348
1261879
1620144
3371802
3063047
2556428
2204234
2537323
2229349
2460925
2124420
2160917
3708780
2485259
1942218
2798826
279032
2517107
2468862
1527747
2428358
108998
1120405
2914811
2562794
2349470
683970
3078717
1939029
2138509
1700275
2338610
2522353
2179420
2742960
2440571
710228
2654729
735021
2950367
2245783
3691317
2282103
3294694
2493793
1984889
3019409
381928
1416124
2327792
3449740
2404675
1494341
1564191
1580557
1644535
2078916
3215357
1843593
2941532
1086431
2628161
2274874
1892644
2048026
2974590
3557474
2953859
683825
2678437
617825
1569904
2027920
3579611
2202603
1616928
2083439
1679789
2544136
1491800
891250
2064453
2494157
2058788
929999
830322
833605
2599455
933538
3535747
2044364
2468866
2026764
2372903
2755564
2953423
3346256
1690355
2666060
2281045
1131896
2400529
2188031
845391
2822288
858746
3237678
1093605
1065821
2197486
890467
1137448
1477910
2784944
1211828
2619743
138008
2518845
2885069
2205008
1988753
2377917
2194284
1985735
926644
652234
2316652
1003447
1986409
2200000
1640908
2715288
2730593
1497902
2039589
2917347
2999238
2565084
2179629
2269609
2628162
808848
3238820
3020548
4031440
2706393
2794127
777074
2330974
1951841
1218337
2048191
3333745
1810150
2583502
1686164
1809113
1302554
1255288
1095855
2944304
1969946
2977094
2826730
4176938
1844417
2195806
1726994
1843481
2622409
2819736
2627179
2596015
2066867
2816643
2541887
1321542
2449784
1816320
3279668
2118443
1454669
2538941
2640145
2486606
1752368
555797
2102292
3890723
793697
2548907
2200809
2164274
2424572
1734750
3322016
2512375
3582418
4198445
2961120
820481
959426
2653571
2416573
1148303
3688672
741467
2468864
1396342
3256129
1215958
2629595
2331962
3671976
2626718
2315558
1955170
3063007
1863205
2915771
2041573
117580
2600870
1075593
1654883
2132924
2514909
799913
2477065
1619564
3078875
2234002
2399207
3582938
1124616
799166
3025113
816327
1706834
1941498
1970829
3820910
3332745
2245772
3082675
1856696
2020258
2538345
932185
2628166
2943109
2598933
650610
907057
3153134
3335285
2347578
1686506
164020
3500383
1015113
2111436
2196829
1675837
2790135
3014649
1162425
1165105
1962756
1936713
744673
1092582
1068383
2815257
1956122
1610994
1482116
2100002
762864
2237466
1941890
1915794
3322065
2584022
3902488
3251093
1978495
1557461
2442168
1989988
2594989
2829999
2686289
1983676
1381991
1911333
2331417
1797548
2301351
1185260
1046339
3340977
1316268
2449791
4074648
3283445
887059
3076004
2382179
3279110
2580286
2555568
2941386
1702172
1920872
2311467
1561529
2586410
4143861
3313118
2863219
2376594
3891753
1473301
1955242
1377588
1783812
3089375
1860433
2113754
1876009
2769850
678340
1992467
1332240
2932019
2521210
3013996
2225299
4059980
1675844
1656727
2281901
1986766
1307291
2420983
2022468
1872563
1922284
3229024
1951733
2803332
1766841
1046830
2916903
2457197
1932649
1405991
662064
3145415
3111990
2226722
1886838
2243773
929532
2578200
2097562
111680
722224
3636358
2201553
1988332
922638
1084804
1756905
2342058
1193468
1764213
498989
2042429
2679998
3136135
4131132
3206043
2853012
2959445
2105962
3257742
1594727
2237579
3530608
2510378
2453711
3206007
1826438
2860521
2457519
1783813
767774
1902624
2896394
2603860
3733027
1351956
2245766
2351580
888305
2790399
1354779
1898632
1831051
1219094
1860435
3070111
3313127
113978
3573970
3537841
2514777
1862796
1762429
2777604
2194972
2581426
2450629
734339
3399989
3977703
1978494
2488855
3547780
3592622
3902542
2617143
3977190
854616
2790639
2040771
2390945
1632673
2173398
395399
1737326
1473299
276451
1758872
2226486
2419262
2164997
1440668
2009116
2794850
1992711
1264972
2585550
287018
3427703
3880714
2347052
3378304
2449782
3523999
1649528
1188840
1069966
858271
3276769
1863256
4024391
2295882
3365585
1291657
1583228
3551703
2022201
1893461
3510655
2477261
1534523
569590
2246152
1961271
2650194
820483
2483555
2642164
2112385
2924687
1529763
3973054
2299561
1762425
1420353
1651290
1899511
2163084
2060302
3707952
1617365
827803
1410549
133938
339055
4140323
26191
3227490
1573521
2509215
2736374
3629575
2754193
2499427
2868674
3309764
2689633
2562756
2480927
644971
2254752
883953
2791409
2238956
1389960
1771656
1974409
2336704
2617772
2921706
103102
763167
2794936
1396152
660247
1138405
1828346
1889232
2941529
3409202
90651
2301247
2645456
3523496
2668594
1977469
2696658
2452960
871154
869222
2549677
2469346
2479219
2118440
1649064
1614477
999064
1962161
547275
2236177
2529372
2397765
1947968
1754247
1401254
1553356
2716411
717133
1129193
757003
2646233
2030431
3257738
2092400
1318245
415479
2460727
2444149
161787
1968552
1059894
953394
628755
1925633
1659421
2119075
2102902
918819
2449792
2278072
2893147
2328396
2504951
2586235
1763013
1556336
2313705
2904679
2598992
753445
1810188
1612024
2361362
2780323
199593
3057790
2171683
1513237
1892411
834589
1848803
2919662
3369861
3349715
3287485
3977916
2461089
1381994
3333255
2184521
1909552
1383825
1993380
2586408
1890494
1762728
2911744
1455320
1989405
514516
894011
2302647
1305272
2230996
2974264
557821
722844
2757598
2449789
2241579
1093691
744040
2150737
3707953
1419403
1982645
1230854
2197185
2132775
2993246
2627437
2269544
2498640
2804601
1897317
2622797
2475402
2134428
2443188
2585811
933875
954029
1270000
2606880
3051162
1031434
2328676
2327794
1982050
1032126
1574314
3101942
2598993
3881448
1082260
2816117
1983024
2640351
1368401
1919344
485109
746468
2648002
1665829
1520788
2869070
2637340
402496
1895607
1982647
1373874
2328751
1318244
1419243
221777
1643386
2834250
2870649
2475907
1829771
2052478
2677460
2448550
2735420
1782046
1136506
1947213
2410947
3120772
1853004
828242
3485104
2333525
2794378
817929
1917158
1389962
3618502
2378096
2969237
2646057
2025942
1704329
3010986
1115737
2546548
1302583
195290
1962198
2477878
1218838
3706039
2136959
852138
873389
3623520
2278201
2356425
1596845
2793096
3034593
2268148
3896863
2729395
3228439
4295242
2992796
1579823
1017559
1555610
695638
2540064
1902818
3388222
2220870
522171
2500693
3108533
1571497
177162
3685648
1809151
3019859
1537198
896753
1992818
2999233
1523011
197482
2328510
2373738
1968486
3102511
2685040
3098371
2473045
788088
949756
2877476
1711830
1925409
3121361
1121834
2419371
1836239
2241147
3338304
2112907
1188172
3222664
1851299
2129143
2809862
384199
1214421
1320129
3122603
2185148
2498395
1575160
1003013
2021776
217253
2531904
147327
1623285
2444151
2063622
1971416
1671244
1286241
1849505
2025941
2989093
1397599
1937044
1679794
1911666
3634185
924759
1963977
1687908
2444910
1212692
1501761
81136
1420669
2932583
1852572
2287610
3022085
1654579
1760798
1973410
2554841
1574312
1095854
1291658
1615825
2512372
2503284
2606925
2088427
921252
2410945
3093275
2851933
1618411
2008748
2381623
1621068
2180388
1033154
2442744
2733841
2300525
2839767
2554582
1545305
2733031
2161929
1184238
2258687
1726474
1610024
2232873
1765081
3208192
1864235
4303564
2151200
1911346
2512373
3385419
2716750
2231831
95954
3172674
3104522
1543673
2335692
2277236
3400712
3040107
1431590
1762724
2172149
2796126
1988750
2941504
589671
1951034
2971716
2357471
3753922
3989708
2200004
2279977
1962182
3666371
1933134
3751460
1324387
71140
2646961
2060305
1279815
2660646
992106
1663107
2514776
2479708
2598994
2737358
2072405
2057623
1414456
2634649
2685038
2325912
1465778
1586963
2347579
1561394
2053094
2050696
847313
2986935
2773184
746736
1329592
2163087
2851929
2104517
428653
1023497
3976192
2326935
1545303
2232066
2112908
1180676
1876016
1495848
3271290
1677119
2315134
1893432
1777067
3451160
675394
3920671
905800
2063931
753111
2200806
3640197
1410860
2784213
1142884
982600
1612454
2283411
1911347
2219878
1071980
1417797
1623220
1538580
1373950
1535180
1885376
917704
1654383
2271397
2583501
1084832
2796779
1797549
1689479
2222887
1233778
2219882
1076862
4020053
3311337
2350225
2047629
1656233
1793142
2330808
4189841
3580554
1352360
2131079
3037642
3654660
3591993
2083676
2002322
1639261
3015615
1839222
3834882
3393848
131891
2661439
2223077
1712377
1970401
1986949
3109786
2599431
1962178
244224
1243117
3908671
1943012
2545898
927754
2465901
890955
1559974
1897567
2897135
4113363
2881593
1702971
1063101
1610022
453781
2063291
1696257
1952037
2103566
2646059
3061894
969438
3054701
2129676
3352759
2907086
1829038
1317542
1583483
1807642
2142611
2516360
1556672
581931
403262
2070905
1612465
2789992
2724800
2172809
176339
2675756
2044368
1228322
1813803
2501284
2725790
279140
847314
3946759
1392757
2444943
2907728
698249
1683700
3008709
1591138
1046841
1524581
2572091
2595382
1111523
1603540
2208573
3912663
75359
1895603
1233607
2616665
3874351
2594030
454107
2726346
3322526
2857513
2563946
2456817
1322346
1529761
2172169
269294
2932798
2245775
1945547
110367
2304142
2815543
3934310
2693312
1524133
3369714
1934624
3228566
1983406
2024513
1043348
2400926
2237467
2028950
3885119
791264
786867
2183368
2138953
1484989
108762
1849273
914237
66246
2096053
1128411
2935168
3993681
2635238
3963274
4199237
1917082
2743756
21010
1155085
700607
3058298
3087084
2245786
1313971
2535608
2067655
3221833
2332655
1519861
2245768
1859153
3695772
1923214
2269684
1071060
1498150
1925194
2296606
1563135
2463985
594197
2025938
3514870
1979462
999566
2299332
2523668
1053519
2245767
1009022
3767017
1286726
3110488
1793422
1885048
794670
1154509
737284
1112356
539909
3150892
746738
3377514
2322515
2733839
2243095
1783725
3697682
2021335
1435895
2085643
2914496
2259267
2753891
2898419
4047810
3039613
3993429
2450838
4017088
2073663
1712012
418041
2129147
40017
2423227
1569704
1125665
1306399
787430
1030374
1855195
465548
2227344
2663020
2233986
3876086
935455
1565884
1809379
1630164
1204537
2272860
2328389
3041193
3967773
1912971
2293343
1503657
3233265
2620911
1312156
674347
2666335
1570203
821785
2447014
2495917
2505634
672737
3299402
1385397
832346
3644156
789765
1172819
3618901
2535968
1759171
1869933
2240526
4295249
60276
1295814
1015266
1135897
4116266
2012780
1768264
1315468
2211017
3989706
3739213
3903395
2348775
2176046
965549
1107104
4059149
745360
1625191
1618872
1593724
4009220
4294493
4197563
978213
1358921
2221095
2325387
2417422
2651801
1587059
2584895
3500105
2046445
2908653
2677343
416971
2568756
1857519
2135495
1811477
1215538
2039845
1754329
2209888
1165847
56347
3272896
2495113
1804342
315
1820714
418042
2610039
364532
580941
2409890
1289534
1573320
1820339
1954858
2117909
614323
1989838
3081403
2547084
822553
1399651
1983358
3217677
1774822
1361805
3448347
933228
1706796
2487677
2134458
1843621
1507125
3229008
1108593
3123451
3967023
3390227
2222070
2504695
3588981
2521259
2608130
2514803
2633674
1353828
2250247
2156842
1915340
433005
2388562
1080849
3125070
734392
2968671
3641870
1206499
2111383
2731312
1344860
252238
3747453
663725
1731253
279056
2118444
2219879
2719326
2316009
1385399
784791
4189842
2359453
960875
3745820
2250747
1535588
104229
3497321
2764026
2234918
4020054
2781571
3076104
4059156
3068235
2580981
3479800
4085207
2314614
2484994
3765522
2352372
1127861
3499015
2285713
2259739
2445848
1768241
3977191
1843130
2938751
3370732
792989
1077307
2319981
1206528
3722539
2651889
4059162
3462322
3141635
3126710
544419
839569
2507884
87570
2203573
3950672
1729283
633993
1817464
1506910
2184669
1415582
646428
2813660
2781369
4019213
1515526
1945146
4047519
39076
380646
3041566
3577374
2200557
3136933
3669775
1138154
238766
2535680
2479479
2886136
2407575
1826136
2853913
756423
2159143
1926958
4029716
2707584
1074894
2436912
2874944
511046
1165848
2463770
2740274
3491545
2783227
1454087
2591358
2388297
1963137
2245860
46298
2732387
1479927
2964434
2923999
1509460
1518125
2737173
2692144
2590221
2837137
3335934
4019294
4047804
983609
2643166
1113049
3395096
901854
1201899
3578631
2988681
2482032
3387004
2200805
1385398
1890216
3344400
1021579
1167475
2352279
2211141
3321835
2266572
2296022
768454
3591050
3980676
3081319
3569579
3262144
1534949
3323078
878369
1831032
1260832
113897
3452359
2929650
3011287
1451703
1343517
1236211
2359099
3164032
1713929
2863524
1182462
1846898
1397854
2657705
1981733
3535897
1979409
3520227
2636302
1785659
2376713
2199220
2677188
2778368
3246922
1842700
3397860
888621
1468736
3874133
3034391
865102
4088605
1091249
2285424
1033002
3626128
1572100
3509524
4049497
Total scores: 2130
Average score: 257040.52
SSH: 14, SH: 245, SS: 0, S: 50, A: 1395, B: 316, C: 91, D: 19
