4543721
2352279
4287878
3195618
4792013
1845585
4536514
2399766
2743756
4425879
2689931
2615090
4113363
1021579
4244680
1162425
4319071
3349882
2599450
4134502
2403677
2264529
2266572
4493700
4189842
3814186
4727786
2384875
2610193
2201145
3834251
1995061
4585194
4189841
4436738
4088605
2240223
4786970
3173880
1496766
1141858
3834249
4583712
2885708
4176938
3265469
4756087
4415495
2205311
2874408
4772080
1760666
4985596
1909555
3025365
2675756
2556199
2786058
1313029
4054015
2460718
1816243
3093271
2382377
1846270
4440053
1655981
2495251
1923214
1226524
4792231
1306992
1350927
4860510
2176404
2843965
915210
1616369
4039494
1148905
2639644
1838426
3644156
4059970
1353828
2240526
3040104
3070111
2898419
2321562
4197563
4291753
1911588
2179629
4157223
4246671
2615210
4480795
3415914
4655948
2798374
2172086
4690175
927754
1435459
2671379
4198445
2041050
2510998
4085207
2487880
4713808
2088427
4351425
4140323
4710115
3802844
1849580
4225030
4415744
3010986
2574259
1241370
3313127
2034654
2319171
3078877
2328679
2318117
2458202
1046841
4537613
2189687
1524103
1075797
3927904
2574090
1459488
1732802
1630164
1820714
2241580
2559938
2055393
1527747
2173926
4761861
2520220
1366917
2064453
1125665
3946327
1817548
1261879
1582287
4376495
3071981
2469200
1003013
2279621
3038997
4791385
2238881
1279361
2446829
4093216
1078675
2568117
2078195
902259
2168419
1828346
3579281
3849847
1157868
4272569
611931
817929
1069949
3721240
1808605
4055410
2629589
2660294
2281078
1414282
2300083
1805627
3034770
2073663
4199237
4095763
2469345
1711307
2301351
3688094
3946158
2084319
3517113
4298815
1754777
988726
2189162
1385398
2178404
1097891
4657226
894090
3911766
2280910
2553242
3879889
3526068
2610843
887059
1289675
1565884
2325387
1134237
4116266
4355276
1895604
4042905
3012582
2069841
3284709
1663107
2775397
2677494
4796874
2264767
3266252
1811722
2267564
1570203
1163521
2410948
4193449
1062394
1569904
104229
1083470
960875
1129951
1743616
2364135
1593724
4532648
1955170
3517482
1041727
2361328
4143861
2486948
2097898
2022204
4017839
1736571
2314336
1935845
2188031
2485793
1013839
958038
2629595
3745820
2599504
1220839
2257346
762207
4695614
2185224
2752359
2302774
2164997
2159408
869222
1890412
1073279
745360
2796473
4605491
2263415
1159687
4205425
3595734
1656727
279032
1186901
1210660
4147579
3257742
2004799
2781369
1836593
2615297
3147541
2331169
2603845
3256660
1736329
3462322
2659368
1690355
2410945
3990534
3003399
1270000
3989706
2077126
2404778
1631588
3438148
1826438
1016701
881313
1860433
1490015
1725588
1695382
2241579
1920872
1563000
4733327
1989203
1697643
4048545
1802736
1289705
1573918
1690353
2026320
2546607
4059980
901854
2058788
1892257
2974590
2589292
3535138
1473296
861415
1770368
990527
1895605
3526561
3022072
2294654
1642274
1828342
2512396
3509524
2628691
2484994
3322168
769590
2330438
1869933
4322403
3683363
1579311
1728456
4193498
2550203
1979409
4374452
2284893
2066867
2022718
2545437
2428358
4134503
898597
3737266
3135149
1912276
2581428
1701404
2490307
2223077
2034983
2572295
1969946
2791233
3104339
1893432
2236622
3893054
2274874
2799357
2033294
3782929
1770623
2518847
2237466
1918978
1571309
1654579
2964221
2059822
1044728
1776723
1405991
2964230
2360153
2129143
1489207
4855807
1451282
1734750
660247
1816571
2249387
2590119
2444148
2853913
3230638
736215
4655280
4617328
986943
1115737
2245772
3614514
1741391
2078961
2514739
2335553
2338610
2505956
2677019
1843481
1610746
4812644
2231831
1682101
326864
4047519
2624331
2609731
1193339
2245774
1649528
4822659
2594347
2084862
4415535
1399651
1989857
2750550
1619555
1633520
2552099
2486881
2995944
2285719
2860521
2596015
1843589
2562794
4657212
4061893
3604997
1952177
2470211
2169346
951053
1344602
1992469
1659421
2201460
1419243
1977528
4321070
1926553
1768802
3118604
1850409
2058087
2168206
2118444
2330357
3881448
1610745
2452860
1988911
2204626
1129193
2237357
1580814
3036835
1075001
4803734
3030240
3034593
2246465
1857519
2784168
2303916
3149030
1843653
3145600
2149819
2639521
4309379
2802630
2536179
3045622
1679667
2040582
2112908
1028733
3486287
1296370
3273140
3122902
3040755
1982645
1872396
3433046
1385397
2185824
1709121
1829131
3533482
2034057
3650854
1984889
1992711
1709022
2745389
1076862
4287016
3056420
2315558
821785
2628166
4001494
3926086
1073277
4236385
1947968
2338623
1961300
4804608
2681192
4851922
3351262
3119369
1895602
652234
2154805
1029562
660593
2333525
2530810
4804703
1758255
725718
3926567
2313229
3001532
2521259
2485438
2753891
622407
4636004
1919312
2314614
2590221
2971241
2102287
3578634
1071424
4561659
4131039
1944926
2731892
2468866
4705585
1911572
3728856
1343792
2008748
1720423
1500645
1860991
1675085
1556336
1827558
1968445
3582938
2481962
2963216
2245777
2044362
1626537
1886839
1968836
2790135
2552046
3708195
4309247
1969637
2523668
2684033
1353480
3644151
2278930
1053415
1086267
142954
2596018
1983406
2444149
2796126
3400712
3501901
1701775
3744361
2070594
2338619
2461085
1121834
3565301
4042579
2660646
1627148
1989332
2245766
2863658
3833439
4760524
228679
2750832
2530755
1621319
2250747
4028364
1985735
4546446
1124268
3982549
2674297
889632
2124919
2633231
954692
726381
3551777
4167879
4804559
718643
2084545
2602336
991059
2059455
2987243
976008
1893461
978213
1844239
1199955
1774124
4186244
131891
3623520
2468865
4570949
680689
4001454
995563
462736
2237467
2953423
1764213
986837
3697682
836339
3846505
4274637
1897577
1749322
2492632
3528324
1891512
3023414
2021776
3351879
2805013
1990449
1409923
1018247
2266773
969681
4093245
3034391
762573
2813660
4020054
1816073
4027058
4221414
2726346
1902818
1726994
1861487
2042429
1586059
2212453
827488
2149816
2082725
1721919
2149821
2732387
2237465
3607872
2629594
3388689
2603107
3564221
3905613
1612465
1954900
937709
946711
899942
1554312
1092582
1898518
2324863
918415
3792787
2386259
1785659
3018109
735272
1142669
1787964
2397136
1436329
828242
2962206
3101133
2780924
2202603
308917
47152
2522580
2052714
839569
989228
4018769
808848
1053520
4467049
1902624
2245768
3037642
1844207
804164
2005307
2512990
1504903
1401254
1097543
2020258
4404963
4831263
1941208
1969096
4886194
2541735
3765522
1983405
4001453
980431
1932597
1649064
2045107
805855
2579270
4839832
2164274
4009220
2053094
3405683
774965
479812
1695991
2994583
3093274
2102274
1816113
1643270
723891
734339
3884667
2638309
1385396
1274017
839947
2737141
3365585
865344
2951013
1388399
3152325
118068
614323
1620144
2825148
1474956
1826476
3995168
2194297
2083422
3040791
412288
2328680
2030431
4321803
2565674
1783812
2715815
1895606
1558876
1462224
2123284
3055877
633993
1809151
2044485
1627157
4831332
2067117
2057057
1219705
2201553
1903809
1501472
1332018
1911308
801303
983609
1211828
2931007
2779000
3107506
1932649
2127199
2060305
2326754
569735
1451703
1706210
2245783
1494828
1046830
2961551
2026805
2133576
2741601
1427476
1993380
4534810
2574880
2190904
3721142
422328
1142884
4491213
2670208
2045979
1026729
2351094
3844651
2820225
1546560
3869560
853779
300746
1623093
2326935
3772513
1828339
3779038
4813225
888621
1842675
2642164
2229381
1546559
544419
1551874
3567527
2060278
1396342
952515
845118
1494431
2058288
657519
1988753
910147
2477878
1848803
2926208
1925194
427090
2005910
1331610
2809073
4345352
4672863
2102292
756423
2116146
4606740
4794536
880321
728870
1797548
1402392
837567
1905396
3484856
3290808
935135
2677191
2226722
3582418
3285233
4985511
1951733
2778999
2004892
1618980
4009923
1619564
889322
3045747
767774
1644535
1746854
1345670
541990
3057801
1329774
3996216
2503284
221777
2735748
3447527
1612454
4047799
1519863
2513530
1797542
2677188
1621068
2149823
2485259
1830413
683970
1204537
936390
3892142
1983358
4302971
1406907
1746034
3572698
4009159
2658147
2296022
2165744
462700
2813781
2287350
1704794
4721743
795627
2483555
1482959
2309694
2380030
2304990
1970829
2246659
3142477
1949196
1949083
1714197
2103267
2449782
839711
1911333
3019409
994495
1923476
1782046
1951188
4431496
2046445
1853460
2839767
3377513
2044366
1979835
1345676
3097443
1034482
1670874
1457148
1822108
2618934
1474946
555797
3056718
1572868
3520087
1217417
1296305
2116237
978026
2242173
1258579
1692260
1943046
1765587
862088
3438591
2782887
722844
4172057
660249
3718868
3542856
2586420
1989448
2623831
2221441
3217677
3876716
3082601
1172819
1493052
2479479
1534949
1799638
3608994
2298473
1851299
959426
2345714
591347
2910875
3217551
1737326
2014039
2005305
2198640
1746902
4059151
1896298
1849505
4830402
2609485
1849273
1882794
914220
764082
3919917
3526953
4493040
941197
3118383
1679799
561335
2789938
1797549
2245860
2905226
1245003
1679789
960985
1349312
4074787
2003640
3459056
2897563
1137173
2901666
1911335
2779110
784369
47359
2580634
2446758
1986845
2128030
3350946
3934310
1751423
4576496
2986935
3020314
1103732
3379344
761641
1860435
1975673
2193895
1569153
2187303
2818076
1114721
437139
975588
1954129
2331037
2272898
3843161
1594009
919772
1963977
2327132
252238
1350200
2059842
1126915
3229091
3236300
2077273
1828343
4804625
2682467
2135493
663725
2862298
1872563
2254470
2706308
3126498
2436293
2917617
1982146
4168135
2682795
2906211
1634415
3232901
3349095
2041399
4020053
1827323
1893431
1158040
2434726
1317032
2518844
1925409
1967216
1610994
3963274
3530608
1639737
1797544
2569254
1579673
3535523
4017088
3333255
3565410
1986949
4353816
1787848
1595588
145669
3377514
757067
953586
4349848
1603081
869286
2354761
1800249
1467142
2449789
4417289
3363297
3309764
673275
3246922
2193896
3577374
1476606
4059156
1033154
4322847
930307
2574380
2461086
3753922
3230981
4483822
1741492
4804323
1722761
3338304
2502643
89171
1546555
1030374
628343
949875
1865075
943399
3625240
2376713
2914646
2245781
1095854
1429457
1577478
1843575
1227359
1618411
1329592
900957
1733305
2941386
1535180
1836484
3908671
1785278
3322526
2775881
2955646
1075653
3404717
1597806
2260875
1658362
2833172
1479927
3549213
2809623
929999
2255738
2124420
3767017
2254752
3864489
2579665
4001404
1949106
2596971
24428
2061194
4329889
2731312
1895569
4812862
2294643
1572100
2989093
3046747
1345671
2316225
3950021
2815307
3500105
2099567
2895300
93842
3707946
2245773
1648054
4723710
1679794
1991349
1286241
889327
1914037
2269544
3688968
1911347
1092234
3233265
2640792
889319
2036905
4376532
1783968
4528224
969651
728875
3405631
4291608
3311337
905745
2044338
2522376
3141635
3977703
2468315
4717049
1791086
1621384
2352495
4635796
983692
1469136
1627345
3967023
1864175
961907
483164
2628159
2131813
1566634
3624869
1155987
878369
1257855
2692144
131564
722968
1454085
1507125
4321955
1366188
1229400
1895607
1135897
293134
1961263
1351114
2245778
2132924
4183351
4839816
3098371
1592916
783860
4315024
3976192
3946759
1169773
2737173
2020602
2399207
2781571
4078685
4098179
665129
943403
4059162
3283445
1936713
4059149
1932866
966243
764472
2795613
2668755
983896
1895603
3578631
4019294
511046
1909493
3025113
1724319
4321780
1681634
1796309
2147615
1055147
2245707
2709014
2433641
2597020
1636879
2962915
133938
4494048
1560723
1899511
1870068
2075545
1599961
3912664
1629635
3150892
3748199
1408449
2655718
4020050
1694855
3333793
1665638
3304843
3195490
1563135
945107
2141415
2400783
4694276
2621336
816327
3980676
1587059
3564211
924414
3369714
1941064
2347706
252836
1118614
4562554
3499015
2030843
66246
896753
1852605
1061972
3802323
848161
3101174
285777
1315479
3298591
2870806
2554582
1646193
917062
1601788
3283681
1954858
4534347
1057141
2909625
3397860
1067513
924759
4322080
2878235
2250247
2182100
1702581
1829925
2868857
3305281
2164095
2802736
1791893
3397669
2719372
4019121
4163794
3656603
1797557
2958102
2011555
1643106
1306940
2388297
2459903
292319
1567435
1492654
3444967
954254
827803
1791108
1229651
457746
3945419
1634984
3026248
3412600
1926301
3565718
2277236
2061192
465548
3041566
2448565
2570166
1291267
Total scores: 1494
Average score: 254264.72
SSH: 10, SH: 211, SS: 2, S: 58, A: 1025, B: 147, C: 36, D: 5
