1990718
1582287
1911572
2847847
2701407
2034983
2294912
2615210
1988100
1754777
1737899
2404778
2058788
1652172
2480902
2512751
1571309
2444148
2059822
2741343
2629595
1626537
2319170
2026805
1596706
3461061
1524183
2063980
2047406
2364135
3708195
1714882
3551549
2122460
1001682
1659421
2294654
2044364
2336704
1936782
2069841
1986409
3018109
1847499
1200619
2410947
1876015
1912276
1911308
1977528
1843593
3448086
1872396
1989203
2396057
2496721
2444149
3167150
2564014
2574090
2628639
1993380
2467121
2351580
2073335
2168768
2118444
1890062
2055393
2628959
2248980
2123588
2202353
2552046
3977135
2486881
1262434
1941890
2570594
2237467
2544488
1576147
1343792
3884886
1730889
2362505
1565265
3346256
2763447
1570203
2686032
3963421
2628691
2203622
1695382
2398590
2064453
3927661
2751690
2615748
1400414
3036835
3158323
1934098
1056140
2410945
2176825
1199955
1889406
2154507
4119821
2025942
1256809
872155
1860435
2596314
845378
1554693
2287401
3470253
2861378
2327792
2236622
2506241
1510355
2225036
2793277
2563055
2282512
2185224
2543043
1860169
2728174
3286509
1341646
2530810
2050536
2520908
3209460
2360152
2249059
2567509
1746492
2130320
1961271
2506240
2595335
1474956
861415
2024765
3071714
1027195
2368880
2485259
1620144
2269172
1702172
2361038
1141858
2089680
3142477
3078877
2769886
2151203
1055147
2046653
2684029
3399735
1286697
845118
3131107
2422434
2568117
1575952
2237465
2880317
2932830
820737
1742484
2397721
827488
1804553
555797
3242214
808848
1642274
999064
1869933
2200171
2316176
3462784
1720423
2606880
3276724
1413257
1742753
3977102
2324093
2324949
2150733
1911333
4109500
1899511
1843607
3238820
3189105
1726994
2610843
422328
1859166
1790104
2041871
2053468
1229493
2964220
3151979
2860521
3092842
2690695
2458202
1701404
3552919
2479219
1032126
2576360
2394642
2126752
2818772
3471940
1881615
2933746
3012616
2802630
2593619
3526068
2332240
2143572
2409483
2772466
3175251
2323413
2184680
2512368
1172819
3055877
2047629
1084804
2408317
722844
1909296
1779729
2410948
3074520
2030410
1737489
2485565
1956515
3451114
1571141
1304890
3399989
909494
1988753
2338610
2038750
1885374
1401984
2573459
2838457
314496
1649989
1829947
2055394
1281115
1919312
1462886
2382822
3392795
2624022
2044368
3014841
2449792
2282067
2490307
2964222
1211828
2567535
2512374
2283641
2569254
2654775
2409721
2596018
2624077
3071358
1286726
2812977
2928330
3259994
774965
3020316
2742956
3172674
2459413
1827323
2278930
1899011
2809459
2778999
2323911
2496646
1843481
2089076
1848919
2138577
2098783
3159553
2859009
3494362
1890216
2477261
1860433
1946377
3193000
3363551
2064555
2801428
2469345
1736329
2207855
2502889
2572295
2176404
2023736
3283686
2923026
3466914
3358722
111680
1749322
1217371
1419400
1962161
3419793
1601114
1670393
1892340
1777804
3260996
1918979
1889804
3266014
2935168
1992711
3042164
3067643
1811722
3462010
2637738
3445237
3114295
1763013
2026764
2013012
2964230
2373899
2459394
2478408
1108149
2257346
1744385
1030374
2931366
2779000
2943272
2270781
1351585
3309668
2231831
711678
2511587
1989857
1260329
2152330
2164997
2794354
2223047
2416573
2881772
2347052
794670
1328177
3055878
2266773
2014469
2441822
1949535
1526792
2225073
1608832
2076261
1968836
2206972
2659368
1258642
2452216
2034707
1851299
1341959
2715820
1537768
3118171
2512370
1667374
1546350
1844229
1945175
2518267
1941498
1660602
3071981
1515526
1875178
2118443
3215161
2784168
2612742
1829927
3383316
1966553
2282103
1804515
2094402
658127
1538568
1700275
2609733
2340215
1112356
2012300
2625674
2379756
1512368
2166410
3003706
261705
2304259
1562151
2546607
1843589
1744596
2137200
1786111
2112910
2881770
2342273
1065571
1141084
3118504
2757180
2036208
3542514
1849505
2518847
2102292
1736327
1838427
2156842
2340924
2428358
1842675
3265104
3379102
638493
161787
2833295
2915771
2629594
2281078
897279
1413258
2412642
2098034
395399
1985735
3005212
1245365
1721371
2328680
2983686
1649108
2357806
882929
1897567
1074806
2079134
2330357
1586059
3241159
1893461
1183255
2048477
975588
1555717
1909555
1107102
675734
1574314
1262832
2117756
1658695
1843653
1500990
2263415
1916377
1578009
2726326
403050
3036233
2360153
1027542
2535353
1736332
2659369
2245984
3308755
1611251
3288492
2486391
2020385
2280822
992171
1476606
2476274
2629589
2507884
1473283
806325
2234883
3081825
2625671
3045279
773398
3178849
3020554
2111279
1895602
3688094
2409659
2054334
1895606
2178404
2488198
2149558
2803332
2517350
2316367
1655981
2297417
1854022
2880178
2477069
1951733
2037502
2593813
3022987
1971488
1354138
3950021
116128
2039845
1365637
789752
3153134
1271007
2157917
2138468
1962676
2554443
1797548
2833785
1603635
1257732
2237466
1982345
2881771
3354278
3820908
1621319
2898085
3772053
1802736
2216352
1294402
2801090
1610994
2905806
828242
2279599
2519704
1944228
2156326
2238881
1846898
1893456
1630565
2825441
1852797
1770626
1626556
2229756
1351114
3873445
1817847
2902017
2992943
1610746
2254470
1989718
3192177
2944126
45546
2625672
902888
3050914
1230741
2315560
1644535
415693
1206499
2577893
2609730
733943
2225530
2429107
2257151
2409644
1538800
2034057
3186699
1556336
2235465
114635
2326754
2174699
2454838
848582
2201460
2017555
2606925
3087971
2413427
2109353
2520049
1263789
3140221
1972186
1956730
2338619
910147
1935845
2399207
2449784
784971
3655971
2718457
827803
2744798
2380604
2111658
2993246
869497
2677178
2658172
2092259
2630704
2268148
2512371
1765587
3006996
3407301
3257742
2945048
2957958
1147151
1924025
2536179
1010596
2791233
3012798
2417917
1178526
550235
3339937
1763938
2142716
1103903
2791238
1229705
1815453
2981606
824970
2670759
1783725
2439850
1413113
2577456
2992208
2183659
1108627
1288341
1580814
3008154
2946154
2409643
2218881
864446
2299561
2040582
1436138
2436293
1984424
1514256
2118440
2780165
1255288
3008157
614323
1963209
1023042
2654458
3206
1628503
2625297
3732514
1801873
1724365
1481747
1564607
1824871
1187302
2962762
1986022
3126262
338682
571182
1627148
1874791
1956123
1811477
1332240
1530159
2489407
1229141
1609741
2075085
2958066
2598992
2109731
2315558
3968196
2319171
1632562
2627968
2520220
2885482
1828537
2747952
1962758
2684809
2449781
2077354
745224
2924352
3299391
801557
176280
1744286
2358653
2574880
1679990
2060302
1739633
3503279
2500691
1601387
2863554
2223338
818304
1807831
1893432
3493583
25953
2663986
1571082
648359
2531904
2967837
3108159
1029255
2166311
2669883
2367340
1565367
2063164
2841428
2099567
1881813
1984889
2961339
822553
1813803
2658147
67899
2800850
2477065
3039946
1650657
2514777
2274737
3401538
1628131
660593
622407
1800993
1889232
2844963
1419403
2969237
1018776
1453467
1682436
890190
2596017
2932583
1743616
2953828
1762727
3308486
2688310
3042887
2521210
2868674
481685
1863270
2881219
1876611
1157868
1542373
2173528
879061
1627860
3349633
2655469
1646193
1768797
764082
2512702
1725969
2188031
594197
1927666
1749418
2330576
3210497
1816243
3601629
2161929
2010902
1719019
1219310
1863272
1241370
817929
2327794
2107577
2201963
1046339
940378
2826439
1115820
2347578
3351879
2235264
2293625
2810635
1132846
2035586
1862525
1619555
2829376
3355172
2259800
3249517
3511307
3056724
2552715
1126915
3212224
2925076
2486606
2330482
1420669
1850246
1962182
1397263
861971
1653225
1589320
2373706
2977916
2094638
1603596
1930332
2206954
924446
2014389
2022061
2906054
1695379
2547196
1420671
2646589
2226722
2769648
1961270
2791830
3009885
1956122
1016169
517308
2290934
2159525
1026729
1636811
2078961
2129145
1989380
2684033
3159497
97397
2518844
756205
1160996
2161155
1848985
3166325
2276220
2443058
3297593
3034770
4126173
3484856
2341586
1762728
1261881
2170029
837014
1069949
1468581
1892411
1559511
1492011
1395942
946535
2626469
2455502
728870
1810188
888015
1075888
3491703
3089701
2742959
2281077
2930635
21010
2480901
454024
1046830
2168206
2066867
1973410
3065170
2862345
1687532
2223259
724015
2319274
1639177
2979824
2945175
1691360
2099761
1033154
1817548
1460612
2005305
1885376
2342066
3834249
3040273
1555792
1861487
1194093
2611482
1083202
2512375
978026
1837666
3003399
3081816
1797542
1679782
2205086
3090137
2633812
1992469
635679
1897577
1649528
1764213
2380030
3432429
1848774
2371744
2682465
2191401
1738018
855762
1166087
1726474
2232066
3182373
2983684
3982549
2587026
1566017
2860939
2045107
1745945
806017
2217244
1786106
1853842
2925832
2245774
1980907
378781
1584261
1602966
1937456
1892257
2635981
1124179
1492008
2098897
3229021
2853732
2030843
2037761
3497077
2128359
2336864
786018
2580675
2323864
2739265
2282066
2328400
1963403
2071921
2888919
2507296
1371599
1908552
3357857
2250747
1627157
2923019
1797549
1952177
1850085
898576
1974926
1012155
2620913
1829038
1977957
3533337
1029562
1935748
3044284
744036
2470194
2443187
2823085
1240783
2277711
2689931
2281075
3012000
1759814
1955242
3127889
2407771
862506
2177108
432155
324614
2314797
1139717
3077757
2885479
1626300
831443
3276444
966203
3334672
2311802
3048043
3106936
2967720
1983358
2869874
680689
2799073
3053742
2788496
2580634
1037478
1797557
2833818
987133
3032169
2986326
1827558
2626473
1216854
1766514
926644
1612329
2509215
3319172
2442834
3130927
2113825
1972924
1627442
2518845
1153237
2618935
2011536
2987233
2286489
2790060
2512181
2404484
2719427
2086068
2189687
2014390
2324859
2824441
666445
1105826
1229400
2150736
2414472
1508874
2030431
2313042
1222063
1409923
3089375
3279668
2156420
2789992
2003640
1130600
3852942
2519124
968220
3565302
1119026
2129147
3008156
2921883
2053094
673101
2020676
2269409
2255135
3009195
2598921
2029046
43868
2233132
2387517
2906051
2133726
2666171
2102287
42585
1790755
889228
2195806
2118540
3884667
2465901
3736423
3033139
1173436
1599043
1304814
1911347
2057010
2541840
1482002
2471369
279032
1839933
1573997
1353480
2060306
2956920
889676
1858850
2060304
3316860
2370477
1765847
2906211
789815
1718897
1762730
2547378
1123935
2609731
2930631
1519160
1302559
2133966
2815870
2967405
1179849
1869534
2947232
2488407
1363026
2529041
2278739
1047758
1599042
1231616
1385941
2786089
47963
1919344
1827616
1302565
2270137
645436
1251181
1983406
1538589
995563
1082771
40030
2020258
3393775
1346404
1460331
4203094
1908890
2535899
3673882
2454837
887059
1302554
2409645
2241579
2324387
2485438
2097898
2413216
2077126
3626659
1783421
2819529
1632673
2201553
1905558
2328399
2701483
2225448
3349715
1720903
1008998
2768610
2045906
2786980
2263496
1385398
1707113
3171686
1578643
1774031
2180369
1373950
1399834
2637354
1345676
2565452
1551135
1913996
2232812
1898518
1782802
3834006
3361563
1447689
3116037
828243
637477
745360
1331610
2467910
2574259
2134538
3119078
2261700
1456929
2794887
2868033
1966308
3030240
552068
1968605
2273692
2295254
2217243
2952641
2889300
1846275
947556
786379
2233986
3595734
2397393
2104772
1667375
1854558
2245780
1871842
2964334
3236278
1405991
1185926
2273602
710881
1517653
2609561
1492012
2272860
2447121
2743756
1849580
3488032
1454085
762207
2921706
3109204
2596016
1343703
1648055
2448542
1992460
2540064
3950822
998644
1623725
175693
2466476
2317124
3604997
2144183
1175902
1941499
1178057
1583483
1023481
1253592
864796
2305393
2603845
1831051
2880092
2755722
2335064
2245772
2911355
2885483
1731253
2473353
2476313
861164
2911827
2885480
2285111
3820910
2625676
2977915
2803002
1480196
2894456
1690358
2534736
1802456
2959921
3010178
2208364
2331169
2088589
2900943
2854062
574187
2898086
3501901
2938138
3319095
2182776
3194840
1560537
2593620
1869337
2777604
2886461
2836811
2079347
2699675
3021732
2497171
1868446
2273031
2382711
3886118
2403900
1711830
2939613
2783225
716398
2064236
1592917
691083
2942250
816453
2988681
2260824
2664322
3209908
1385397
2756022
3020314
1474012
2861782
3070066
3412882
919772
2609560
2471823
2876581
1033002
1556943
2264276
1943864
3440632
1877480
1975117
2061370
2974083
889529
2354378
2009295
2610039
2417486
1786086
2847746
1896298
3426490
2019661
1921032
2689290
2336671
2164274
2022718
2014554
2836842
2025941
1857519
3033142
1761677
3426725
3887983
2269122
2324435
1850200
161770
2913766
2137969
2249464
2993066
679131
2584766
2830558
2358652
2850957
1071416
1690359
869222
1625963
1977950
1562874
1289657
2655465
2393348
3397860
3475417
2822668
2142744
3043732
2384823
1345674
3093271
2036340
1438557
1489207
2242402
1763222
1992682
3039069
1706210
1793625
4054015
2925802
2776196
1947968
2795613
2655526
1765373
2326447
2406704
2118638
2863943
2807476
1690355
1706834
2803459
1511771
2572173
1717892
2967406
2942251
3142389
2782887
1973361
2850593
3197358
2495089
1937470
2024745
1127341
2098534
1221687
2663872
3486485
768986
2861267
2649201
2318641
2077121
2739798
3119737
2040764
896474
1237287
970331
1400687
1454407
2596015
2488868
2887385
1696136
1788628
2078232
1995061
2869297
2915505
1208664
1616369
1649597
1742625
2623831
830360
2694011
1968440
1995114
3001532
2648218
2779001
3707958
2730461
1239859
2054768
2948317
2239445
2916636
757003
2632448
2829681
1810154
1361507
3040104
2927038
2491020
1680716
2851919
2017352
1672204
2403232
3360553
2187211
2083439
2881890
2124420
2485595
2038629
2489016
3297498
2211111
1480798
2537148
2986325
404429
1867667
1082783
3008239
3159015
2721474
2468863
1290916
1711326
2484994
1279361
2365752
1925933
1869936
2797993
2855075
2437233
2044362
2375390
2999482
2382047
2829958
2156323
2575657
3340227
2868638
2245768
1232752
2059468
2180630
2534559
1504551
2453026
1509639
3003410
2729836
2530755
1034190
1669990
1454086
1608414
2916185
2750550
3038997
735833
2364267
2618000
2313875
2955393
2689434
3266252
2621030
1879808
2233760
2133967
221777
2133576
2842365
2177346
2961551
1246310
1139440
2826331
1826438
2966995
2393057
3281757
2791458
1317124
2118922
1725906
895495
2192843
1432041
270980
2900942
2885284
2836584
2809149
2060305
2164337
1979226
3340068
2330648
967546
2875914
2400050
2533119
2985706
2497173
2576939
1840435
1062374
1583277
1969946
2440085
2621306
1829131
2468750
1819779
2415690
2281079
3074734
1853953
2925944
287020
3159012
2313571
2625677
1818428
3019857
2930184
2992586
2913662
2494148
2489600
3066546
687624
1454088
1678956
3159011
1651290
4102231
1714161
2391952
2145701
3907916
1612453
1898504
3180890
2227546
1703567
2659372
2073818
3041712
2806598
3011529
3110488
970233
2131241
1826999
2806915
2153771
2545437
2635238
1653294
1907310
2477307
2977917
2156318
2231701
1849433
1886839
2161930
1614714
2960978
1509440
1847043
1982146
2304994
2976489
2061371
2801783
1126510
820619
1730139
4189841
2078916
2888377
2543202
2594347
2336765
2934060
2983325
2963126
252238
3416615
1430944
2324862
3180889
2794355
2328398
655794
1796420
2019427
2090618
2455777
2449699
2552302
1819778
2485418
1974812
2432514
1774821
1129193
2947872
2096362
2769650
2443190
2886273
2660294
665240
1978676
2763130
2983785
2332941
1845585
1629266
2658042
2818117
3372145
1886664
2855387
2612497
1810150
2017799
2855989
947145
2116375
3008141
2265035
2158036
2945500
3121360
1364829
2882828
3404135
2885283
2930633
2857367
2577457
2227308
2766527
3844651
1274573
2807873
2072475
2324863
1566024
1699933
1679786
2064240
2955231
2102274
1219148
2738730
1235124
2317701
2963125
1244293
3080318
2754275
2189162
2461085
888010
3032170
3396318
3518847
2293429
1518179
2311296
2294862
2284155
1656727
725718
2260823
2268939
1329273
991733
2101986
3533482
1655332
2449313
2184521
2885484
1181644
2180452
3852943
2926763
2392544
3082927
2806025
3371802
2377856
2742170
1026834
2478754
2328046
2241580
3167813
2997114
2502692
2133070
1593724
2061247
908042
2916688
2770696
2993229
2510998
2186415
879062
2477510
2070535
3338304
2034429
2358654
2891070
1578864
1574313
1519863
846872
2398588
1460697
2954182
1762427
3075278
2957972
1759878
2190801
3284709
2048479
929999
2199783
2952946
2779003
724928
2457847
2675379
982373
2010006
2796473
3209630
2639520
2942252
2276455
3148305
3130928
1389135
930307
2796476
2843965
2303557
2882501
2303713
2325531
2512183
732318
3464787
2368085
1236682
1544408
2986327
2413242
3167775
3122902
1795269
1492911
2449759
1484242
1990062
324848
2856086
2505289
1881882
2769113
2856070
288067
2914288
4158183
2767032
1023355
754991
2159524
1372338
2269544
3488619
3509524
3309939
1955170
2052344
3387261
1675844
1905396
2826730
2536719
2768158
2485289
2561517
2068168
2200809
2736744
2352321
2920787
1728456
4142035
2881461
1286225
1247832
888305
531093
1503624
1968283
2328679
2341608
1454084
1601284
1996530
898367
2310700
161788
3025631
2245766
2834013
2457699
2775441
2541431
2986559
824719
2458212
2134458
1007522
1412805
2229349
1467098
2636037
1229667
602547
2979336
2317735
2468751
946082
3076552
2382810
2246659
3624553
2331417
1962178
1637380
2041050
1127798
2422276
23282
3159014
3132361
1637003
2161036
2319981
3585965
2502643
2231443
1158474
2650107
2114276
2315968
1454845
3509293
1580160
2146365
1925029
2405989
3237678
3333973
2005307
509510
2741910
1073279
1586061
2796552
2669266
2546190
1602890
1438725
2329585
2014201
989228
1981142
2438734
2991322
2294350
1941208
1731978
1093704
2553777
2246465
1938201
1715159
1997307
1142884
1144515
2278029
1875396
2252829
2442004
1474946
1914037
1117531
2432816
1419243
1941004
2729421
1915983
3345795
2269279
3674037
3607697
3636156
2655999
1943046
3198777
2636244
479681
1682424
1783727
759823
2751436
2797991
1648442
2467999
1579673
1970600
1964152
1996531
2295085
131564
2805980
2395915
1776723
1958623
1944412
2128030
3849847
3036274
3221529
2670866
676172
2977441
3026814
2808871
2223745
3802844
1573918
3618901
452508
2660646
2783688
966243
2625673
995932
2381396
718679
1554502
1699423
2051305
1115737
2284947
2181250
2947395
3071477
3620693
1613091
2063004
2548068
2238109
2373569
2272898
2023835
2524042
1905344
2608676
1607736
1711307
1386916
1451282
1937471
2531439
1785659
3135149
2076935
2945904
1129951
2098590
1059197
777074
2264767
2228354
2045979
3197813
2679663
1075797
2586617
2116006
2489551
3403460
2134194
1944778
2361119
975177
2948659
2471869
2283640
4176938
1736328
3952738
2582812
2391055
915210
1035927
1628021
3301879
1814722
3008842
2058087
2468749
879221
3104522
1150868
271418
2532226
2629330
1546425
2211018
1762937
2963127
1013839
3334384
2280910
2267564
2998945
2833708
2708983
1345675
1480576
2962915
2321980
3019409
2555506
1907581
3594959
635865
1140373
3012582
3159013
3214893
1699676
2853906
1508535
2480927
2048191
2573914
2464761
2771171
1925409
1865075
2204908
1863268
1882394
2725403
1289705
2799357
2463922
985141
3163790
2483555
3542856
1104645
14330
1033882
1836687
1598024
2129143
2449729
1777067
128132
2852578
4061893
2358651
3915463
2977914
1816571
1965348
470051
1728493
2597616
2179629
3627858
1097891
949234
3147541
3206007
1313635
1162425
1565720
1159687
2788510
1809151
3223452
3791668
2265009
1230854
1909554
3022072
1377957
896753
2284893
1709022
2580566
1808230
2294643
3148851
1632692
1677008
1848803
2494157
1067074
4176647
815857
1302583
1436329
2618934
2168735
3032167
1808605
1623173
1367861
3358774
3327998
2399462
3564378
1078421
2021776
1131424
1649842
2314336
1822108
2979335
2852070
2115738
2241460
2874408
978213
1148905
315
736215
1679799
2775397
2469200
2902384
2046445
633993
2464708
1927665
683409
2523668
2248510
1476582
1452466
2219395
2759787
1624249
1656150
1244864
3119369
2281045
2668823
2514739
2581860
1749449
1891376
2506296
1814486
1815827
2304622
3226413
2945209
1396342
1492007
2328433
2870806
2543190
2179560
1973805
4156714
3579281
2633231
1702903
3440595
2731892
1787964
1257734
1419149
2493793
2794531
2602336
479812
3874133
1717644
2545604
1665829
1432943
2330438
1213004
2813660
988726
3307758
1103196
2752359
2565674
1115199
2069999
986042
3901232
4059155
401345
2863658
1377588
3465650
2976168
821785
2266572
2775881
1605598
716020
3397015
2987243
1985415
2492632
2535650
1840736
2189523
1985719
1350927
1509693
2431627
142954
3034593
2633634
3697682
2786058
3212045
972691
2223303
2090255
4143861
1131896
3862594
2925077
2989057
3078717
2065514
3324180
3069848
2543244
2173763
3093814
2535520
133938
1895604
3145600
1260037
4167879
2367232
2332088
2689510
2479479
1682412
3415914
2750832
1805627
2050696
3312446
1925935
2885708
1501472
3517482
3468557
2019345
1385964
2738667
669496
2563946
2732387
3105971
1709121
2202603
2677188
1764288
1997892
1768240
2298473
1185311
2881593
2589997
3524168
3006997
2804276
4140323
3304843
3232595
1979409
927754
1249833
3358506
2715815
2856443
2815425
3023414
1631588
2914646
2322515
2898419
3033607
2963216
3313127
4053096
2562794
3301849
2971241
4059152
2826230
2240526
3285233
4199237
1908543
1270000
3093269
1313029
2670208
2276210
1163521
3812908
1640253
2622988
3037642
1754868
1848230
2431786
2521259
663725
3365585
1289675
2433567
1762731
2325387
3074108
2628955
2411157
1329592
1679789
2947032
3536437
1612465
2495251
2781369
1451703
1158434
3917025
1610745
2507131
2535680
131286
3273140
2249387
2887070
3443569
591347
2218609
1771787
3311309
2504927
1961300
2809623
1828346
3577374
3167897
1399651
2132119
1819160
2047227
2903363
3582938
1762733
654108
1768802
2162263
3739213
1554602
2132775
2639521
2601508
3869560
952898
3168036
3167072
2586420
2459903
862088
2556724
1774124
4113363
1415290
3833439
2741954
3582418
1258579
3129678
2496720
744673
1951721
4134856
1892253
3578634
924414
3215934
2735748
3638479
3209907
2395933
1124268
3814186
2753891
1844239
2774742
2399766
3322635
3257640
1964153
4180630
3500105
4093245
4020050
2088427
924759
3337317
415479
2692144
1410548
3378073
2549327
2565986
2199470
1260538
3265243
3707952
2737141
3467890
2559938
1462224
2675756
3360782
3927904
3034391
4020054
4198445
2476527
2638888
2018290
776951
3083319
1762729
1544643
3233265
3462322
4017839
1286241
3578050
129407
2321562
2378577
4176606
1507125
1563135
4027058
1640805
921840
3230638
2630685
1201636
4029403
2004892
2634649
3977191
2048026
544419
3217677
2223077
2171359
2553242
3499015
3010986
3725129
4116266
751180
2790287
2844075
4059151
1353828
823257
1181264
3355432
2584527
2860890
4059153
4048208
2022199
4029682
2641556
3578631
3462009
4085207
1300513
3579652
4126701
1245003
3478969
1858652
2843304
2993282
2442178
2171675
3066712
2061081
1067032
2677494
2139094
1496766
1922293
2063931
2044338
4047519
3567527
2462245
2284222
1852605
2117909
3216536
2962227
3010348
1358749
4029686
2621336
2949363
3492582
1414282
3194354
1613687
4189161
2908653
889632
3132824
2422388
2153775
1072011
3003358
3097876
2341259
3255289
1860287
3699308
1382021
3287550
2026391
2388562
2457197
3704761
2710014
3349996
2356345
2070594
2290717
2234162
1760666
1092582
3401749
2911344
3057838
2789830
2771172
2495917
3802617
1563000
2412062
2448565
2008748
2568256
2331487
511051
Total scores: 2830
Average score: 237414.52
SSH: 264, SH: 81, SS: 36, S: 182, A: 1652, B: 456, C: 140, D: 19
