1241370
1990718
2078195
1860169
1816243
1935845
1642267
2659724
1582287
869222
1919312
1905231
2798282
1813521
1828346
1754777
3648544
1636104
1729116
2319171
1895604
2684033
2486881
2628691
839627
2066867
2183206
2335100
1270000
2322888
1936713
1740368
2573914
2176404
2993974
1981802
1911572
1016701
2660294
776951
3544927
1770368
1075001
1895606
2616989
3284710
2659368
1319547
2663986
2241579
1129193
1838426
2204234
1872396
2475474
3884667
1432041
1635388
1199955
2064046
817929
1836593
3071981
1944844
1115737
2317127
2323911
2315558
1160996
1626537
1875396
970331
2657557
3357329
2231831
2256823
2593619
2884952
1968674
2257346
2681192
1895605
1083470
2059822
2581812
1695382
1738018
1758255
1086431
1918978
1281115
2200809
2128030
3329210
2615210
1255495
1554502
1983406
2791233
2629595
2935781
1808605
1351956
1476606
2058288
795627
1494828
1911574
2593620
3466914
2428358
2823332
2330482
1955170
1566024
2141888
1157868
2164997
1258642
2410948
1414762
4862040
3306733
2058788
2196278
2269544
2034983
2530762
2806598
2097898
1619555
2948845
1736571
1869933
1690355
1701404
718679
2099491
2847847
2530755
1667486
1392757
2033294
1350227
2477069
1807735
1571309
2129143
2035291
1811722
837694
1895602
1911308
2535899
2802324
2689510
1108593
2358526
1537817
1718671
1630565
2041050
2064453
1966553
2226722
3220698
2459413
827803
2332088
1861487
2762534
1867520
2548907
1644737
1616369
2687022
1289926
1052871
1917082
902259
2522580
1681360
1725588
1100327
2213673
2480927
806325
1951188
1579854
2266529
2131079
1969946
2371236
2690858
2610039
1843589
957468
1693153
1663107
2404778
2392113
2287401
1860433
1484776
1742483
2281078
1343792
2394642
550235
1624963
3018109
999944
1963713
3493583
2492632
865344
1046339
2992943
649117
1983456
2509215
4704036
2402851
1500990
1464961
2026805
2317701
1586059
3082337
1988911
2406461
4341601
736214
2648459
1672204
1510355
1028733
4874775
1271985
889327
2118540
2961551
1849580
1605181
4176938
2552046
2496720
4862037
2237466
774965
1972480
1639219
2553777
1086267
1419403
2282512
2078961
2338610
2238537
1827864
2241492
804164
2318887
909032
3030240
1757416
2188031
1675384
2444148
2465106
1726994
2964230
690982
1760666
672100
2505956
1843653
2149131
1655981
1255288
3214886
1128411
2050536
2628166
1816113
2014389
2265685
4512893
2360153
1819898
1097543
1405991
807074
1882794
431957
1842043
1829131
799913
703657
1905654
791274
2328679
1975370
1172819
1985735
858271
1551135
2158670
696225
2587226
433005
2803459
1462224
820481
1997307
2164274
2195530
1694501
2205311
2133576
1159687
1400414
3066712
1261191
2477261
524417
1462180
1734750
827488
2192825
901854
2719875
1468912
2204720
2428357
1031604
2380030
1329273
2555112
1649842
2455484
2349467
1251181
683970
2245774
828242
1180701
1848803
2138577
2709018
737727
1084742
2270502
2435130
3792787
1852572
1557181
2597616
1385397
2046445
2554676
2705665
1762431
1257580
2240404
839947
2808831
1810150
898597
881123
1600415
1649989
827317
1315479
2984502
2443190
555797
786379
2674297
999720
1804553
2468866
1495848
969681
1327000
1839044
1565265
1121616
1915794
1402392
612045
741572
808848
1903809
1029255
308917
722844
3107506
894409
2496721
887621
777074
1909555
878369
129891
658127
937709
784369
2964221
2510378
427090
1040115
1219148
2298954
1419243
2615748
2423610
2182100
1985100
1126915
1047758
3607872
816327
3006996
1481747
1973410
642687
3232952
734339
1845585
1026729
1065821
978213
737408
2169346
457061
2503401
1102144
1351114
1217417
471257
1569904
1667803
1773082
2994583
1586945
845378
900957
1519160
2120935
1181761
2017880
386728
890190
894744
2410264
3294694
2449759
1091249
974854
412057
2069841
2274013
680689
1648563
2719302
1277254
1127798
784791
2321257
1021579
1230854
2495917
1969122
1142669
2118440
786018
2025205
257793
924337
2569254
1113332
1716732
526757
831241
614323
1225317
1433283
1617365
1029307
725198
1400367
104229
1309931
960875
724015
3262568
2622797
1258579
1951733
1962335
3472479
812161
1401254
1805627
2606069
880496
2178087
1141858
1286241
1995061
1286726
3802584
473210
915210
4774217
966243
2162848
2328751
2044362
221777
1970829
412288
2344578
83975
252238
2060305
2690223
1572830
3722306
4905829
2610170
907479
2331169
828806
1599393
624133
2827077
3220565
2304622
2990396
2229349
4663351
1848919
2240526
1302567
869197
2142921
2045979
2349329
3148259
2118443
2740274
1007522
1131896
1220272
1125642
952383
2437233
1121504
2323413
2791432
2650216
1010596
2050696
1623025
1112356
1893461
1109306
839711
2141415
1313635
2659376
1165105
326864
1973361
786867
2514916
2198494
1221756
1210089
1126445
977770
2574281
1509693
230127
1150868
897279
764082
930307
2566838
2988681
1843481
1722487
1226524
717632
1765587
2186244
996109
1637380
2252249
4001562
2659911
602917
2669770
2409643
1799638
1347936
2259381
1219647
958038
646530
2273031
3127889
992389
2468865
2696829
1865418
3089375
314645
1476903
4216778
2250889
1947084
2254987
3239382
2764026
2567535
1262025
1186227
2729836
1524183
2173926
3623106
1556336
1262832
846872
1405981
2439851
2125723
735833
2536164
3068945
3517113
2156318
971834
3098371
1847499
853779
860488
1552342
1044694
3482159
1541347
1229038
2190130
1527960
1177545
2132924
1409923
2283327
2590221
2570115
1024549
1925029
1891389
3555372
1016169
1200757
1895607
1514898
1345676
1972244
2034057
3119369
1949535
2776011
1761422
1301354
2294221
2199220
316588
2678437
3306465
2575008
2898086
1519753
3333745
2874944
574471
735272
3274710
3147541
139634
1257669
2732802
1227359
2227546
770744
896753
1076706
1820714
157861
2385728
2309694
1879176
1528015
1533390
1219310
699391
2562794
279032
2621030
1810154
2651581
1925194
711758
2453247
1714637
285086
927754
4913599
907594
679131
1502044
1764213
2109292
691893
2454972
646713
3808886
2004420
1474956
1728493
2042429
4352514
1245365
2360394
1568203
3543557
2256387
2692023
178645
1233778
1809151
4131132
3322065
3151924
1793625
1032126
3229091
2281045
204536
966203
290581
1512755
1656727
855762
1737885
2039533
2005307
1872989
877312
2004342
1436138
2099567
1440018
371325
2330438
1537288
4874327
3232901
1480366
146957
1921563
560864
1454085
1709121
2818772
1981053
3135149
1627860
2538500
1031991
1885531
1763013
2585550
1923476
857624
753014
1294884
889632
1706571
1746492
1388399
844103
525278
2514909
3685511
1709022
1200272
3491545
2162847
1261879
2324783
1274573
1142960
1878931
1993418
2753990
2709349
786636
2581182
1862525
1294632
1399834
690461
970163
495899
172662
789765
435273
111680
3572698
328588
1331610
716972
3353491
2640882
2279624
2112910
1455779
1955829
2790060
1025210
1024480
1943551
2114276
1398881
2199470
1373950
553082
1238045
786980
286615
1115820
3447585
1169773
2060302
1181871
146105
2392545
1083583
755124
1263997
1967557
3355363
1746840
978877
2318237
2546548
1569153
2514800
1257660
1159425
895822
2270137
699318
1938392
2447271
2066894
2061247
118068
858241
1742625
1249325
1864795
1398110
1501410
1562168
2061192
764310
2619106
2391759
1947968
2542106
1932597
2291305
1774821
2463399
4881796
1391282
1621319
4406631
1889232
2503284
537235
339795
1538272
3283445
847314
1040424
3534950
1396072
1605533
1178810
707802
2301163
2654506
1915416
2445227
830322
2583616
2271474
1782215
1392667
2328228
727637
1355964
2245783
4689249
828243
1154766
432155
4003754
3157180
4001454
929999
727636
919772
1071416
869286
1785750
454024
2719326
1429457
313621
3161211
1644648
1257663
2471434
2482032
2188913
2794127
1529189
1220408
1839474
2051592
3040104
1702903
1945175
2359099
1869619
2649521
553131
2065883
2491739
753445
787430
1963977
2398423
2404675
112586
4314673
1518125
3799924
152180
2569175
765018
1840736
1942473
1289927
588599
883670
856743
3857954
2657705
1182462
385544
632523
2574880
1941064
2589670
3286201
2413749
201522
1632673
2596015
2719437
106965
679943
2067859
1074378
2298473
2242173
1240611
1706410
2020747
3338304
995563
1490015
1049018
3283681
1541573
2646637
1693956
104945
1914037
2608130
2283303
1420671
1083643
749156
2245707
2257519
1033002
131564
1918015
2276652
2272898
369401
3085497
3153084
1657723
657519
1647371
3369471
2304990
3131969
2144017
1573997
3520087
116128
1831051
1355245
768781
465548
1548125
3320181
40017
2512990
1033882
2759110
208747
261729
2722655
1351972
2234162
3707297
2267564
3718868
3385419
1907310
47152
1231229
2221441
3438591
1182535
767280
1765142
1482959
1074806
157155
261725
869285
1092646
1892764
1135897
1541243
1765144
228425
4186244
2326754
1059017
2057577
1321823
1765143
1072897
366164
1785659
2413242
2687129
1165959
1872563
1562169
781124
1775107
176280
907299
1882468
1721284
2479479
1647044
707204
529285
4178730
2149886
2449729
1274017
1587909
1783010
2046351
2553242
1797544
3373331
4657052
1618411
1208919
2365714
2625175
2222887
2452997
1433789
106156
3288402
2284947
1679789
2299178
2450838
2293429
1252022
2269122
464973
1530374
215906
1766745
142954
1724600
1451992
1853800
2305272
1332018
1209775
197989
2902384
1059388
1373482
2512181
1818428
4226605
1477241
3246922
1377588
16266
2268730
2265858
2523668
1309290
3481587
2090847
1765141
1173138
1302561
2510998
2161305
821785
1059305
1079089
3762927
1043223
2096523
1299008
1897317
2254470
1158040
108762
1731978
2277236
1775314
2495113
1131424
1765140
1679794
2677188
1977951
2203212
2346860
2149716
1654883
1587059
782021
4684351
1456929
1643106
2090255
4174539
969686
1014943
2330574
1902818
1306448
144737
1681634
1762729
897024
2632763
3019857
3337289
794779
884327
3526953
1740993
1119026
239265
561335
454385
3333706
2123262
1267198
1730657
2395803
612871
1993172
1435459
2006067
3275914
2986935
992437
1754266
1524103
2352180
1415466
2069999
2693244
1385964
2643109
1493052
2705258
2124420
1477910
674324
2103968
1302583
2809623
738980
161902
800237
1180209
2844963
2083422
1059390
1298998
2451494
2623831
1570183
1967216
1110532
1977950
2462350
1126352
2849253
1307142
277522
276451
2689931
1630164
2376713
2565674
609129
1104572
532036
1211828
2432570
1973466
1781697
3057801
1670009
220330
2148623
1796164
1843575
3370358
3876086
1820817
1677854
1896581
591347
942356
1317713
1787848
125702
3069924
141669
1181933
1137172
1563135
381798
4146007
48874
2452860
2545234
1571568
2670866
1702581
1614477
3488458
1259653
1700432
3950769
4924798
4669413
4397592
2799357
2021776
2332178
64266
1121909
2829681
939618
683825
1781876
1428309
479812
3217551
904715
1046841
1539450
2615297
684970
1245003
1766746
756423
736215
3655780
2104881
3020221
2794099
1578505
2599504
3650854
2103267
1408449
3108587
870707
3358972
3020246
1415376
1639261
2296022
4295242
557781
1231072
131891
306018
3313127
35015
4031440
3767017
1647659
2113754
1450182
1766090
1891549
85767
2024692
1347794
2142341
2668755
3037642
2870806
2706308
1826941
3369714
29844
1979409
3438148
2360072
2179629
2630685
1219705
1030303
1839222
2963216
1594426
2586420
2574259
1892253
1507125
1743443
2290441
1859223
2303916
2048026
1888862
2134458
1097891
924759
3299402
2012009
2142037
462736
862088
1636879
3688644
1976136
888621
3377514
3305281
4017088
1776723
2735748
1612465
2255524
1076862
2842174
3700995
3500105
2813660
986943
2117909
3322635
3963274
2521259
663725
1134237
1186901
2850334
1350927
3967023
2044338
3034391
1236211
3290808
2643204
1852605
3499015
1399651
3768762
2622659
1579923
1855356
3450779
292319
4027058
1243461
1137448
260838
2223077
2761831
2319009
3121178
404663
924414
891757
2004892
1884654
1962676
2436912
1697643
296384
1529763
544419
47359
1768093
2573493
3251884
3567527
839569
2709014
762207
Total scores: 1460
Average score: 321744.97
SSH: 140, SH: 256, SS: 4, S: 111, A: 875, B: 59, C: 12, D: 3
