4176938
2599450
2240526
1241370
3802844
2257346
2573914
4246671
2323911
3509293
3322168
4310045
1083470
1816243
2801009
1919312
2331169
3038997
4867760
3115758
4134856
2510998
2657557
1770368
2660294
2021776
3517482
2272898
2631078
2689931
4435685
3149030
2574090
2624331
1754777
2675575
2187211
869222
1872396
2182100
1655981
2615210
4205425
2775397
2241579
1836593
1770623
2315558
2069841
1514256
3752975
2419085
2731892
2298047
2185824
1944844
3823798
2004799
4048208
1936713
2686032
4113363
2129143
2663986
1656727
1013839
2128030
1701404
3306465
776951
2284524
2469345
2564395
1150868
2335100
3697682
2003644
2444148
2404778
2904978
1580084
2460779
894090
1983406
2166045
1746902
2512396
1073279
2437233
4287016
2368880
4189841
1860169
4924798
3220698
2154507
2310700
2201145
2791233
2075704
1695382
104229
2411125
3893054
2632230
3976192
2256823
2502643
2995944
898597
2658147
2183206
2808871
1828346
2535899
1736329
806325
2958102
364532
1407152
2468866
2535650
1157868
2503284
2101630
2428358
2410948
2102274
2126752
3902488
2034983
2514739
3707958
2628691
1635233
2022204
3604997
989244
4415535
5015154
1220272
2200809
1199955
2267030
3081546
3582938
3887983
3746239
3727753
1405991
2628955
795627
1626537
2552046
222411
2659368
1782802
1944926
2097898
3119369
3093269
898106
2484994
2188031
1596706
3273140
1946507
1706210
1968283
3405760
3551777
1108593
2553242
2300083
652234
1871842
3411122
3533482
4020291
1021579
2142744
2058788
1227415
2570403
4054201
2540399
2530755
2565986
2753891
1788628
821785
4027448
4298815
1971326
2505956
2022718
1776723
2037761
4309247
1838426
3071981
1075797
2555112
1746492
1955170
2324958
572051
2365443
2860521
1969946
1954858
3260996
2987588
2750832
3637960
1690355
633993
1816113
2743756
1554502
3874133
1627148
1877419
2184125
1315479
3313094
4678354
4425879
2596292
2164997
2951013
2280910
133938
1419243
1951188
1642274
2964230
1829925
1845585
3230981
2881772
2173926
4284414
789765
2061192
2726492
3365526
1886839
2625911
2237466
2432586
3128537
774965
1843481
2961551
1172819
917061
3379344
3862594
2610039
4226993
1713228
3825430
1768802
1454357
3551877
1044728
999944
3246922
827803
2921008
2677019
1329273
3691317
2462356
1112356
4387937
2330357
2874408
1704794
1501472
1700344
1758255
3040755
1988911
2402851
1892257
2176280
2485565
1715917
2382377
2596015
2083676
3756074
2158670
1717652
1582674
3470687
2269544
2854691
2380030
1589931
2593620
1046339
1217417
2287401
1911308
1142669
1644535
2236260
1565265
3536110
1952177
1251181
2108217
131891
2095312
2577747
1377957
2901666
1848919
2059822
2200001
3018109
2131079
1462224
846872
1140087
2098034
2424572
2338610
1860433
2141415
3837505
2069845
702412
1142884
1839044
2701095
2829376
2324863
1031991
2085476
1111047
2325387
929999
3880919
1738018
4134502
3023414
2274874
2133576
3294694
1961233
2149819
1489207
1749322
2622787
943415
2033294
2149131
2281045
3751526
2493793
2606069
2245774
4186244
3908671
2108925
978026
3017567
3565576
1450423
2563055
2184521
1650859
3846505
2987243
2213673
890467
4303564
2495788
3928577
4274637
1595191
681813
2160936
2789938
1350927
1030374
3903219
2458202
2082725
2687022
1115737
2906051
2373716
3107506
894744
1344602
2946557
4294727
3608097
3844552
1010596
2360153
2103969
1181761
2838736
2151912
2226722
2460720
1843653
2276916
2543190
2403907
1511724
690982
1941498
2061247
2562794
2201460
1646193
142954
2685918
2684033
2063893
4042579
3040791
4306512
3066331
3006997
1679789
2223963
3729849
2332240
1869933
2962206
1200272
1911333
1660820
3019859
4009159
1204537
1354114
1941064
2233205
2628166
2601893
662928
1827864
3183747
2512991
2113851
2133119
2128220
2266572
2064453
2677191
3257722
2166311
1787964
2796126
1619555
2069999
3247754
1989857
1809151
1569153
1827432
2803459
2674297
2255367
1944231
2530810
1826476
4018769
2666060
4001494
3601629
949011
2817565
1126915
1366188
1554312
2204720
2284947
1476582
1909555
2020258
2465106
4104249
2064235
3648544
2559126
2020385
2098897
2118829
1274573
4142643
427090
2102287
1128531
1890216
1973410
816327
1029562
1366190
4422803
1296370
4881796
1925405
724015
2815315
422328
2404675
1695379
4822659
2252249
1992818
4078185
2202862
2596018
1313029
3042164
1251914
1875178
2388297
2146365
1584957
4658853
4221414
3946759
937709
660593
3793495
1071242
1990469
2044485
2365752
1620144
2095311
1699547
1306992
3647431
1848803
2014469
3098371
3820910
875945
903667
1401281
2486881
1385964
1915794
2211017
2527018
833605
1129193
525278
2078961
3773772
1219310
1436185
3079414
2554676
1858652
2512990
3078415
3510627
1752315
4078685
2398423
555797
1765587
1018019
2677343
2740274
2025205
1879955
2059942
1898518
2574880
1628131
1831120
1016169
2506721
1413504
1258642
3097451
2173718
2514909
1731701
2336310
2461085
2778643
3710758
1820339
1579914
2455776
1655643
4352324
1410548
1925194
3097443
1955867
1399651
1468912
845378
2678437
1810154
1275831
3290202
2049074
1970600
1665829
2046445
877625
2543595
900957
1320129
3014841
2514910
3108320
2995539
2495792
2990619
1869935
2232788
1401254
1808605
2596789
2198494
2587891
947166
480561
2270781
974352
4001454
1817320
3514241
3001431
3299406
3206043
3333745
1918152
2060305
3257369
1512177
1294709
722844
816600
2554945
2650732
3365585
196977
3087082
2067859
4131039
1231420
2282368
4534810
2549401
2679663
2336252
878369
526757
2257519
1993380
3073983
2781233
764292
4435715
2504927
3322065
2410945
3345795
1258579
3721142
1507125
2696829
1823389
2245529
2296022
3152587
4491213
3530613
3696815
2518845
975588
2396159
118068
3089375
3155137
2460834
3313127
238766
1717456
1989201
1117869
1482959
2494157
1527960
1600415
1803401
3745820
2812094
839711
1943817
1345676
2520908
2049342
3229091
2235465
2266726
2719427
2237579
1806531
1391282
807074
1765284
1995061
3703862
2142659
2234808
2439848
4129167
1679799
1949106
2585550
2271070
4020053
3579873
4009550
2444149
2223077
1997892
2249401
1312453
1396342
1947213
1785659
2064304
1383825
4376786
1075653
1573324
4075825
1822454
2964221
1164988
1154100
3114295
808848
4376532
1125406
2123641
1741062
994495
2456559
2148690
1700408
132043
2413619
1515526
1836680
452508
3145415
3577374
3620693
1902818
1623025
2729836
2518847
2132924
2971241
1893461
1956730
2303916
2779000
2285354
1029307
4368642
3706935
4283977
1967558
1556336
680689
966243
2367340
808856
2209289
3312446
4108341
2588321
412057
1836772
2485993
3390227
2699196
908373
969681
1977444
1576147
1529189
3853099
2017880
1813918
1822966
1633541
2719462
2932019
2270137
696895
3242265
146957
1454085
2495051
1869619
945304
3226670
3438591
1898907
1024215
3349095
1165848
3270246
1561819
2394576
1659421
2905739
2009432
1977950
3238282
2446893
2103968
4321000
1321943
1201636
2719326
1681634
1257723
2150733
4315024
4436738
883670
1985735
3061405
2218609
3533612
966160
1460627
2512373
4131132
3509524
1277926
2569254
912431
2226203
1603081
140805
2568969
715044
1588910
2106925
1969005
983680
676575
1668949
2144316
2022201
3333706
3470253
2249551
1562551
1040424
1105826
2602336
2868674
2100940
1282215
2242845
1949083
2989093
1571497
1943749
1218888
2708983
3709823
75689
3287767
1758872
1709121
2124420
3117154
2645668
966203
2522850
2981274
1749822
2555405
3114483
1800802
2235536
4003754
1312375
3353491
769590
1589220
4683658
3160882
621975
111680
831241
3557474
2226085
3534671
129891
2654506
2359099
3643658
3931045
897024
2669883
3669201
2993246
1262434
290581
3490746
3369861
1961271
1984257
2195728
1573280
240488
1582624
3549213
4520249
2830303
1382325
3229024
2788498
1351114
2485543
2113754
1813910
2631145
1783813
2335542
2463764
2740330
2156323
1909230
1782795
3356274
2275674
2583505
2404833
4208733
3017420
2659385
1321823
2521210
4309379
801303
569590
2487840
2389623
735833
1413768
1838165
1406907
2887762
1631588
2633754
3160676
857624
172662
2781054
2740312
1979462
820619
2294643
2026680
2263158
1317992
1370029
2223893
2423610
2483555
1935932
2199470
2549327
2314946
756423
2153771
1551135
2567487
209276
922916
1588845
1570203
1605955
69219
2660097
2242173
2268730
2077121
3899780
2132928
1843589
2156318
1654305
1111492
2726346
4009923
2593548
1508083
780182
2732587
3045747
3629942
1758793
1700561
1956123
728870
2789861
1605598
651155
2777517
2254763
821071
3607872
4804559
3276565
2008748
1643380
3790613
3602784
4082763
2947984
2370477
258059
1380717
2844963
2651490
1819160
2034284
269294
2090255
2013012
1349686
2902384
2142341
3104522
2606925
4243845
2414719
1535588
3152118
2021287
1756228
2281078
1353936
722968
1684963
3101942
658127
2229349
1809913
3041712
3755316
2233986
1643862
2291305
1679794
1512691
3227871
1521299
1232752
2003632
1627982
2824646
2127653
2801031
4104866
378781
2046116
1939586
4279218
3320181
2139992
2565590
1714634
2960557
2712463
2786980
4302998
1891376
3298591
1302583
3645144
4214499
2012009
1227359
2046351
3370732
1260410
3054701
1388399
339795
2365714
1636127
1573997
2341586
891079
3019637
1628302
2280029
1949561
1490377
3462039
2486052
3534950
1897317
3569579
1111413
2138684
1869050
1372489
1774031
1586059
2708946
2289083
1495498
1491800
1509639
3470114
4046814
1754395
2369100
1607736
1770626
1810150
2317127
4704020
217651
363662
2790135
3470474
1762937
3101133
967546
74652
1784064
653335
2462439
1110532
1256930
1083052
2477065
2709014
4294493
1981733
2432480
865102
116128
774188
3890723
1907310
2209138
2048026
3741575
1989318
1170505
1762724
3120533
2628237
3108587
800533
1724319
1655332
2504695
2992705
3964631
3520087
2454006
2225299
2529041
3020123
2022237
2399207
3708195
767774
4167879
3876086
2831037
1794985
160104
3447527
3645482
2360394
1483764
1182535
2234918
1401173
1522329
2520633
1783725
2061815
2628834
742728
2512375
2478408
1429457
2387517
4046759
2024637
1411451
1701400
1696136
3923620
2195883
2158783
817174
2119420
2248577
4295240
2902513
1725906
1009097
1730868
2799357
1255789
4289689
3369714
503082
1481624
3123711
2114146
1843086
1563135
3877101
2332178
1053520
1917058
3751460
986233
664265
2625940
39076
3984404
2006067
2670208
3772513
2642164
2042429
2201523
1557933
2254470
1657639
3217551
2256378
2769784
1494828
4017839
1517653
4335397
3440631
3220026
1132846
2918513
3123451
2978156
4093362
1570058
1185260
518331
2067594
3566847
4725386
1601400
3278517
2910723
591347
1766514
2170390
1629800
3182400
4146923
46946
1342804
103403
1960837
2025942
280632
2706308
3641547
2994883
2132775
869286
4183351
4059154
1670874
804411
2815870
3152325
2606014
2807033
3666371
3629575
2631156
837567
1137171
2705258
3037074
1421827
3290808
2200063
4321955
2693226
150621
757067
3108533
1583071
385544
3843161
759638
3276441
1348658
2862033
66684
919772
2730461
1544460
1104572
2164095
1524103
2305315
1839222
2739798
3331635
4874327
2914646
2754196
2238336
3137396
2070079
1932597
306018
2591930
4082609
1477910
2451494
1831051
790218
2601508
131564
1643106
106965
2603690
2002605
4295540
2223076
3853594
3048737
3481595
2759110
2064236
289704
2283725
1657535
2338622
3340195
1701711
1270000
2190904
1816571
3823402
3481587
1926301
2080676
2135493
3572698
1528015
1535180
1149471
2413710
3120531
2878235
1773386
1382561
4635796
2107577
910147
2503993
3365768
3377514
158621
2513164
567103
520208
1280280
3977191
1137172
1467142
2011173
2016168
1958930
1958263
4349848
4475969
2116483
3029279
3543942
2255738
2842056
2640882
2230657
1884388
115352
2906211
3755021
121804
3791771
2040048
1702581
293134
3768762
2336764
3515714
2397136
2769113
3288402
846019
1636508
3022072
3305281
2265852
2319171
2132926
1426038
3338304
2625175
2412062
3349363
3252516
2195555
1941208
3594959
1759213
1931138
1301498
2155617
780914
1196254
3756314
1427152
1578505
1182462
1148303
3862357
1004823
2677189
969314
2285713
3263174
2320451
2277236
4813225
1245003
1917082
1351585
1262025
4804625
2196289
2290441
1056202
125702
1839701
2658469
1219705
3081700
2693480
1899815
3725672
2017799
1587059
2563946
3616922
544419
135880
1952051
2768155
2036903
4322847
3866351
2813660
4166238
2269224
3712956
2113992
1960574
3089701
1994456
2078232
517963
3294721
1740944
1783812
3377513
3056420
487384
3985496
2250833
933827
1231072
300689
49101
226605
2727064
1942546
3474635
1872563
2376713
2137969
1865418
58970
2124919
2681279
3322526
2738143
1501582
2208435
1843575
668615
2316799
3773045
241578
3920671
1378623
774293
1694521
1192895
2252983
1252022
2798826
122693
2229417
1291657
3839994
3050529
3876716
2668953
3276740
1990449
2443190
2161155
24695
3864489
3526953
1778560
1591138
2804906
3967023
76612
2609791
3003419
3026248
2272426
142462
101236
4059970
3829478
3969490
1219148
2489378
2803688
2014201
129847
2324480
2581632
509510
3450779
4243835
1822108
3717906
1228840
1131896
2731544
1571309
2599504
2668468
3833439
2708997
1157344
4028364
3577926
1141858
1053519
1492654
76775
147086
2719372
4415495
3311337
1982146
1926958
3322444
2195806
2565268
3871738
2290564
3963274
1925409
3128396
3894416
2674872
67661
3299402
1113263
4276799
4031654
2202603
3330501
2869424
1968445
2049467
3515039
2809623
2123284
3145600
1153665
3946691
2057623
1809677
773195
40017
2709018
3547780
2968055
413428
660248
1270888
2898419
2643204
3337690
2693244
3352759
1457148
3398012
1705647
4252607
2665747
3118383
3627469
3287656
2932798
2351094
1883681
3784569
3753922
1061972
1595588
4243836
3216836
2065550
2139224
933875
827223
1930104
2722432
2615748
3370358
3179921
3907830
4395875
783860
2147615
1377588
1404750
2038619
3154807
1345670
4131187
1084742
2106916
3333703
4017088
851255
2703055
1639261
4013498
553189
2360072
42244
924759
2099491
1884654
3587688
4002196
4606740
978213
1454845
3394172
926748
1560218
1883952
4553375
2771743
2225703
3680721
2279601
1385398
4295242
2119027
3078717
2757086
1958096
1097543
2115037
1688177
2255524
3744361
2479479
2262846
2521259
2223745
3141635
66246
3934310
39205
888621
1763013
1523011
611931
41313
1551235
4390731
1576337
2026320
3595734
3459056
3950672
3205646
3977703
1453452
21010
2326754
3722076
2270947
2260875
3275914
2245707
3996216
4284415
3760479
2249387
3500105
1897316
4029683
1764213
2881593
3360782
986837
1512820
2462350
1529763
1009022
1729177
3020246
3019857
1754266
3874351
3728856
862088
1137173
3534849
1241710
3041193
1358299
3851147
3320342
3640197
2328680
3283445
2197734
3711413
2351364
4460277
2198640
4348113
3397669
3339094
3216902
1925029
53340
4703544
1332018
3022540
3977190
1563000
1580952
1708928
581141
3438148
3092542
2506401
1601284
3385419
4046281
3595879
1450182
1067513
614323
2570744
756424
1706410
3897459
3322635
4059149
3034593
2240223
3284140
2870806
2523668
1843621
4255312
2579270
3245623
4302884
2044362
2540962
2279617
2300525
3914213
734434
4312255
2127199
1612465
2054191
1438557
2933746
3722340
4009220
147146
4921971
2719334
1622044
1409923
4374452
3771810
1734403
3767017
2084545
4302973
2554582
4303991
3650854
3148234
2078195
3458266
2986935
1024480
4302971
2769843
2926208
3603353
5018216
1286241
1828400
1398809
2352279
3243075
960875
4129171
2221441
2963216
3812908
550235
37433
2909363
1608726
3034396
1967172
2410947
2165744
2836102
4031440
4284486
3265963
3614514
2065514
4549062
3369471
1899100
1545707
4199237
2844649
1892253
35015
4302972
3593409
1439335
3830964
1944412
4129170
1943786
663725
1715163
3625240
943007
3578634
736215
4029716
3655780
1579923
3700995
2853913
2781571
3802313
2321562
3580348
1253622
1125657
3195227
4108340
3301849
4008315
1261879
2048191
768454
1114721
2140220
1451703
2804276
3245938
2168419
3046747
4368631
1842675
3624869
2600861
2941386
4378380
3688729
2537483
3912664
2200510
657519
2269514
220330
3905613
5005491
2745510
2510846
2352372
3688644
3192828
3582418
983609
2834752
3933105
2446555
1679788
2651838
1186901
1350200
3457821
3064687
3172010
1101611
27637
2731902
3468026
2075085
664328
4303783
3397001
2597020
2630685
1636879
4243844
4786970
4047519
3217677
4353220
924414
3345195
678106
1785185
3535138
4973473
3333255
3499015
4020054
3579652
2004892
4484226
1353480
1715165
4323073
1864795
3030240
1709046
3333793
3345193
959426
4163794
58064
4020050
2338619
4029682
2668755
4295249
1134237
4243842
1076862
3251884
2505634
3462322
2935152
1492356
2116146
1846644
2564769
3285233
2987108
2120117
4146222
943988
1592916
300746
4059156
1715166
2300175
4020049
3396352
2922759
3964630
2433641
1231400
1228631
2889229
1723473
3684243
1050582
4001404
1103732
4129169
3730520
3535523
3704761
4227679
1354531
1592915
3181499
917062
2737141
1993418
3169255
3656603
1641008
2818772
3393848
3567527
1397854
4029776
2546844
1269711
1566379
2621336
823257
4793648
2966682
1569904
679943
2176046
3573701
465543
3784851
235880
1872562
755124
2070594
1694106
3617433
1573242
Total scores: 2088
Average score: 310398.72
SSH: 51, SH: 462, SS: 2, S: 30, A: 1365, B: 143, C: 29, D: 6
