1808605
1162425
1990718
1849580
1582287
1714882
2573914
2981463
2520220
1989203
1083470
2323911
1241370
2659368
3012582
2629595
1911588
3041577
869222
1895604
2319171
2281078
1816243
1816073
2458202
902259
1754777
2686032
1838426
2594347
3131107
1044728
1997892
2616989
3078877
1129193
1770368
3040104
1069949
1385398
1911308
2128030
1776723
1860169
2486881
1872396
2615210
657917
3310074
1028733
2315558
2543244
2257346
1860991
2231831
1737899
2126752
1936713
3551549
915210
2639644
1655981
1919312
3071981
1681360
2154507
2574090
658127
3284710
2660294
2236622
2469345
1593724
2629589
2562794
1911572
1768904
1829131
1955170
3034770
2020385
2958102
2035291
1997307
2187211
1836593
2196278
1695382
2026805
2404778
1911574
1626537
2628166
1895606
2330357
1920872
2933746
1918978
1159687
2484994
2731892
2033294
3122902
1127798
2082725
2496720
2843965
2410948
767203
2209202
2064453
1677789
1270000
1701404
1811722
2839813
2524196
2536179
2364135
2485438
2568117
1860433
1709022
2750550
1571309
2164997
2633231
2628691
3306465
2615748
2330482
806325
2185824
1002940
2492632
1758255
2269544
1001682
2149446
1740368
2512396
1690355
795627
1843481
2068681
2823660
2495792
2660646
1892257
3284709
1701940
1476606
774965
1642274
1286697
2058788
1462224
1746492
2387523
617825
1142884
776951
2179629
690982
3707958
2780924
2021776
1354319
3509524
2468866
1813857
2189162
2791233
2410945
1649842
2083422
1845585
1912276
2097898
3082337
1343792
1977528
1861487
1410549
1981802
1498618
2237466
2241580
2623533
2530755
1869933
1213856
2282512
1258579
2961551
2708949
674324
2240404
3093271
1886839
1103903
1565884
3313094
1380717
1895602
1199955
1142669
2397136
1091973
1770623
860022
1734750
1961233
2141888
1849273
2331169
2133576
1816113
2201460
2306594
2485595
2274874
2597616
1961763
1984886
2338610
2659724
2481631
668662
2192825
1231616
2555112
3579281
1903809
1429500
3019409
3018109
1274573
2514739
2663986
1627148
2510998
132043
1126915
2301351
2258084
675734
1141084
1344602
2793738
1181761
1672204
2199470
2079597
1260832
2512990
2557979
1947968
2677494
1081936
2496721
2914646
2995944
1843589
1935845
1157868
1782046
2666060
2587024
2461085
1454845
2799357
816327
1882794
2111505
2603845
142954
2622787
2785254
1557181
683970
2719326
2679663
2336704
1108593
2797470
2141415
2349467
2565674
1969946
2189687
3275891
2874408
2185224
2197401
2270715
1507125
1738018
2249387
879062
3006996
816600
2024765
2502889
1570203
1029307
1896469
2898086
3135149
828242
1578505
1599882
2519704
2443190
710881
308917
1922277
2073335
614323
1915794
1864795
1969005
1075797
2580634
1843653
3107506
2008748
1569153
1286374
2365752
2368880
1262025
1569904
1021579
2826730
1600415
1954900
845378
2674297
2129143
2518847
2208487
2226722
2898419
2046653
2559938
2304622
2803459
2339070
1289927
2218881
1377588
1172819
2069841
683825
2084862
2530810
1413257
1805627
1331610
3038997
1954587
2404675
1405991
2316176
2596789
2332963
1659421
734339
1923476
2482032
2132924
2587891
889632
1788131
1774124
745360
2229913
2569254
2499408
1644535
2149131
2240526
2045107
1046339
2365443
1013839
1804553
2992705
1654883
1619564
651744
1279424
1646193
2140133
2249059
1714634
1893461
2237467
1377957
1844622
978026
2388297
2477065
2168768
2463764
2775397
1725588
2069845
2023736
2596018
1556336
2060305
1256809
1440018
1251181
820481
831443
2410947
1527960
2779000
3240248
2818772
2834752
2354378
1546350
1068383
1112521
1984889
3098371
2360153
718156
2596015
2518845
699391
1844417
1918979
1831032
2238881
1815453
1838427
1561529
2444148
2269172
2245783
1759915
2149447
2643264
1743930
1907933
427090
1954858
3331833
2564395
2941386
1852809
1409923
2400529
2417914
2118443
769590
2180883
1692395
2156318
953586
1608832
2610039
2442168
1872989
1003565
3311312
1076862
2496646
1351114
1970565
2050026
2055202
2168206
2106248
2037502
1640805
2201553
2603758
2022718
1661477
1858652
1720423
2040764
2637738
2532278
1890216
848159
728870
1736571
2022201
789765
929999
1596114
3707948
3020314
2028950
2545437
1232752
2102287
1846270
1537566
1917158
958038
1288341
3356274
735833
555797
1321542
1231072
2134538
1391282
1911333
2609731
1586036
1046830
1991177
2702907
1029562
2318885
2200809
2580525
1963403
2521210
2134823
3350992
1728259
181253
1935596
807074
848161
1265017
1807945
2102292
1401254
2060302
1609180
1970829
2127114
1535180
2189895
1529189
1742625
2417917
1649528
2549390
1985735
1726994
2798826
2725298
2242173
1741740
2606880
2503284
1286726
1824511
1640908
978213
2165271
1946834
817174
1752315
857624
2268730
2514909
1082783
1218337
901854
3350946
1217417
1185260
2096523
2191785
1574312
1679794
2217759
3333745
2103968
2360152
1563000
2077125
1594009
2294654
1474946
1150868
2658327
1158040
1345676
1114721
1587569
378126
2480904
3181311
847314
2041573
862088
2467941
1320129
2679998
2450629
3054701
1500645
2516387
2609733
1956123
2249401
1092582
1763222
2044368
1259155
2361328
784369
2587226
2156842
2360394
1749322
1897567
1032126
1201636
2333525
3298813
2477067
104229
1843593
1911335
1513623
1839649
2409659
910147
257793
1200272
2270781
3333706
2742960
734434
2530752
992563
983680
1548125
1817464
2048477
1052899
2304259
2829376
2039629
2061985
2045979
1612465
494818
2351094
784791
753445
1146443
3395094
680689
1782215
2149615
2518844
1889232
890190
1828346
2085794
1891389
3003472
1790866
1718152
1345670
111680
2125714
553131
2750832
1679799
1939172
1831051
2610994
1983406
926644
3089375
2223077
2061330
1658695
1911346
1610994
1849120
2107123
2618935
2535968
2118445
116128
2609730
1945175
2082487
2088427
781124
3104522
1542848
1598473
1103732
2165744
2580675
1762724
1184359
2149453
3369861
1300413
1264972
3030240
2371397
1670874
2668756
679779
3275681
1712377
3338304
2421869
1861763
2149558
1839194
2024629
3261636
1982647
1764213
422328
1858850
1016169
2444149
2169301
2530754
1632673
2124420
1820817
2398423
2409643
1695991
2330574
790229
1127341
2778999
1761677
1864007
2233752
1486738
1287350
2602336
2596017
1891512
2026764
2478227
337595
2102289
1679789
917061
1318244
1805022
2475939
2198640
801303
2654458
1267491
1655728
2245772
2514777
1610022
1528842
3001448
1829723
1810476
1602969
1405980
2007483
1690124
2574259
2046445
3240784
2406120
1973410
1909555
1911347
3119369
894744
1607736
2261748
2918249
2022237
2735748
1561394
1829998
283593
2077119
2053094
2196289
2156120
1844624
2480902
2730666
2961859
252238
1656727
958098
1793684
1258642
1226524
1763013
1031991
1890412
1988753
2132836
2596016
2367340
2099567
1829728
1830300
131891
1892411
1724319
1676342
3093269
2153775
757067
1383388
1675834
1797549
1018869
1702581
1579923
1149303
1961271
1483372
3360782
1591949
1639736
1972662
1095854
2518842
1687642
2522356
977770
2001983
1855887
1429457
1541907
2025942
146957
3041193
2485437
1396342
2156323
2155451
1828343
1092234
1180926
1149638
1681634
1607082
1619338
2477069
1762727
1492011
1415526
1396152
1467142
746737
2246659
2987243
1933528
1302583
520372
1601787
1967262
1988816
1620144
161902
1711830
2036365
2376713
3198222
1852797
2628955
1770695
2254752
3443974
1675841
2222070
1946302
1464026
1675830
2149545
2479006
1754266
2541735
839947
2363298
1527747
1639261
1700275
2563946
1784909
1672250
2461086
2102290
1492008
150116
2483555
2457519
1699423
1119026
1180209
2025941
1342804
1620228
2241579
1766841
2168204
1970401
1786111
2515411
2064497
954692
459845
2303916
1762729
783860
637549
1347841
2809623
1986949
1612454
2789938
2113754
850263
2123284
1366207
1529758
1153238
2553777
1973475
722596
2473353
1080851
2004399
1318245
1358299
84571
1324910
1860435
722235
2166311
1822108
1149713
2640792
3322526
2314855
1675844
21010
1514412
1117448
1766216
182759
1153237
1383387
1224754
1675832
744036
978965
2409644
1846447
1619561
2743756
1093245
748438
2168568
2222887
1675843
1382052
1630904
2084845
1997264
1155987
791636
1618411
1474944
1013310
2293625
1675838
1065224
657519
2444151
1625476
2085772
2222862
2475392
1262009
2076261
2201876
1385396
1635233
3034396
889729
735272
3022072
614213
2722488
2729836
1706210
1739633
1059388
1181933
2129145
969681
3333703
1149925
635865
2657705
1348161
1410548
1843594
2410949
1609253
1846226
663725
1236951
1489207
2063785
3311337
2098534
1128411
1650772
2023927
1625592
591347
929532
1784089
1981053
2049457
722238
2836542
2522354
2445664
2659858
2168425
2697946
2575657
1850585
1589834
95382
2156806
713867
1492010
514514
3037642
1988750
932223
2245774
1712012
574471
2495755
1353828
2008999
2593620
808848
2444150
1627149
2245776
2331416
2722432
1350927
2040812
3313127
2234162
2496604
1690386
2625175
1303587
1236756
1786515
687530
1849505
1092090
1963474
2277236
2168419
979155
777263
1762730
2058787
433005
2184521
791322
1474956
1827558
1762733
869197
1460113
3074108
1071424
1827323
47152
1262832
1973474
951194
2158085
476542
2098548
1587059
1655719
514516
1918152
655683
1995244
1067883
2055858
39076
1158424
2163250
1869936
967612
1397837
1827412
1534523
1030374
1156380
3006997
1423170
1706834
1872562
1655721
2025938
2201675
2090844
1766217
1682475
1059390
1071242
1697722
1414505
2014469
1852572
871154
2202872
960875
2284484
522936
1033154
2182100
1587910
1253771
2285719
1847539
2454006
2245860
2223734
1070639
3026248
2245781
1983411
1077157
817908
2460727
1492012
1897577
1829038
2458212
2347706
744305
486513
933105
2737173
1614054
2129147
1800249
2245775
1949535
1714830
931698
2580767
949234
619291
1322507
680746
1468210
2171333
1561395
2369402
2328679
2444152
690461
2479479
1619555
712376
1181042
2567535
2102288
2732387
2020602
1839222
1613232
930424
1645698
1625191
2044365
790218
983896
3377514
1183810
2562756
2616454
2133726
1531842
896855
2599504
1071565
967034
1539594
1957429
1101356
1583377
514515
2014470
486511
1501761
2060303
1784017
1154151
2223144
514517
1072030
1571507
1675833
1242071
2227697
2315563
1963417
1957244
1286990
1726474
1787848
1149864
1770215
1826438
1071416
1902818
1034889
1690358
1643106
1534639
961692
1180881
775561
932458
3365585
2609734
1956842
1974024
203986
1285526
1322249
514518
2200810
1909493
2232761
1725587
2242434
2609485
2470378
1556368
2204246
2284401
713935
1968283
1385964
1657612
2474678
2163449
2030805
3229091
1720675
2518846
1263036
1115737
1492006
2393795
2057057
2172170
1036133
827488
1536685
1827252
1975855
1751423
1971795
2237470
943403
1702172
1690356
2580768
2118441
544671
2653571
2696829
1474945
1655999
2050035
2131813
1399651
1608872
2388266
1554502
2480900
1070687
2168735
2465014
150272
1821081
1886664
2480903
2410950
677963
2024691
1154460
2163999
3050529
1650664
2165192
1802142
1347840
1895399
1840160
983692
1869937
1985150
847313
2144782
2986935
2267564
969686
2643204
1070793
1968445
457257
1799197
1414507
969323
1657611
554519
605429
2044361
2025345
681247
1969636
1893432
1687769
932904
2245777
2245786
1298486
2197593
754202
1067859
614217
1937470
587677
2470248
1603453
1849718
486512
1617643
1384827
945107
2129144
1622523
335800
1690359
958863
2060308
2222443
1587911
1935595
2460779
2020258
2231267
2477066
1970018
2596019
1095152
1700020
1675831
1180882
453094
476545
2102291
1405981
1941025
1383988
1451992
1262010
871027
2353509
2881593
1522239
1347435
2202788
1219705
539909
878369
1839650
1561393
1623285
2245770
979232
1693575
1071975
2024693
2250747
2015326
867643
712859
1894591
552565
1071233
2095314
1819779
1409615
485109
628343
2044367
1988817
1917082
1425695
2024690
1859185
848313
619289
2007495
2245784
1661419
553225
1051233
2166352
1687641
1656166
2863658
1286225
1988897
1595347
2569175
677964
2404484
1184612
722236
1802010
1153285
1318243
1588627
1243461
1154152
1072786
328472
990654
1785659
1509693
860486
1861212
935029
1383390
1897316
1869337
3390227
821890
1324201
814293
1932924
1831197
358316
1844294
1895607
1555610
1801936
2173002
983897
1623093
3082601
1859153
1618981
342075
172619
2742957
1423969
1180311
2559903
875075
2163252
1712376
1675837
2689931
2813660
1419403
1627157
2300175
1770624
2640882
593303
967033
1762731
942001
1431005
1650666
1492015
1869935
1286716
1911786
958160
1621319
1869934
1347842
1980103
778396
1829925
357801
713689
2245780
1303586
1451983
1972684
2839767
1349918
2227344
1369375
1409811
2542628
681246
1656164
2523668
1385401
2245771
1735075
2040715
2294643
1214421
2060307
1072455
813757
1828834
1287016
2521259
514513
1979409
1228325
754201
1256135
1262271
3577374
1959808
1848919
453122
476541
1884388
1099223
2475475
486510
581819
2468863
1854033
1624513
623699
1937471
1438557
3023414
2547555
857603
2677188
1324188
2231839
1181187
2553242
619959
2165211
1529762
1071273
587711
712858
1479927
1149619
949010
1236790
867642
2588639
827933
722237
1802041
1059389
3396147
694814
1018878
1714573
677962
2932798
1154150
358259
932936
1333681
1347137
1383386
718670
1349775
2083676
2719427
2034654
1228311
1229603
1534522
1690354
1650665
593305
1631588
994523
2030843
1545707
1768636
1807643
1492007
1226973
1513238
951401
817269
1556734
1629507
3301849
1854032
932935
2667802
2014471
1019088
905745
829779
2929650
713703
489041
1892253
1415582
2211114
930451
2244758
1414509
2054191
2044338
1675839
1451703
857602
1136505
2902384
1988752
1711983
1636879
2149020
2495251
1211828
760464
2200806
1154509
722514
1907581
2044362
724928
924759
2720929
741477
87570
892534
40017
1192895
3034391
1134237
1125642
2586420
1272842
2731312
2296022
1926958
1186901
194320
495538
2878235
1137448
933827
2004799
1141858
628755
917129
2101126
1563135
2545898
1629635
3132824
2200557
1148905
2534559
845391
2974264
1768264
3517482
1973361
1761422
1966563
2341682
31146
3121361
1209109
1797557
1428232
1655718
2817560
Total scores: 1715
Average score: 216244.45
SSH: 277, SH: 242, SS: 34, S: 69, A: 982, B: 73, C: 26, D: 12
