1808605
4187053
5053356
2671379
4055410
4742940
4867167
2487880
2574090
2173926
4113363
4641395
4859889
4425879
4905829
4177434
4720774
4886597
2843965
4093216
4135160
4876550
4985768
4735162
1732802
1860169
2759787
3946158
4900284
4947312
2505956
4915498
4466096
4839949
3683363
4850086
3579281
4941465
4452319
4835404
4581701
4225083
4768112
1872396
3607499
4319071
1028733
4692009
2520220
2179629
4874327
4350927
2573914
4924798
4544851
4652324
4641389
4727786
5059741
4140323
4641396
2708949
4651531
1282960
1816243
3773248
2546607
1889804
4768489
4415584
4642487
4507477
4351425
4715452
4748878
4921971
4586680
4176360
3257742
4851922
4379114
2629595
3672424
4954338
4914702
4452401
2446829
2396057
2064453
2201460
1711307
5118692
3071981
4751016
4621973
3069102
4834698
4070109
4791387
4880910
4900540
4468818
4874355
4810017
2034654
4435685
4387380
3040104
4795186
4793476
4662127
4803734
4579565
4989342
4777711
4315784
4977659
4889331
4549219
4786342
4919168
5027182
2581610
4186890
3265468
4880909
4572969
4975261
5056369
2194234
1961300
4463370
4921665
725718
2464761
4134856
1576147
2410948
2047629
4941140
4761696
4791385
5052144
3526068
4839022
4682426
4985511
4883679
899732
4186288
2141309
4395412
4934522
5019869
652034
933875
4291753
2231831
4952649
1811722
776951
4880274
1737326
3012798
3983342
4914437
4059980
5130700
1319547
3419931
827488
3666979
4643936
4039494
2530755
5114468
2241579
3939324
4852493
4455136
3884667
4391793
1530057
4143861
4158183
3034770
4883762
1519498
4930859
4831659
2857306
4819750
2180369
2041050
4467958
2510998
4876257
2989244
1588369
1642274
4684386
1935845
4748879
1682101
3994593
4374385
4880925
2610843
4645016
4638447
3008156
3942556
4954340
1661477
2338610
4577577
4463325
4273475
4793995
4577767
3048810
4840247
4934006
4838455
4543721
4729584
2550203
5006488
4999974
5014951
1419954
3451113
1474012
4829379
4876256
3003399
4884430
4803733
1848919
4630407
2445438
4934542
4760930
2035291
4653740
4710563
898575
1802736
2745389
4954337
821070
2102287
4791393
1843589
2468866
2318887
2360153
4751287
4885549
5052145
3972806
4982561
1474455
4803756
884664
4853247
2451721
3462322
3007920
4662519
1988911
4933158
4981334
581141
4664966
4951211
1734750
4585194
4783687
2328680
5108773
4941556
2083439
4786417
3652813
4806826
4956752
3036835
3348940
4878739
2077126
4119821
2240526
5121698
4905934
3627857
1565884
4415847
4569672
1838165
2410945
4877372
5090186
4834702
2078961
3486101
2295253
1186685
4646485
2618935
1938324
4790336
4225181
622407
4925156
2774812
3914214
2394645
2275093
2615210
4939871
2659364
4944707
5014840
1843653
4979831
3257738
1299508
3615659
4947083
4829327
5050100
4835650
4568904
47152
1890412
5096203
4725785
2444148
2094186
4853009
3082675
4683926
4864071
4919915
771858
4802426
4566404
2419195
4891660
2097898
3801747
4840651
4681478
3015347
3532513
3623520
4175008
5124612
4791405
1988907
4885742
4808303
5064526
4760929
1612454
1623093
2732387
4681476
1869933
555797
4509433
4878741
1231420
4712362
4862053
1119965
2269172
801849
4277541
2512375
4838199
4797838
5039538
1097891
4789305
4874744
4633040
5056242
4897779
5110071
4717165
5106680
4905646
5094235
1840044
2480916
1262832
5004968
1051486
805798
2861378
4948425
1536491
537235
2360152
3211124
4599781
3927661
4880188
4578043
840426
3423808
4728625
1476582
555050
2151203
4453889
2617143
4775095
4878770
2755722
4453005
4276045
4800379
1452780
4913599
4800049
473210
1701892
2639644
4912905
1351114
4463310
1961763
192508
4805125
4631634
1641323
753001
4875618
4833841
3374705
674128
3095036
1053188
2459394
1822108
3366802
4484998
4382719
4036738
2102292
4665895
4485821
4998846
4839948
1894345
4414692
284084
2091238
4541408
791264
3098079
1670393
3101756
4971612
2559123
4610124
4381036
915154
2180733
4999937
1826438
4648226
3765706
2468862
847199
4549274
1026834
4648810
305948
1279814
1027904
4176606
4156735
2064449
4952868
4468295
4887711
4999825
1881840
4620313
2599141
2599142
2611930
4952871
1921521
4852495
532842
3459103
4906159
940751
2616705
4852491
1996531
1121245
1294757
4906012
1150882
2161926
3568156
4641235
4885943
4189841
2781169
2070409
5046243
280034
100880
744040
3373754
3653690
4415585
471598
685756
3839993
4403750
1028844
715345
4663018
4605491
2067752
2064304
5101256
464521
3095041
808167
2014469
4614581
4917875
4630648
1270538
4794241
4655343
4655844
1911526
4576687
2486606
2447348
4823582
1190710
1829038
1751858
970946
4778226
4060642
2586410
4557474
526757
4131933
2620912
4986651
2993246
4845432
2518845
786018
2817424
2281075
4054197
4715373
4981161
1498916
4870528
3579611
4908432
3981849
4797447
4642564
4630811
3268295
4409518
4358599
3682770
4793727
2895054
4812128
1836274
2809893
74932
1869935
4602409
1416386
4134502
105531
852263
439956
1034620
925768
1871156
2129145
2512371
619051
2241147
2147615
4740732
1518608
4461503
2625910
4679193
4893706
828243
4420853
934453
4631972
4652841
1099927
4563732
2125288
2287404
2510353
3852941
4900686
864222
4752470
4917885
4241275
2201675
1318195
4861014
952620
2462030
4476732
4579571
688942
1814702
1954766
1860804
3107913
4423831
1889137
4413546
4793648
4875614
4552003
4637837
183672
4908446
741612
603591
3241159
4518158
4420855
3028465
4870537
1857527
4922668
3337054
4754833
685141
4404049
5013310
1477261
2268022
4766626
3397992
4790721
123074
3422764
4838541
948431
2485439
127762
4896571
83674
2716393
3862026
4796007
2969237
1454623
846019
4142875
3287109
1686506
2637354
4474953
1164044
1469039
2345359
4569671
2580675
5053485
1139532
4740733
1698745
4698636
1690355
4783989
147699
4702661
1216065
1829771
2532230
514515
261252
864223
2315962
3098623
4791391
4622929
2194547
4643736
1863237
1189706
5041434
3095143
2279130
4287878
2292956
2088385
4748690
4420852
4610676
4198445
1328735
1551753
1863689
2149811
794860
4697394
1824047
3921750
881353
3527703
1824685
262126
955218
4425088
939743
1194389
2874473
2077642
1454625
2965853
43414
2533765
3713306
3687206
5041439
2453128
1414906
4161186
2480630
1645699
2333303
4856792
2234037
4109500
4942317
1680864
896480
1283691
1849718
1842579
71100
4642260
4155735
4862958
4649056
275562
100784
828935
1457923
2854806
4746442
4261143
3339296
775357
2453918
732245
268080
1166151
3555216
2781167
2254815
1622463
716020
1482039
3989706
2369412
5119385
4550857
3086755
5028593
1609668
3194325
3579339
18768
5045818
1484846
4351426
1678799
796887
4791388
1818428
1106131
1063623
1468472
50407
4377671
3265469
282348
4878794
1936561
4638289
783607
2518887
903690
2165521
313849
4467458
4288226
1583545
1105376
4331844
3663707
1457925
3022348
1839692
1418502
1962723
2634559
31304
4652843
4445994
4603074
4811442
1181741
79843
4404727
4644232
4677744
3064561
1408992
544671
2098548
4641399
1799797
627687
2788495
1316477
2420320
2586411
4037585
2193745
4728679
2098534
4930928
321574
2079236
4829677
4950775
1161891
1124836
3033219
4164516
5006339
4794026
4640174
887531
1065901
150360
5005588
3405683
2085964
2128243
1498917
4634744
1663161
4829862
4794025
4477707
2328397
139506
4856377
4790292
4453888
1454083
4794531
1955739
4853249
4783765
2198955
1882558
4184497
4652618
2396056
4877481
1830502
4085207
4726119
5021688
4689737
4663039
3628753
4609830
5064416
2272299
820336
3401839
4156714
3745820
4672863
4493700
5064521
4252608
4655863
4805184
4261542
4674901
578505
4644253
4308800
2420485
1236756
60943
4990957
1592913
4779752
58527
4713698
1597642
4717049
4854026
1711830
1716975
4179442
4458972
3318982
5005206
1836302
3875766
Total scores: 942
Average score: 145065.44
SSH: 34, SH: 52, SS: 62, S: 365, A: 393, B: 29, C: 4, D: 3
