2615210
2623533
1709022
806325
1083470
2058788
2368880
2818772
1813803
1251181
1843653
1656727
943415
1010596
2097426
1895602
1892257
2331169
1746492
2506707
807074
1488203
2282512
1997307
1028733
2677494
2118540
2413242
2569254
1903809
1860169
2488868
1969946
2667571
1199955
2079597
1566024
2466406
1484776
2791233
1881615
1354319
2387523
1899011
1292452
2469345
2164997
745360
2095803
2025942
880496
2666060
2012300
2626473
2423298
1589931
1192232
129891
2294643
1252711
664787
1918413
2762534
1157868
1518125
1890062
1947968
917062
1955867
2410945
1181761
1126915
690982
1432943
1599393
2587226
2138577
1846674
2240404
2249401
2906051
2111505
3081825
2218727
2141415
1944778
2677019
784369
2097898
1625858
878369
2628166
2014389
1919312
1127798
2257346
1861487
1451282
1843621
977770
2622787
555797
2146365
845378
1258642
2628159
875761
1522329
1277254
1083052
2382377
1582287
2658147
2496646
1788628
1872396
1871842
1843589
2234808
3536110
623699
2025205
2187211
1459559
1065821
1496766
1974981
1217417
722844
2270781
142954
959426
1031991
2274874
1644535
668662
894744
2172086
1754777
2140939
1620144
1568203
2235465
1845585
1687642
2345714
2397136
2941386
1554502
2229349
2590221
839947
2834752
1600415
1257723
1315479
1889232
1528015
2281410
358865
1142669
1577020
1569153
701018
2637738
1402392
2298221
1302554
808856
1909555
2478408
1029307
2505463
1885816
895330
1075001
795627
1766272
2390161
929999
1828346
1327000
2610170
1436082
1721685
1351956
655679
2351580
221777
2280910
1070501
952383
2190666
1514679
1596845
1580160
1112521
762207
2050696
2120145
1172819
864446
129847
1886839
1968674
2689921
1649528
2197801
1804553
658127
2654458
1219647
2958102
1862525
1770626
2716029
1934624
2254763
1672641
2690695
1680437
776951
2133119
2059822
1813857
2017285
1288341
2869097
1040115
1414125
2199185
1760666
1882794
1021579
2348183
1258579
725198
2238881
2964430
2436143
1232752
828242
1064527
1537566
2256387
2128030
2225036
2595686
1972467
2517705
1105014
2229689
939714
2084319
1614477
917061
2719326
2248790
1414928
1237804
649374
735833
2815870
1189078
2202353
2064453
2500910
2045979
1398848
2765068
2752359
1259155
1286726
2545234
2370911
827488
857624
1519160
2100003
1590373
1677789
933495
1500058
2965359
1187353
1681360
676017
2487271
2628161
3449740
1186951
1233607
2628162
1377957
665787
1605533
1635388
1763222
1103865
1329273
1162425
1969217
2116544
2641556
339795
1838426
1141858
1241370
2524196
1174467
2234883
1671813
2411604
2779000
1075653
2058087
1309256
2416573
803798
1301354
1480196
427090
1321823
933827
2906054
2535899
2136294
1948911
2078788
2270137
2199220
1985735
3488032
2274252
1855356
2554676
2125715
992106
1923476
2403907
1863201
2477069
2398423
942085
2196278
1624249
1133212
1241418
2165271
2553777
723000
2039845
1427476
2132924
2651796
755124
2399207
1006822
1535180
2193838
861415
2553242
1630164
1175516
2144193
1968836
1885461
2958956
3082601
2463764
2168220
679131
2321257
2078961
1554632
1108590
2164713
1353480
1481640
1579854
691893
2269544
3551549
2689459
1879176
2739658
1590329
1836687
914220
1159687
1867874
963664
1706210
2808685
2146011
2583506
1433306
1097891
3089379
2066867
1781324
2404675
1812247
1192256
1943046
2407667
624133
1843481
1289937
2204608
1164338
2524882
987133
1580705
1993418
2693244
1869619
1077675
2373569
2005910
897024
2624022
2730334
1908705
452332
3481587
1520526
777074
827803
1886274
670881
2471632
2561971
2406600
2449729
2289083
1539450
1493052
966203
737727
3462039
2017987
2689633
1642961
1138710
855762
820481
2639521
844103
945660
2610039
1977950
1988320
2153557
1894658
1872989
2600930
2065883
1714350
2103869
2514909
727636
1331110
2324161
2803459
1531283
2463770
757003
1033002
975234
412057
3025039
2564638
3528813
2238009
1657917
910147
1695991
2357934
1893461
2068688
1955829
1289675
3828823
1550335
2082447
862506
2457945
1657723
989228
702412
1344602
1871913
1842043
2361328
1233778
2354378
283252
2301163
2285696
1918734
2261748
1783013
1164074
2176279
2038705
1907310
981872
1906933
3459056
1949196
2176280
2019880
1763938
2251000
967546
1319539
2125360
2281409
1225765
3229225
1158474
172662
1112356
1438557
2331330
1155345
2181250
1004823
2602336
1805627
2206829
1329592
1474012
3338304
1306932
1690244
1485283
1272477
2922759
2132928
1262025
1008998
2495251
2516387
527704
818585
2195031
2324126
2607691
945157
1842675
1054525
2103968
1076706
2550203
1294402
1690353
1584604
2633335
1679794
699471
2226025
1117232
2047677
234444
1784600
2111901
2349497
1730658
393845
1977951
2514910
2418825
1864795
2249387
252238
2011555
2633754
2099491
192508
2596789
1900535
2223338
2988681
1524357
1655981
2342187
710691
2504927
1463054
2392113
1653519
2406120
2540371
828243
1611299
1111047
1742625
1983406
2681970
1243079
2097288
1015966
1562317
2898086
2328680
1740993
1501410
1312453
2689434
1412486
2530928
2705210
2218881
1542848
3019857
2574259
2781522
989587
2205657
774293
2269122
1788379
2458212
1267938
2113035
2562794
1866555
1420671
2061247
1815453
1816243
1482959
805029
823710
2633231
1840736
1843565
1951188
2468315
2567564
990527
2164601
1866649
2595648
1101611
1482745
146105
1836772
1274573
1023834
757067
2439848
1774124
2933892
2351364
1860434
3549855
1794985
3320061
2360153
1011144
1204536
2330574
2281078
1840159
1419243
1414282
2344868
2191785
2061192
3553117
1490377
1725621
1128403
2293731
2578464
2299178
1032263
2314614
2844963
2217039
2660646
2538865
1602151
1695382
2575380
1219511
1607082
2169663
2060897
970163
1382152
267052
1625870
1137172
2344219
1573997
930307
2992705
1353936
1312850
2234162
2161305
2953459
1936713
1296370
2493793
1753084
4114070
977647
795810
1350562
1481624
1512891
180104
1979409
2729836
1294632
2004799
1024483
2748039
1967557
1440018
2530448
2217436
462700
929660
2570594
2241580
2284893
1879393
1878931
837604
760779
961695
2939407
1230854
1937377
1576331
2022237
1963713
839711
124508
2046351
2712463
1489207
2276090
2356499
1549772
2119495
1083643
2500241
2647275
2073848
1640115
337500
1468647
1595196
126715
2206542
2241258
1715819
2899195
1331610
1452457
880321
2199470
1220839
1897316
887621
3020246
677903
116128
801303
2034654
2961551
2049467
2255524
2106916
2696829
1258135
830322
2468846
1706410
465543
2219758
1300459
3054701
1462836
1733137
1729283
865344
821785
1725906
2489378
2555113
2185879
146957
1436138
2200841
2998945
2201971
3045507
1973361
2843304
3607872
3320181
2863524
1942473
2452860
1139789
111680
580941
2367160
211007
1380717
2328679
2209289
2657705
1775314
2714401
1857003
2104881
106965
3569579
1947687
2555112
1407861
1349312
2486948
2312174
2027988
1645523
889529
1524103
1239859
2097119
3104522
525278
1567435
2444332
1679782
2061194
1907573
2341738
3466809
2192825
2625175
3107392
2358383
1396342
1702581
2509258
2843299
2296588
3395094
3026248
2778611
2376713
2324480
1229400
2581812
1793625
1861434
83975
1977469
1409923
3534950
2325387
1398206
2332178
969686
2153775
2261360
1623025
3089375
1940924
1544629
2641365
2315558
206567
683825
2144017
2868674
1474956
2968616
4049497
2543190
3017420
2650732
2245707
1850409
2306594
919772
60743
2125366
978213
1773386
2134823
1783010
2140220
1744843
1984256
1014943
1674139
2986935
107434
1587059
1345676
3369471
2777604
3606794
2563946
1134237
1968283
2309545
1142884
2772606
3377514
1820640
1974347
1834598
2556724
841565
1724319
2351094
1847043
1360822
966160
1796309
2293450
2165744
2642164
2266069
2004828
1234400
1302583
2438517
1578505
3557474
457061
1516650
2839767
1478509
1257855
1733519
1932597
3098371
2148514
1295020
2758299
63804
591347
1899624
275250
2689510
3148234
1865418
2012009
2705371
3352759
2249551
1966563
763213
2993255
429800
2390694
2339070
2848842
2268730
2277236
2902384
1123881
2654506
2643204
2113754
559447
131564
1778560
1961233
1415526
1681634
903667
2106925
1219705
2304622
2693462
1785659
1639261
2932798
900957
1828400
2198640
1403588
1809151
2722432
2610994
2452465
1563135
2057577
2217638
1494828
1844204
3550482
1518434
2740274
2565674
2047084
1612281
1370463
2730666
3367757
2452099
1676851
700546
347360
1939883
1595777
1820714
2296022
1460331
2657557
2570744
1932892
1295849
1702172
2056945
2142037
3048043
1507125
1590460
628343
1405991
1679799
3229091
2719462
521457
1854932
2570115
1754266
3617433
2479479
2969884
2981274
66820
1701775
2234918
2231320
1952037
1955170
2523668
3107506
2709014
2655718
3384447
2273031
1826941
1776723
2329704
2298473
1672204
2552046
2640882
683970
2410264
2962915
2037761
1902818
2454006
2980857
2260875
734434
1400321
2269514
1545707
1529763
1009330
2961859
1398110
2359453
3278517
495899
1592916
1941208
2670208
843996
1942546
1632339
2628955
3520087
1728493
2870806
2116146
3269529
1013839
1231850
862088
318109
2887920
1407152
1948223
2485186
3637960
1709121
82734
1872564
1241924
2021776
2512990
2622659
1991145
2597020
1365213
2726346
1351114
2601508
2267564
2083676
2417422
2659781
1332018
2134458
3105971
2677188
1204683
2796126
889632
147824
2952114
898597
1643106
796693
3078717
487589
1905396
2046445
715044
2231816
1785185
2544647
817623
2203212
2809623
2246659
1399651
3340134
3526113
3505535
1612465
2869875
1646483
2798616
2455380
1897511
2842104
3440595
1142960
2182924
2054191
2731892
2662780
2677343
561335
47359
1806531
3369714
663725
1444063
2810443
3387671
2495917
2989057
2396057
1679789
2446555
684970
2290441
2737173
2503284
3963274
2735748
1665638
479812
1938210
1613198
1137173
2878235
2829681
2103267
1636879
1076862
2551546
1820817
544419
462736
2963216
133938
2987243
2745510
3097037
2513983
2521259
2794099
2586420
2124420
2665294
2300175
2379656
2201307
318340
1286241
1846369
2459903
3037642
2044338
2909363
2895987
2117909
2622988
2538500
1926958
1763666
2504503
3023414
2737141
1930104
2069841
32570
856738
1243461
791713
2123284
2544530
1025210
1126228
1245365
2176046
2836357
683442
3013106
1695379
2165580
1377588
1546425
2004420
1737662
2710014
1768802
1350927
2689496
131891
104229
1616369
1075797
2223833
1935845
2593282
716398
2233760
2771743
Total scores: 1262
Average score: 360134.55
SSH: 0, SH: 20, SS: 5, S: 73, A: 978, B: 137, C: 34, D: 15
