4792013
1582287
4859889
4842367
4111778
4742940
1754777
3648544
4783641
4914437
4850086
4751290
2660294
3884667
4134502
2798282
2510998
2237466
4844447
3926086
1725588
4867167
894090
2335553
4836714
2154507
4791385
1570203
4805919
4059980
4225083
1836593
1890412
2894747
3040104
3579281
4425879
1332240
3773248
1519863
2203622
2458202
2419085
2350478
2288017
1808605
2040582
1588369
2035291
2492022
2404778
2201460
1935845
1946507
2673453
3178352
2201145
1811722
4833931
1860433
1842043
1990449
2204234
4236616
4985511
3018109
4838456
4860509
1129193
2194234
1244293
1619555
1596706
1736329
1869182
1221602
2323911
2236622
2743756
1462180
3683363
4960484
1889804
930249
4158183
1160996
4921971
1843653
4985768
2330357
2279617
1258642
3526823
2287401
1843481
2993974
3601629
2779000
2118444
2847847
2025942
1029562
3551549
2659368
2129143
2330482
1843589
4876550
816600
4917244
1474795
5004968
3071981
1419403
853625
3726990
1983406
1858799
2468866
2176404
1768904
1159687
2964221
1508874
2122460
820737
5006488
1630299
4109500
2574090
2410945
2812676
2461085
3963421
676172
2225036
2044362
1621319
1836354
1695991
1642274
2315560
2022204
1920872
4350927
1494828
1510219
1742483
1728042
1743616
2596015
1770368
1621068
2445438
1893432
696225
1193449
2485438
957468
2406461
1911308
2574259
1595191
3026473
1925409
2803332
1343792
1701404
4134856
4657226
869240
1936782
1571309
1847502
1857519
2328680
1869933
994495
2580566
1926434
2046653
3873445
2256823
4189841
3771026
898106
1128531
4861384
887059
2164997
2324859
1796420
2603107
2315558
2573914
1611251
2752359
3405683
1056140
2629595
1649842
4583712
2145283
3746239
2802630
1977528
2545789
1822501
899732
2860521
2318641
2639644
3942556
780914
2058788
1829925
2621902
3011628
1942387
1975033
2813387
2185824
3919008
1860435
4791387
1255495
2950367
4019123
2923026
1700275
2368880
827488
4311270
614323
2545437
2302135
3284710
2520049
2180369
4749569
1252504
1948378
1400414
4919168
1848803
2675575
1610745
1988911
4801973
1556336
2022202
3623520
3708195
1558876
1636104
1178526
2311453
3668020
2467121
2033294
4662127
1848919
1778560
2872154
2485259
1791963
2530810
2360153
4193498
1895602
3946158
1972480
1848985
2189687
2510015
1586059
1702172
1820840
2616448
1637380
2285719
4225030
2060211
1520550
2201876
790415
2796473
2759787
2518847
4147579
1736327
1838427
2466406
1024480
1474956
1657639
1373482
1580814
2394642
2663986
3232558
1651290
1627148
1620271
2530755
794670
2361635
2790439
2269172
2964230
1603621
2059626
2469200
4985596
2480902
2915771
2075704
2541735
2201553
4822449
1971822
2428358
1650477
4924798
888010
2389623
1509590
1456771
2231831
2964222
1030374
2445806
1730889
949029
2055394
2294654
4558862
1605598
1649064
835941
2250747
2077126
808848
1264831
47152
2344578
1628131
1829131
4861771
2360152
824970
805855
4809580
1268353
2058087
2053094
2935781
2826730
1514898
1800993
1706834
1257298
2332240
2276916
1816073
1400912
3010178
2088427
2519704
1972601
1918978
4376495
2394645
1989857
774965
2283400
2034983
820619
3071714
2245772
2681192
2586235
111680
1541907
1790044
1843607
3928577
2382822
2547378
1828339
2166410
1685633
3958818
4839022
2041050
3526068
2706393
2587891
2659724
1742484
1936713
889729
1032126
2022201
2188031
2246465
1736333
1962374
1579673
1969946
2054334
2241579
1263997
891542
2026805
1804553
2183206
888305
2282103
1053520
2580634
1610746
1632673
2099714
2702113
1786111
2486881
949011
1695382
1358299
1296305
2245777
2861378
1925194
1028733
2044368
1868148
3990534
4060642
2097898
4093216
979155
1736332
2599450
3688094
2278930
1809113
3796261
2048477
968065
2976489
1558869
1657285
3069848
1572868
1120405
2653460
2078195
2669266
2206954
1640362
1738018
555797
4783689
1109552
1822903
2512375
1487821
1046339
1875396
1764213
2461086
1186685
2201576
2863215
1121032
2410948
2512368
2820225
4989664
888383
1635388
2755722
2590119
2102287
827803
2034654
1769144
1645698
1916994
2022718
164020
1573320
1961271
784791
3257742
1158221
4867605
1054525
4833604
2632230
918415
1973410
1850409
2811014
1468467
1910434
2108925
1532240
1826438
3466914
2691949
1620144
2532278
1552947
2161155
1849433
1783812
1952177
2559938
2112908
1988753
4933727
4729584
1476606
2164274
4046759
1262832
2465106
2062588
1246395
4157223
1941499
779452
1023086
1770619
828242
4419660
1562308
1741498
2509215
2222070
522773
1662231
2338610
2067473
1969005
2974590
1626537
1685634
4577577
2092400
2468865
2397136
718643
869222
1694501
2615210
2166311
777055
929905
1892257
2686592
1028910
2603845
1659421
1827864
2328679
4801992
1608832
2129145
2150733
2238881
1658695
1045757
1690353
1818428
1453152
4925156
2229756
1141858
2060305
2207953
1945175
2486606
2469345
541227
4829677
4867544
1720423
1298998
2477069
2794464
3595734
1270000
1675838
2331417
1890237
1046830
1574296
1450273
2096800
2336252
1843595
1925405
1573321
784411
954692
1797542
1992711
1827558
1291657
1969637
116128
2058789
1797549
834589
3385230
2948845
722968
814293
1537817
4761861
2878264
422328
2328342
2245766
1191920
2750550
3093271
3034770
4244680
1836484
1623092
1462224
1121504
2546607
1307291
2464479
1810188
1093078
2112902
2543244
1105826
1306493
1663107
1762728
1278814
1828343
2367231
1849580
4463310
2488019
2177642
3791672
1827323
1991371
1816243
4039338
2590221
1759814
1752315
1025588
2033741
1628133
1538589
2139064
821691
2409643
2311203
1978242
4834698
2594347
3586535
211697
1985735
1897567
2609731
2444149
1893461
1598181
2245774
402496
983680
646713
1661491
4803756
1667532
1396152
2380150
2025938
2058288
1810150
734339
676445
1484989
2409644
2361328
2410947
1289675
2023927
1690355
1072406
2445664
4975261
2059455
724360
1796418
798853
1974323
2241580
1158325
2596018
2444148
2757598
1655728
1046841
724015
1919344
1871842
1675830
520475
3030240
1819898
2546306
1941498
2964220
2505956
2689931
1962161
1724319
2803459
1817847
782160
279032
2283281
1860169
2349467
1898518
3849847
3647151
1572457
2757593
1077370
1199955
2479386
4851922
4440053
2737177
1893431
2175267
1073277
1941890
1495848
2522580
1989332
2386287
1849505
2099567
1749322
3644156
1854022
1911588
1901598
4783765
4176938
816734
2272647
1915794
1330114
4569012
2569254
1649989
1897577
588523
4452319
2496827
1544408
1255789
2324863
4859493
2336216
1003013
4852514
2512370
2486391
1385398
1983358
2485565
1718671
1860991
1706210
1561819
4860510
1230854
1934139
1241370
2348775
1501472
2210045
2601893
1073279
2625911
1965348
2102292
2593619
1843593
2552715
1084804
3242187
1895606
1849120
4415585
2409659
3591067
1468473
3400712
1628503
988726
1770623
1142960
1578185
1797548
1762724
1905654
1970829
134443
1115199
2112898
2030431
1643270
1172819
1555610
1414507
3509524
1071416
790218
2271790
2096523
1969122
2030843
1385396
550235
4855256
1489207
1810372
2428357
4470172
1351114
2485437
2131813
2478408
2336250
1962182
970331
1971660
4415744
1639736
1353480
2105741
2953423
1500990
1919312
1769222
2515762
1975370
4042905
1436138
4712362
1991375
2628691
2129147
991733
1075797
1816320
2684033
221777
3927904
2522353
1097891
958176
1650077
1971795
2022203
4662519
2311452
1901963
2173742
1034482
1062374
4705585
2828520
1201618
2437233
2444151
633375
2206542
2172109
2069833
1909555
2477261
1909273
4634744
790048
2550203
1783947
1852572
1991374
2388043
411280
930498
1639738
1640330
2843965
3338714
1172150
666445
2178087
1269345
1221423
4140323
2345359
32345
2237465
2295882
3157089
1655981
2014389
1649108
855762
2485543
1609741
795627
1509460
1968836
2034057
1797557
1385397
4134503
252238
1542345
4224431
1623285
1807642
1473301
1630100
3658332
1968445
1995061
1817320
1545686
2443296
1482948
1435459
2628834
4351425
3284709
784369
1991379
1643386
475190
1967557
1777160
2680677
2384875
1154509
1610994
1770626
2732387
2212453
1949535
1271007
2468861
2210863
1678000
2401409
658127
1991177
3038997
1809379
196977
2168768
2098897
2292177
2468862
2522366
1842675
1401254
1828342
4453889
4559341
3070066
4874327
2351364
4588141
4726119
1302567
1886839
1586945
2016274
1800249
1819629
2299512
1667534
713867
4252608
2078916
999944
2530869
2691242
2240526
2593620
1797544
1683433
1594266
2171333
2015527
2069841
2173002
1851299
4792231
2391900
885153
2225736
2365752
2300118
2058287
2112910
1850585
1495498
1524357
2844281
713594
1627194
1610022
2335100
2512181
2062073
2414165
1827324
4775095
2123598
2226486
191805
2179629
2211018
2026320
2319171
1983122
502418
1551874
1986949
1828346
3561820
4039494
2689921
1509639
1307320
2249059
4694870
1909554
4733327
2901666
1678956
1639737
2208573
949234
3903219
2273951
1970115
2576939
1955170
1899511
1860434
927754
2628166
2519124
388623
1872396
1814494
1607736
1746034
4783687
1313029
118068
2722655
927819
1126915
1762730
3465034
2586272
4493700
4541862
1783968
1742530
2176320
1895604
2371670
1982258
1639281
1950368
1947968
1401283
1539039
1677118
1112356
4014382
1009456
1676342
2403677
1315468
1836772
4036813
1619561
4113363
1991372
2629594
899565
3040107
1252022
1997307
2242173
3959608
2190058
1944926
1739893
342075
2189162
2020602
1031991
864446
4774311
4657212
2306594
2484994
1529189
4744818
1682373
2485439
1963403
2081844
1524241
2675756
1509549
1926301
1365637
2883760
1770893
1962676
1669990
4646545
3121101
1995114
1180037
4537193
2314336
1148905
2232788
1458748
2270137
2024637
1991368
2272898
1788628
2226722
1805627
1036049
1979226
1765081
1518125
3532090
1869935
4189842
1208919
1704984
1843610
2128030
4969099
764472
1451282
4828490
1885816
4415495
1805910
1201506
2008748
2874408
1865075
2141888
1756897
1511760
1383988
2590940
2172108
2042429
4059970
2533348
1786929
1902624
1115737
4470043
1820110
2304622
861415
1473299
1269264
1592916
2204917
4788933
1181061
2004799
799401
999720
1348658
3010986
4906159
1762727
2559209
901854
3011287
2844963
2269122
1226524
1838426
2117268
966243
2836433
1762733
1716732
131564
1384827
660247
4435685
1404903
725718
1770621
4685718
1623534
2553242
1639739
104229
1760666
1915755
1180881
2014390
2381613
3012582
1332018
1114132
1595304
727636
1715917
2671379
1947084
3485104
4786970
881123
1157868
1616500
2494148
2481605
2292176
1909552
1991380
1382561
2269544
2144225
831241
4184538
1200619
2447092
1846270
932432
4543721
660593
4808501
3121730
1527747
4413424
132466
4462023
126062
1037478
2829376
1383388
2782887
1269354
2064221
1047758
1551873
1559974
2191143
915210
1350927
1180149
1201369
1169773
1396342
1114721
2898419
2012802
2431332
1809677
1822108
1709121
1762729
1180926
929999
1991373
2266572
2458212
2245768
3093274
4287878
1180151
4449473
4772080
1243461
2423683
4713808
2017555
1306992
1180882
878369
1083816
2512118
555965
1836302
1344602
1639740
4408758
2781369
3963430
1970018
4319071
1986395
3195618
905745
1630164
1768802
1201507
1801936
1383390
1924025
3194354
1762731
1711830
1180150
3814186
3142389
4796874
683970
2049247
2945512
2281045
4199237
3745820
2084862
1524103
3572698
1991369
3265469
1699423
2660646
726381
2137778
4900284
4085207
2223303
2176322
3197548
1041481
256027
2567738
2731892
2267564
4638742
3707958
591347
3470686
2327247
2601508
1016169
1831120
960875
1906336
977770
4404049
1845585
1028144
2240223
1331685
2338623
1639735
2443190
2134538
1412805
1181187
114024
4197563
1200757
2022199
2082725
2187211
1392757
889632
679131
2523668
1201505
2021776
2389303
757003
3267169
3119369
1296370
1668949
1233778
4672863
1383386
1180148
1986396
1828400
2677343
4555447
1391730
2050696
1383387
4393489
2205311
2515411
1019544
1754266
2590943
1286241
1095854
2046445
3501901
1410548
1377588
2352279
2184521
480561
2699135
1440018
2159408
2188643
1538458
4771467
1765587
4727786
4832134
87570
858241
1614477
1714634
2495251
4198445
3020123
3382215
1836680
2512990
680689
4796704
2411157
2325387
1623883
2489378
2273031
2610193
2200805
2958102
4436738
1828556
3349882
4048208
1163521
3843928
3122902
2628955
1863083
1370029
978213
1787848
2264767
1056202
990527
1569904
1187302
4611641
4468592
4721743
1406907
3281635
2044366
2264529
1681634
4536514
1954858
1192902
4763600
1874508
736215
2725403
1774124
1414282
2528860
1142884
846105
2479479
1162425
1095855
2294643
1988899
2606069
2457519
1895607
2540399
714001
862088
4585194
1643106
1041727
4859703
2562794
2290717
1546425
1746902
2202603
4017839
2448565
2351797
2775397
3397860
1134237
1258156
1320292
1820714
3462322
35015
3492582
4664151
663725
4832135
4804329
5005206
3997710
479812
4580248
3267170
415479
1636879
732318
2631078
924759
2786058
2399766
4796738
1701996
1002940
2863658
3655971
1261879
2327962
2990619
5047712
2495792
2674297
2726346
3950021
2024506
4853789
3069169
4527530
2505634
1979409
1021579
2994583
2044338
4736984
3992524
820481
2450838
4306835
2740030
3306465
4708805
4715391
4054015
623699
4754115
1563135
1988320
914220
1186901
2218609
3025365
3874133
1167475
2971241
3862594
3607697
2514739
1897317
2331169
3901232
2809623
4643441
1714637
4689249
1451703
4331627
4694276
2117909
3057801
4697800
4204889
2004892
4176647
1126228
3104339
820483
3542856
2937933
4570561
4131039
3238447
4011683
3912664
3752975
4416187
3768533
2521259
2444276
4804326
2497064
2897724
1793625
3578634
3592622
131891
1961233
4804609
3371802
3411122
2249387
2995944
2367340
4054203
Total scores: 1648
Average score: 204986.14
SSH: 0, SH: 3, SS: 28, S: 61, A: 1049, B: 348, C: 151, D: 8
