4704022
3892050
4934522
3695448
4511021
4139122
4466556
3504528
5012130
4859467
4277541
4785597
320180
3018109
4403746
4447996
1469240
4614397
4165727
3596820
4487663
4710563
3526561
4227167
4381212
4425486
4710562
2615748
4914172
3665005
1601083
2659369
4343206
675734
808167
2606880
4247753
801849
847314
4843799
111680
4899289
1256881
3006055
3956011
4455528
4602784
2316176
702778
4710561
4840423
1806693
4848143
574471
4459494
4368285
4702194
4914171
4775442
4276420
4392855
4767264
2099839
2468864
1452780
5048872
2156842
1116570
5067996
365446
2900096
4899300
4791798
4247752
812590
4977894
1229705
2301163
4830149
2282064
2200077
4608626
3507010
4650170
4888481
5047068
2492021
4796020
3798036
1053231
4013921
1908890
4820214
1413257
2063622
3526560
4347564
4572920
590483
925835
4268292
751969
2153404
4812989
390917
539361
4572886
1268477
2841241
989232
4143600
295368
688907
692241
4425512
4996692
4642440
1215127
2757180
476149
2201876
2098783
2052478
4641263
1814493
4942940
3864401
874746
4989720
1750033
1936122
4963540
1572367
4679193
3922366
466789
4220665
1988907
1474947
4707526
1167438
4956711
2495755
1897567
4498125
4871320
1014241
4865066
137119
4647289
397072
1925407
4845688
1314208
2453508
3912910
4688564
1892411
58961
1909493
1631954
744040
2826730
345099
4464841
1498492
183783
3299371
2861378
825308
4900686
4131789
1619564
4748670
1295369
4443229
637537
229180
460456
1921785
2349469
1621175
2964222
4711474
1758874
4793444
995835
2188430
4776017
1754777
1363402
2519706
4052224
4493383
1873147
4914695
635375
137123
2238257
1264070
4837677
2431320
3899779
4208420
2067141
1129371
138963
4879900
1896298
4636457
5097145
853926
4752037
4784077
5022027
808849
814293
4646496
2129147
4973153
1978242
889320
47152
47817
4881764
4529588
918723
4403750
2609730
1923836
4968396
2701517
962959
1100700
715345
3197543
4964157
2513942
2281077
98486
4278694
4797342
1414507
2764171
655216
744221
4955681
470315
68909
2096051
23414
1182606
877335
742675
2014470
4875600
931908
965015
394141
1528937
4698944
3937149
4911437
4409518
2118445
1935596
1642644
4064326
1131984
52644
4559790
5071246
1541384
4875215
1153255
4794326
4704018
4647074
621703
1358997
3126758
2577029
4872480
679826
137121
1518022
2116802
1318195
5087358
1574314
2788496
941476
898786
1183266
1007525
1298486
4912337
4674515
4899291
917120
2099567
1392439
4851464
4133942
4554009
759318
4520882
2327794
32928
1496486
3798378
3965515
4849841
2778999
4342216
4762713
56914
2064449
2277139
2161929
4730813
954703
1584191
4515070
238714
976999
968739
5008109
4798302
54337
3322624
3018594
4819645
2489407
1390195
4803766
3653690
2311021
4788696
1562169
1156642
4648226
1686417
2494073
4789197
890827
1062037
5028260
4810609
4707743
4733770
4701015
4857996
3060395
781124
4516836
4886888
4903798
127823
451383
3880544
858798
855724
4436247
4487661
4815225
968742
4510450
1183810
4613485
1386281
780914
2618935
4309762
934453
4438356
972844
3935209
5000520
1462812
2797355
4654414
4902119
2643929
3257737
3432490
742717
852263
402496
1032374
937380
4641235
49888
4856687
4767777
1383146
2900102
4229289
4953095
4986651
2040756
1855427
4954793
2460928
972658
4660259
513245
452186
1841166
3718236
1353259
821691
474549
1053845
4514816
4626880
1389880
1074409
1262582
4899095
1188777
1905655
1259170
184249
453565
2111787
2726493
4500362
4919157
3844466
4077048
2101240
4776326
1982349
456667
803704
1894591
2203621
2945149
2165271
996397
2642726
2347578
2129145
1321542
4655105
4954143
1106776
495800
2587040
1053519
1461469
4084801
2443924
4902120
711778
4880188
1989988
974142
4794930
2522076
801054
1562113
2684855
4761010
4722420
1532921
3866858
4675254
2512371
2452960
899302
1573762
2304259
4415884
4635504
1508537
507728
4343024
1250328
1897995
66820
4761858
1005548
4881967
2117133
4862198
1925456
4906150
4920158
1122817
4866732
827932
1701892
5045145
1200112
189292
1288450
4842343
4393208
4751006
605009
362940
3839993
2585183
5016140
792377
243487
4342734
2478018
4992837
4789133
710228
1261433
718956
4641396
4154528
863579
851614
993361
2599793
3906608
2044367
4334723
4875068
4722418
728186
4728000
3474599
4514818
1264972
3754171
1843199
2782024
761857
4660119
528650
4922850
1737213
4519375
569636
4834439
3782347
4769250
1836302
3986880
930203
1106848
553131
4303741
4215507
983410
4179937
2025941
4877849
1810188
1257819
4623501
4602453
4547549
353182
4657539
4515556
587103
2925823
1534639
56283
1961270
2601894
4940610
4810079
2144116
2580463
1762730
4769374
4648687
4880837
803402
1597765
4749807
2800850
799600
4647456
3653114
3790074
4572826
2044368
324176
921857
651744
972457
1263997
4326659
648315
304212
1790103
2201675
4635916
4091987
3073586
4413546
4922946
812721
1421312
4236392
1002298
3289030
4769755
69579
2315391
4962285
1939705
152367
2268690
2078787
822459
4782534
1657963
4918087
190045
1121248
4458046
3691377
1883937
1449826
4552462
3269932
4961734
1269592
43414
1125454
4751015
678031
4677022
5074152
672259
2403797
1283691
1549121
877655
1503470
4696038
3965630
1021583
1369460
29181
804727
3410893
23881
4934991
4795913
312770
947526
705310
539036
718804
4709795
4770471
1925478
274391
2038837
950997
4386404
4803891
108187
2417033
4707681
978408
4901704
1887453
930497
282379
1181268
1210956
4893414
36952
4767842
751103
813308
183672
4660848
1537288
1330936
4869347
4436256
4840402
4921731
1797549
2311555
4681485
680831
915154
4832761
705540
1846237
1303667
2247102
4906012
970946
4346778
461253
871844
822138
737025
4112689
937019
1477261
1614054
2071921
1270538
4874475
2121317
396554
4705750
4891484
979405
4915224
857344
623835
488459
1892932
4901835
1264192
1316477
949888
609855
561412
5007074
4112072
4337667
114446
2659371
3055877
4230096
964270
4955293
46397
1410343
533651
514515
874975
4940706
441818
4920156
4452922
4864460
4666797
4797838
2965560
2282066
324614
2410946
4773561
647685
3798823
4631779
4802265
1528889
4692766
4763647
4692698
805797
3005873
1786749
969651
3902497
1800249
1100046
2461089
1427259
4839948
4646483
4766626
4914174
4858258
1194500
4878592
2518844
1926246
2750276
444459
4738885
1762428
3921016
540798
4971612
1436234
2102292
5058553
4514819
4909353
2454085
2861739
3630007
149800
4747414
1762729
4508156
491785
1941572
4775551
216086
2880178
4758384
1305272
298034
3874871
383224
4903183
4552003
3894235
715094
4335309
4789132
1119026
2514776
1310613
4917885
4637586
4558714
4715325
4606238
1772895
1793142
82597
3068403
27071
1056709
3008157
338545
4453801
3926673
1626718
1988750
1846226
3694825
780865
4783299
31304
745542
1740182
4550420
1012150
4070807
2544354
311864
4925669
1396072
581795
4750233
368697
977197
4618186
1120738
1385399
4681281
4365821
1008503
3568390
4702901
2042352
4795047
901137
1848250
4755111
2106385
1824047
4986114
1712377
2360155
169271
520475
4820447
1814487
1962380
935912
526292
2526689
2728176
4903515
1521593
4764903
1365382
4958432
2279598
4565716
5075751
983692
137124
2478919
1966957
1376901
324707
1735858
130754
2488852
5053629
4926951
2195985
21886
1109593
4134504
4982143
1843594
436442
3936953
1314420
130849
4786096
1227513
4899096
2488198
4440790
894471
454289
4665535
1324653
4928310
4893413
1848589
1405980
123074
81806
39483
4241275
594541
923448
1532918
2102290
1583484
4336783
4675991
1129889
3887417
4330955
2450629
4443024
5063751
2217566
1194389
1851366
1587909
861896
627239
4722406
4506368
729460
1562168
1227263
1379229
1248059
2969237
1389204
1797692
4865489
1209163
1014670
782081
1027361
1123159
788219
4734138
1287025
4140870
537377
4549274
2610290
3975818
3611650
4399438
1690358
647119
2488854
1376907
4730374
4777135
4791386
918087
4597367
4649823
1259279
1026628
4198575
1911526
180194
687865
4598035
1762727
58072
1825834
831035
4758848
1316758
4647765
853166
136535
2162549
1284141
4874040
4502879
918340
692240
4757549
743034
974148
394162
1948943
1319822
4826894
193436
854616
1175090
1256532
101236
1512179
4534562
4486683
4903571
561814
4653307
4810178
4740004
4317636
1104841
4569671
136729
3982536
1019973
4898466
3888678
314014
838482
941137
3125862
4132536
475945
4939288
4830796
1014580
1076346
4952869
1849505
1981872
1399400
362949
2125288
4902927
2319106
2627437
4467037
3864006
1761768
1054656
1796307
3675267
675569
1827053
4915061
2476090
761600
4722416
4551952
4432589
1218888
4642564
2303130
4643251
1065224
166913
4870528
744041
780020
4919516
4650586
2180388
1983519
4880592
4862199
4451177
4840874
731459
182758
1814702
4872608
841101
40234
4099329
1992682
3015399
116382
298880
1251792
309077
2315392
1796684
4410506
1004511
1317709
4853510
2625910
1150686
4445307
1147649
783867
1302372
2686932
526054
1028844
249438
973229
1099927
135051
4836768
2221476
1418845
3136385
4748688
4344833
519477
4740599
3424967
1441454
4831812
354185
2512372
1433789
542996
29000
2586467
776970
4740598
857252
1105886
1028092
519405
1026729
936026
1460419
1864216
4675990
3872983
4697660
1021024
354067
4841352
1901784
3817630
2751285
882930
4540622
1858887
4959291
60089
1829038
124264
4643841
475437
1163867
61523
2078621
379639
2025938
4583951
235471
1948714
309146
5030797
895275
982600
4884621
4715378
185495
464521
1231408
2801090
1005036
1255607
1023084
1517992
1853274
961757
1465088
4134052
5024974
1403276
1066567
1264960
951304
986609
4263127
1206116
5030699
2757595
4821119
4765584
2360152
4628575
1040855
687563
1479203
60282
1096903
677687
116128
4856857
1214378
4619679
361837
2328751
805798
1617047
4581702
502574
1031480
78406
4963382
869145
4820866
1186867
1392437
4797824
397832
293189
4793490
1414323
1515651
4946077
4972788
4650418
696548
1535031
674915
1279814
771858
4669416
154727
1328149
747082
1933247
4897326
2077642
1112627
395474
4796781
299041
3659920
675092
606213
74305
1126227
1398288
3385969
4143576
4419204
3695841
957931
4958434
1033154
1022964
3651278
4927389
2042794
4577919
3846753
125251
3894352
865002
4748330
4447998
3428348
3004107
4781509
4813330
2168425
41480
3958586
1028396
2170029
4745582
4137259
101709
1344931
4626500
2468861
4771571
1797544
2841370
1482002
4547547
2451194
1876016
3966129
4461503
3922646
106475
834587
3211473
4789293
374841
4862192
792670
871027
4813652
502230
1491766
2831529
1210444
4764014
602259
677441
4887895
3864459
4479292
2628164
1385212
4715373
4940500
5099540
808505
114716
4079427
159029
4307981
1362433
1453428
4890164
1186378
675330
950866
4961790
203993
345283
554252
59010
154260
785982
996108
591789
841707
4065539
2103350
4598634
4745864
2530760
1074902
3691316
1219892
4915696
2395929
47304
1106131
2011535
757823
2991027
166139
1351395
4852527
1450274
1911347
4858573
166116
4011285
25459
1318244
4474007
3431604
1974323
92838
2191545
4186715
1208771
110795
4688814
3972249
261729
45221
1988910
1809440
4830795
863038
1871156
524774
2631276
838063
2221478
163548
4723177
3531052
124304
1347936
4873602
1119965
1614094
481882
4574917
828935
909764
4993857
1025946
2639541
4324191
1515937
4444858
3659106
1702595
1438589
1153992
404910
416403
4908210
4601644
95360
4394113
4736558
2032728
398341
3077972
1922461
1838663
1555808
2006988
533332
695580
4711524
3029863
4999942
166830
1425096
4354558
2786091
4577578
1807742
2102289
1899067
1324919
2781166
4427465
888277
2063973
20821
31347
954582
665559
2156326
1482039
4785132
2001983
4228211
2283280
1565872
1156849
4579232
4377790
458221
1060683
519507
4670836
3983420
2256396
4880589
980637
1357003
1129016
59381
4491160
3768266
1358243
179507
673484
455262
467060
4860455
1012384
1383388
4921741
3852941
2083186
556622
107500
4886597
2357806
2510566
5073695
708421
438584
1034620
2833632
961692
1003687
2754373
2878340
4662494
1210038
1637090
4433785
4899041
2596017
4690480
1716714
4845432
4507842
4581953
54764
1319699
949233
4563732
4754913
71469
1184238
1262906
4166302
4922870
106044
4043297
2555536
4489024
4013599
531100
4551516
1270103
2474984
2283574
736213
2041573
5066891
1066431
1148148
883492
4675979
4686378
4599282
4520414
1762724
41593
1651468
1885376
2190262
895743
127326
4518537
4192175
26817
22910
1510212
1698077
4173444
3098232
5083909
1114607
1147609
668549
93680
726187
1252615
150057
2996838
68998
4644205
1431022
2020258
449484
3641902
2541870
847313
4120340
722941
1194585
54899
4751012
1427838
3625614
2598992
912134
4564006
599979
4846681
5030701
1220426
2397866
1148383
4658710
795431
1403949
4391966
368157
4684621
52178
1510171
2754195
2844217
2572104
1229732
3527703
1093755
2519705
1525817
4419386
1209775
4465540
1825835
432913
197989
3631228
4743324
614215
1304553
127736
1599012
464973
1384827
1250898
4638395
3063871
605003
4885547
2567186
1359787
356345
1027645
3191016
2047440
2060306
1281731
1869937
1033430
834588
1454378
74273
1355778
2397752
908059
4864281
1912183
1892353
1104798
3361531
626001
690412
2358524
3119690
55643
4766327
3681151
4299364
47328
24203
24067
1094888
4637611
442243
4791391
1460444
952787
4262843
4822808
4500619
2100225
1621084
1148939
2060304
4860825
1939383
3197544
2580675
1479983
680751
2997067
1921936
4791689
786540
4993166
867157
4529443
262126
4448964
4249821
1762728
2098548
447179
4242185
1404052
649387
1123046
1518608
77256
1746869
833409
4791872
1090385
96891
1038400
2935875
253449
124321
4628574
4692859
4662695
4820039
4935397
2899185
2910875
4618187
1200045
4393858
3933758
572449
4662492
1516285
4634932
5029246
1988751
2362712
1468817
4195154
4630811
4153285
4748104
1517482
4725071
561749
3308928
1032074
2098534
661902
117616
3900789
136400
539884
3967013
1662113
95590
4776777
1628056
4675786
366770
1911346
477421
1655719
130870
75011
743688
2116804
1399888
3939073
1173114
2882704
555113
4408081
4634594
23997
1973475
1991371
758461
4520947
746810
3242436
1134302
4098323
4947083
870295
1127319
4221921
1843608
3888922
1251100
4396918
4683576
813200
2151745
1484846
4641236
4453836
1087620
4519373
1317023
734452
2496025
4663497
1738445
1517820
850263
56293
4456234
2917787
2767395
902088
351189
866938
4756986
4042557
922587
1153268
891829
730803
3257740
4632180
4681484
638493
620103
2813700
1607164
2005305
5062506
1508826
4676267
2132927
4697224
1482747
2678637
325209
453073
440413
1655726
2522356
592123
3228870
3773197
4607112
406970
2726328
4777136
497762
4922668
1785888
4769505
783399
2245786
3765706
824622
1069835
1292827
4445390
3922644
1365079
665084
579751
4625047
4683550
224514
3252520
403729
61008
1181264
1469039
4773559
257791
792343
4617440
1016923
3204200
3460108
4483423
939897
1992567
4618013
4520906
4389300
4694251
4795202
220329
710985
5042019
2061189
1201183
4587236
4500361
722878
4702164
4396676
4821798
4656120
1412291
807795
3407176
4277938
4457674
713205
28493
2735237
517963
134070
1428990
4215550
4603929
4938961
44692
1346941
4653579
4536915
763294
3572629
485477
4728625
2598028
1906525
2881219
2994913
164051
1613232
4917887
814631
4342384
4838838
821604
4852497
4791388
4692264
50407
3398786
2781196
3113367
1127624
4866663
1077221
4175128
903690
4938357
735050
1562274
133596
3441958
4492393
2186317
4751839
4734474
1480224
4806826
997067
364629
4626650
4033854
5041597
3101105
4237946
241578
3635167
4577772
4899737
4778667
2512373
4568627
847387
4370919
4996818
1135110
2761959
680703
4169150
459484
2064452
1486576
4926746
3805143
4791383
1273159
4661401
4828527
4793475
946773
22082
4889330
3084806
4838541
3657389
4735573
1205138
124275
1346523
4863952
1588277
749274
4701791
4983619
4618306
964624
1289964
1289982
823324
40606
745569
2685932
4832131
4156734
365746
4424998
2150739
4677287
4815752
4393442
5041838
36524
851612
162070
1177311
4794127
1803573
4200738
714667
1241396
1908512
1368465
1639738
3652063
1984690
2658276
1856850
4750433
2801033
264643
1917158
2348388
4035198
3912796
4454331
1925406
335800
4413245
2044493
320676
141667
803663
1659942
4658939
384411
1937847
4958942
793727
345365
1623206
1758873
1737489
135247
2281076
2921472
4722076
4658516
779441
736152
3055652
797329
5062269
851706
4607957
4921281
3578886
4402127
4581951
2476319
4490487
2071371
586031
746737
356205
2609733
3862018
4452889
2586769
3783197
338912
1849718
4883955
4637587
167535
2237470
1155425
3370550
325523
501049
2205163
3755059
1796685
1607294
1035767
4800813
1430574
1645699
4458213
3575296
4862035
1525893
23541
4022502
1073658
100784
2259921
1114030
67899
1265016
4227371
2964220
4751580
5050687
1269453
3751559
5064093
4972650
2274392
1260642
91494
2943103
4994392
1267986
1263316
52857
441646
1383473
3726980
752130
684913
2512181
2448913
4660258
1406631
1397849
869458
1724120
999184
312547
925838
369401
95562
101356
2804595
2060955
1512180
3494923
3208652
30570
1477963
2431862
4417402
4942284
2938752
37343
930498
1154822
682966
1265800
149785
2410950
1275999
4906618
825256
4055581
678466
34613
1494043
193532
340104
4358599
5065499
1180926
1576397
3020638
4754833
928472
4907208
2324616
3847584
924324
1366273
2025940
1170869
2609485
4643840
4637581
2741551
2727707
746096
1819801
2422999
442562
4958652
1555612
1430193
4581296
4506538
1182213
1127275
2480901
4864963
4173711
4980831
553034
165519
2782983
4451834
1295250
3798824
1431578
4704021
1004742
4305071
685821
2778998
1149925
45176
1129650
4721701
1157859
38845
4393863
2684030
4336430
2463143
4410504
1506972
786315
4731526
4614518
4764051
2395958
3751243
4672203
4461451
2516342
4298397
931964
1786610
817226
2161172
3445606
1783726
3860442
4577131
4435791
4756664
2811103
4425686
4706082
4234080
2103566
2717039
3877755
722238
4746232
3779563
724343
121882
252065
4322568
2088384
4793727
2186288
2480796
1865385
4403751
2570596
4397022
113304
4400466
759638
4892033
1120320
1399255
816128
4684237
4033321
4208553
2409645
189559
3175960
4385037
2465804
297673
4873595
1704129
4254586
2062325
3934054
3313173
1186443
2835089
4082768
2599449
1709627
538573
2452645
4873191
1413067
2826994
104055
4777418
1074466
4794128
2122057
62963
4825251
1719454
1223916
290305
792193
2883758
1282915
4703208
4468761
4850148
1138260
2794353
4500609
2486606
4763418
4697928
4901703
2532379
1365161
788216
138099
996301
2327793
3845565
1102229
1717839
1021825
1610523
3946328
3733938
1480266
1295285
91798
1352605
44396
1864566
4268994
4852526
99721
2238382
4268431
810019
4858700
3346254
4510405
5060157
438893
1555610
1545686
946072
504916
952528
1063101
91775
1203527
1517687
4133094
4947079
3373328
4082446
4851921
1139532
1105879
4686482
4650498
42710
2933506
4807429
538286
4359188
4840016
4771482
820944
2027665
756205
2950393
4359190
793620
530893
750889
3784711
1153219
3725366
4242057
4015465
4455033
2984584
3983118
3028757
4075717
4507094
744333
877003
2205165
4779568
705329
2044433
234412
4044906
4899290
820480
4001452
1777803
2043261
4570591
4412992
215764
1415575
536300
2087928
102891
328472
2514777
4825913
3095143
130185
827019
4735747
741400
2245776
1015606
4966372
1753911
714365
378205
10462
329013
965503
4663002
1282141
1584116
3102065
596015
4851747
390130
4660167
571925
1090930
916081
4261146
3894133
5085570
3072190
677872
1583475
4233743
4867937
1747685
3906895
62084
1028215
4453800
4536269
2050058
181700
4644056
1174262
1005985
2024490
1067123
2601595
1963209
2749370
2798016
4801626
2116801
2478300
1613623
4914173
4385773
4318703
4484665
2202719
4282790
4250169
892780
4622929
833638
4403909
2716393
4294473
2356841
2483579
4852371
84922
2114148
929613
2956882
3784521
4683862
494349
945461
4121098
4893411
4597111
3165751
3609865
4548472
1863689
4617516
536387
1827412
97525
4220746
592167
931858
4387717
737493
2162114
1652519
4717706
3649350
4685424
151643
4619126
1417132
3881723
794860
4518232
2845190
352861
4798253
1574312
63322
1512435
2485670
594991
3532407
4736790
1530672
4614503
2346578
2671414
306278
1243575
1164044
5005757
2087734
2197248
2938031
1570489
4694598
4419876
818749
335041
2339801
4650291
2791238
4377671
712945
495500
4848162
90670
4371546
42731
2952163
4928198
23461
3647571
1535708
2003655
758466
4714325
4242542
2828577
1710692
1062671
1897577
1041874
2568446
79346
1383552
659439
1559778
4419768
1940584
4614519
463818
2316799
1692248
841630
4495033
2889396
1467217
4213592
3664501
722968
2930591
1136506
2983684
2195735
4754538
1592826
2483040
561339
1634027
4034813
4010999
3802140
2237468
2684917
150621
675603
4457544
284207
2185880
1583269
3345758
4150842
152329
103020
675840
885030
697710
747240
1784328
630731
4173443
1815634
3302132
3964758
858558
1364062
4503397
4380918
554627
1647158
4161876
1816330
4085201
2830656
4795339
407314
2251649
4406512
4460666
4675751
4272075
1230725
2054967
1575110
2791536
1814488
4261052
1599366
27288
4943509
38289
2874473
4571483
4449301
4337673
3552450
53864
2124661
4746095
450182
1023307
1849408
222591
4240795
1179971
885136
4881507
3091107
1215580
328098
1257060
846726
4722417
2661970
436793
1001682
54390
4515069
2064451
201560
790843
1030012
4496563
1195035
446612
654922
1492011
4456783
4749936
239363
1530620
26799
3407222
509257
652496
3130927
2586876
1500551
2340315
66363
3126205
4791389
1516896
1917157
2151202
4694690
2302647
1212652
3836737
254002
1682946
4723086
4727999
4967728
1206458
80058
204439
519009
3743419
4683577
95202
957792
96525
4567631
4708220
264364
3602794
65810
1926348
1506729
2869874
712279
2033840
4173701
2941531
4852525
997750
406296
4261145
1439146
417884
3659638
2163019
2019865
75173
1937470
1900434
1938466
33523
2627981
2731734
4922786
91215
3912771
4103971
4683860
1906336
799190
167770
1551826
4388935
4818765
4009983
2762160
456752
1639736
1726474
3457998
2036365
857182
3370964
1843244
4720637
1205907
434870
4389199
1988748
4510151
787811
2597191
814266
1400253
2960376
1073275
4485877
1349699
787430
889980
4777377
2635965
4605711
2589223
3783781
2533647
1187922
4228661
2387739
1185510
3706797
929874
1287736
165338
2245787
1715213
4457114
4751017
50844
967408
792686
4336036
1170802
4492666
1180037
1173115
4772455
4423828
817269
1841190
1346900
2252226
3360261
110731
1111224
2598993
2346532
2974475
4289393
46387
654567
4811064
2395124
1786703
925758
1632105
4124526
1417521
3839266
819842
2881025
3637023
2092306
1024369
4215552
3493852
3738407
3957556
1459242
46827
47459
3047074
817720
2030843
4631034
4769754
1619973
2189358
2587892
1074893
3429455
3107045
2887649
2388043
2118443
3064561
34423
4496465
903280
807983
4458062
531114
4985602
1740157
4652941
4484998
37572
122141
1969194
1266392
137818
114748
2680097
3667951
4940635
321574
2624926
1353260
1322604
2275184
1730868
2861377
4277171
2097994
2666361
3231636
4791692
2520045
4147534
1825833
29158
1124179
832691
1704365
4556775
4675750
1515071
1123246
1183258
1380885
4911434
2776394
4116780
1519064
3489933
1157993
3122865
4674905
1200500
4450705
4663959
4800283
4353558
2336468
1101627
2563087
1016417
4410142
714026
2078957
1542756
1589444
949875
358299
3232878
4297641
2656516
551348
369897
4337249
2403965
4951966
4876540
4315054
1436947
3028465
3121437
1093594
3175574
2518842
1345364
979230
384522
369475
1032126
4427385
948153
2633531
2043129
4651602
3787789
3533869
1200330
2245785
1762733
4718567
993419
986610
3741043
4244542
1206113
4512458
2680363
1707895
977161
1986845
744039
2449788
4717700
992355
1483372
1558613
4467885
2349113
1571507
4689719
2894165
4035236
4275819
3888781
4384632
1342273
3162870
726191
4432061
357996
1618411
1382895
2044611
1685777
3246628
3956921
465260
155405
3941833
170706
3259787
2750923
99056
675216
4042990
1362933
23745
2450034
1144511
4806893
2204246
4460205
1041154
308593
4724993
4307113
2620913
859691
3090379
711604
3627717
4779440
2801194
1308507
4791394
1756356
1406451
525849
2021778
1850585
46257
3062999
4244722
2473868
1180108
921856
945549
2856247
1252544
871154
2201204
4528554
4645490
1583472
741377
2744197
1109569
4393861
1676094
1384129
1675834
377929
2411069
3128026
71100
2194547
3994754
2661440
1807177
132641
669102
2100139
4764077
4363229
160723
742975
4413547
816125
808359
691384
4022501
963261
2070648
2879668
2032795
4577923
4389299
4760949
788439
883048
4520279
382755
4997245
4390138
1457262
201644
165325
3140597
3356800
1933250
4643736
156473
1483948
368552
1846238
4297723
4681780
1059829
1165955
4974907
147146
1419398
4349747
2787707
3149441
1934707
4451833
4862200
1064959
2494668
4179769
4268193
4501012
4295328
4091800
2165521
23168
2357263
1260403
2835250
3934747
29923
4033644
4038618
58394
4874139
1074470
2245775
683765
2588639
1166050
860959
1187921
2510845
2298136
371893
3430510
4479295
3568389
649539
1267078
1742226
3685221
912396
3992230
848234
4349020
2060301
4417040
366405
4314489
4564579
2580767
4165487
4428174
1267491
4539010
2895930
981342
800969
2234612
1690778
1327942
138467
4869190
37195
261311
479198
3625291
4409355
2911775
4989925
76775
4646011
1581628
4156264
3202090
2626215
3495996
775357
4204709
154019
4879899
4140528
325603
1571228
2761068
4803756
3701110
4392603
2781628
3715019
1428231
3624320
4431383
283190
1020009
2089130
1343645
2020914
284818
2328400
4762683
646924
964625
2349470
3781695
3713173
871814
2983479
989652
1268353
1773609
2521210
2048478
340925
981047
1796421
166783
4547545
1014244
3752842
946751
1166151
681950
1905656
4388237
4380552
1584616
142099
4803448
2743133
2245784
4018376
144797
635407
980708
2704333
307852
2101239
454120
24200
1043351
5066890
3780109
4524270
4918856
4374811
3398271
62589
2338617
3774854
4522361
1034482
1229110
4411399
3373403
314261
1382693
784974
1707074
1974867
41293
4306821
4514817
4156596
4725622
1783725
100858
511246
2694599
2570050
2833161
4450704
1493486
91347
3728071
2537325
593823
3894094
47323
3301037
4191786
1111048
3202518
4101154
3269931
1919361
239037
2420454
732257
796887
692976
4429806
4615284
4746149
792948
3408977
1824046
2220738
4443911
4536736
4748174
4351501
838489
2328045
2810635
3092726
1173117
1310798
2336250
1469339
3598270
1127507
1092889
3809431
196794
1438912
512455
1662134
4380261
973427
1605397
4453708
4899094
1364228
4988019
2284210
3318940
4457909
405716
1265890
3608137
4282951
1436435
2552885
1389756
3628359
4444727
2232374
2644202
4261335
1067860
4570567
3991720
1428633
4451835
1233319
1522240
275003
4592024
4451832
4438270
722439
358746
1092090
737878
2201553
1988749
213952
75278
783428
98409
3592435
2427416
4290147
916931
3831289
1450380
3762139
1432727
3966047
265028
3723637
4122491
2347579
622209
4157529
230542
4564921
1965540
3758896
4373230
1195146
3993331
62590
3623872
3478479
4138229
1516778
3444413
3288799
734524
4526928
789767
4044925
201846
528155
898969
863614
4740739
778732
2527235
938015
2795225
3393400
911003
633139
3068103
2736085
4557111
3503281
3993680
2160276
732756
1972569
1382003
4235198
3043988
4631966
4272003
792949
4172144
4130201
2973545
426891
699167
556039
1812640
1451019
539789
812489
4233898
4324201
4249803
2078064
802246
899533
2306903
4097138
583681
1273585
2634300
4177266
1450273
930315
3968757
4228184
955690
4958657
4358568
1645700
1551236
4566463
4003832
1499068
2596434
830565
4859843
960948
4581407
4464845
2547154
4443918
4677468
1423969
3998453
48121
577517
216196
4687604
1138401
2757594
4703362
4545547
174739
988616
322777
1482184
2424717
1359408
2138984
4891482
1329626
2087482
1821081
4803886
4512277
93240
369921
4488236
1449913
4193328
3785226
3903344
4428882
2200808
4143112
1224936
2598029
2917375
1497966
1712441
555136
1201585
1723590
2282183
1911075
4519180
50141
3668415
3956131
4641365
1588955
1702734
4200201
1451992
4549073
2241293
4389353
1468853
1346600
1055758
271495
4532520
3039131
2649160
4345038
280871
1740156
4348353
870565
4794025
2646632
1934841
1257946
4582802
2684809
1284722
249596
3156601
4162037
353384
2089678
777263
4849132
1272069
1306425
4818900
3784712
2153577
1782318
3684868
4652304
1530533
3050101
4295339
1450377
1017852
4162790
4295011
3573377
4688001
824388
4082186
4009982
2975356
41761
4450701
3964093
4188129
4246085
4457690
2549055
4389459
615845
1580325
443195
4762082
4344419
3967211
566160
217577
1055945
1474612
1085584
4415640
2390012
1006333
4646482
4442345
4577576
37340
2474983
4406401
4276919
4396224
3453184
237694
1210037
67661
1320949
1152882
120015
3057067
3462118
4215944
728959
4408800
1193551
4643446
1813918
3963406
685140
887531
788298
3262018
38021
3992837
4571376
90173
1325436
3987074
3257739
4755396
30613
4430447
3572684
152179
58205
4280213
1410542
903357
4641116
2791761
197395
750157
4034810
375836
3877398
4068661
863928
743972
1531609
2743422
3692537
728770
4108932
3557908
2478227
175015
3859742
1218731
898980
1258440
3345966
3623055
2048652
47032
356375
1892791
989091
715092
4108150
1282696
2503402
857411
712147
1144647
1848743
3533806
1355253
2835133
4601279
4258133
4930818
4279059
1110971
4438364
923724
4506884
1492008
3499903
4794944
1309112
4074989
976186
104867
4074057
2095867
4143110
1066086
4584823
165439
382602
4457597
3710164
2330381
2019183
713935
4095180
4908211
4599500
2635562
922018
3152584
2448036
1642758
304211
1487640
1444122
26235
4520237
1346000
1593847
1943690
2746037
4133810
1447502
402031
4262613
33901
250349
894163
680543
2177557
4413549
2465585
4335713
4241274
2862737
1118651
2012311
4027509
1481914
121607
4672175
4395263
2287610
2153942
3575295
2200804
4574860
422506
1100763
6435
1468473
541676
133255
4612680
89640
2525654
4633172
820297
819861
2053363
125211
1011626
3950887
958662
3943637
1290997
2002672
1465531
2624904
4530843
53380
2333514
4954619
4028617
60025
4978654
4036361
1368570
4921970
4456962
4641391
1696087
1425926
813774
1819313
4668954
28376
4441940
1019051
1466008
1154433
4751806
1382696
4748718
1396591
1090652
2506629
4630648
4880774
1851299
684326
24474
1293720
1940335
1634415
175528
557979
4575100
4135950
4165518
520660
4874024
2635143
4052223
1146285
64990
4934525
365348
4356772
2927617
353597
616929
63073
1731468
730119
4683476
287270
2715255
690813
96763
1147151
52276
1607117
987947
315011
1139717
4454530
1458377
58286
3170093
2486391
4358417
2729814
718807
2287402
334464
1437360
4477205
1078017
614213
522773
2167013
1678799
4208051
1168758
1149303
3171238
2689290
2598547
2812121
3073945
1988466
5077757
64244
3187615
4212322
3799802
4366252
2161295
210696
4732086
863402
4527069
4325387
1257362
1483063
4666354
145600
33156
308492
1513044
1889563
251792
4762364
792544
1890494
2482972
277649
1255201
837569
4080547
3669938
4356408
32230
1600445
3749934
966407
4200547
999724
4124457
405156
1758030
4164648
4651607
4522508
1891909
1097265
4574607
1092734
3551180
462677
4418886
1712440
1413068
1678502
2322394
3873749
2043971
4681479
3386361
515033
1208037
1098040
3926418
2078623
832717
4354564
910134
1290383
138144
1341795
2918279
4118619
4355898
516475
4486329
1283710
35808
3713017
1279784
2006020
934065
518793
141570
979155
4001484
1640727
1051880
3368205
4389352
1778807
298163
1003915
4143227
1396695
4025641
196696
4420990
4694795
3761818
3885890
4573767
2861075
4064902
1525734
1683487
1071565
2278232
78580
4066845
2144330
3961609
500486
4033558
3090378
1810508
3557882
2284962
4629725
4681967
2105995
52364
4781121
4317391
104486
193512
4429759
756249
872657
2464481
965545
4234714
31217
4250559
3563546
4672914
2022203
1084372
195946
2661974
35139
676109
4408851
2150737
4225537
4227262
3913024
86245
136128
1017288
60953
32977
83198
691572
1404803
1974270
4356379
326451
1078904
79843
4327322
4354436
4135689
1081149
2078620
3718719
449693
4639821
3894234
758459
1406426
4610090
1827879
4249805
2461086
479668
1720950
4498099
1172784
4348954
2111289
4441828
2433047
4380155
3704124
4392410
2195345
4200202
2058787
565509
4703241
812290
24550
2346585
1311349
1056578
4526406
4412270
357463
118226
4149683
4532400
1876631
3971959
4479294
1363523
2025939
4379535
1312944
4329414
4421400
2385363
2940867
1011648
954029
3703131
121910
991229
1012570
1405312
975628
1666827
4072246
1052899
4119325
3972608
1791108
110360
4801028
969681
809971
4867456
4328857
4377895
1762426
505109
1376906
1714274
1213457
1708785
594771
1106611
2066668
4653698
811751
918997
2096057
173015
4243487
3923710
2603859
4048860
2377854
3063239
4886794
3008138
1182881
3902731
386617
2617185
3122808
2582597
1432783
3045421
1930070
1359036
564051
1309294
3592351
1927840
1356145
902037
1556636
4397054
2192992
3648542
1897994
1852618
1267489
3932992
4802623
2589059
119987
2560590
820342
433643
1534975
2640146
1376543
1206164
4373492
3473538
274832
1915918
369352
423986
1295814
2541868
4713188
2099565
1069140
4630406
2894927
461600
2083838
3735044
2899551
1573983
1531791
3647570
2395355
4045815
4915223
4055116
792409
4405964
895076
2743403
2319108
4119469
2147837
1691531
181075
1370805
1725174
4286983
684101
4434154
4352406
4507679
2008410
4153835
4629431
260355
1157991
647443
4097547
4143111
1025431
4442495
209203
2883759
1535434
49675
3482887
2126249
4246514
4432653
1696238
517432
1704474
4107737
2602185
2125384
1088963
4469797
746265
2456817
1883033
1373371
4332517
4402938
855975
4297642
2104603
42224
4963393
4288465
1883154
4446935
105286
732748
57760
4096098
2550067
2382016
1219574
1168376
3914411
1954129
4525925
4556557
4381330
2831942
935029
142561
1725712
2473353
1954782
930163
2200448
1301187
531553
4714324
897318
4094612
1088966
454394
2617771
799851
1372429
1514216
1412370
3706871
2452646
1280237
4415609
2055202
3960194
506013
4126419
827990
4352936
4423833
4458267
4867650
731787
903735
455796
2831771
8541
792410
1517726
1708002
30261
1769893
3765052
353197
109852
1370784
4318017
1177789
1932649
997650
4571113
2649095
4120842
1415666
2066248
2276911
1895932
3099024
563475
3710126
522818
1295746
1892790
1094843
207129
1888718
2035859
3634503
850992
4003204
1094439
918393
418211
408047
1084692
4799148
807123
909752
995839
695749
1008589
2967833
685401
4709214
1322270
1906628
1302354
1262009
4685947
1973989
31588
4007430
1675841
994023
1103552
4215249
263614
1218955
1253987
1348705
1175503
1455352
4140148
1023083
4062091
4607045
4199137
2136389
2623006
4443928
66822
423926
2022705
2162082
3480124
787694
1005743
1183577
4560802
32212
610295
3008139
4354484
4755799
4212685
4952978
791635
1022472
881416
2988414
4345001
229810
1985907
4283242
3875621
3308585
463016
4397535
2297771
4762081
2541333
999436
438437
3118296
1783813
1375822
2665311
1635980
3901896
173959
1183067
2233985
81498
3917456
2449747
4758787
4585354
2702494
997874
3966594
3084805
2141777
1854046
1502732
1705607
709553
824094
1319820
4403971
846257
789690
2052794
4366666
3173425
4406471
4601422
671763
2445735
4462721
3249383
1414505
823870
1252787
1397191
3441116
668615
4139017
4249804
935997
4073963
3956123
3688782
53533
1696765
1160293
1017930
743659
649228
2472592
3718849
4512276
1226661
31258
4634893
1900433
4457860
4572315
557320
1696042
4389460
641945
996359
2223144
4469707
1110566
793934
4791384
204945
2546547
786166
41475
39726
1370665
3687514
989957
3771614
2344118
800730
1893431
1522867
92980
119582
4776344
2336424
2478224
4419797
3223031
849500
500006
1505878
2560912
589965
3808889
175752
4642260
3873981
2361589
1031937
983102
4150988
4698947
4807043
2368575
830626
2217243
1040061
29404
1777490
1435453
3938363
1968615
2578578
4368605
117427
3839998
1077949
1198930
2223259
1130958
1183371
116023
4695278
272980
4014717
3056361
3422763
38844
256452
2131190
4412656
29802
2328042
4567532
688305
4457543
4122209
2154180
2401252
4094074
2631638
1793118
2512481
4675962
999726
4376766
716401
3628368
786979
909174
1783814
1037112
2195343
756941
2325819
121520
2703370
2284961
932223
1481150
2624906
594525
4442738
83729
89149
4484498
4222578
4304567
2942250
4653666
828030
2202872
3928577
93402
190563
1412688
1383387
51956
4440831
4617449
2193606
3098229
2065929
1483942
1260680
3873038
1034834
243495
2036138
1357823
2359642
1199808
4034812
3151543
1522654
4320201
122131
2249091
4098187
81742
1184359
2886713
1080236
4628386
1573996
3401004
538581
2461087
42037
2024492
4577924
1661486
4744655
1043242
4905646
1269868
3829679
226518
2193745
4338034
4475184
537744
1017973
1352221
3614330
1406340
3883314
4652888
2285581
486513
1359006
4671255
594005
1076385
4238762
114651
2267433
4368328
4316801
163975
522860
3852989
4107715
4468654
1344859
2269472
4293491
1283654
4506391
4255444
2494720
964534
3503280
1398995
383622
3899017
4570265
1823164
2409661
1464026
4671191
3753993
796012
4117577
993469
4419872
824757
1206076
2743200
216766
2836860
4205058
1370513
61450
3810193
4292339
360301
2132856
299167
687228
4036942
1386123
1379318
4443021
1841732
2488019
2873299
241078
1269801
339641
4614338
4465878
4254403
4449478
3977279
4487641
630919
33110
221347
2569646
2896259
1700989
3453221
284104
4330256
4507194
3939519
1498917
257334
744550
1858380
3242183
878684
2276962
4466653
4435112
1923251
752132
4863019
835003
263270
63242
4361189
2297429
1261510
1207218
1869935
3982311
4813089
2855357
595163
4490388
34830
1424854
1957087
4338730
859693
3765196
2726491
4485524
55292
755858
4355991
2754194
884718
1433792
4749248
1262049
2253530
75929
266523
1486278
4450702
25863
2983683
3763312
4091627
1969646
1028007
2464480
4024173
3992066
681663
3180258
1799945
521458
4230151
3531381
218021
224416
4063164
1169597
2517639
160568
1237204
2006987
749490
1841189
1954783
827051
1261432
1636670
846072
4054427
176339
4758172
4355931
2197068
3726186
2310865
345600
1589337
2247130
1072132
4355474
1831726
23415
3704266
1609695
955218
800435
3935920
682673
947540
1675955
3985181
3095001
4520527
1214955
748470
4278480
4474006
1266406
687061
1153238
3949865
3502880
1936869
2801032
2776173
1119043
594775
4441881
4421939
1059390
2404835
442221
1344212
2335808
1174658
1484251
1711830
3969850
4330223
863578
4459927
4807045
4255463
2681913
4445388
162069
40447
1925479
112385
1009377
1608129
162071
1797557
4421128
3489718
1572052
3715021
2793089
4788174
4112896
2726651
1417782
384521
3978917
2171615
960303
1414284
4263341
2682869
563814
375570
1401890
4153453
1134784
3642341
1397836
4392452
44907
1188748
739906
360302
1226344
2015394
274200
4416449
3667868
258977
561971
1425685
1745945
4238577
4488287
1935235
906489
1220425
1267468
2586518
1363671
939743
53278
4303742
4145241
3634749
1068460
4229168
4463584
1353781
3983115
2518837
4512834
3093681
4443830
3711396
4031968
3072396
2222887
3808296
91493
1345365
1347577
1232467
1201330
692031
314033
4341797
1070639
58530
2830654
973159
4026769
1911076
3152260
1111998
4470233
4615084
4260537
476543
3529763
605007
1073823
4002743
2708949
3950475
722675
1452708
2963694
1869936
2042322
1144512
1988753
1443533
2570785
273059
3247018
2388284
1080918
4255462
57002
4143483
2060302
960107
4388233
4337396
4712390
457257
4390660
463571
2244804
1283324
4537028
778929
406386
1785278
4139556
421605
4298299
2788495
3405631
24482
681579
1973794
2433739
1009408
4477105
880431
3931739
797723
4630464
1041658
2704987
3069849
1357480
4331268
2126192
1078442
2807338
1345312
2328396
52352
2806441
1130952
2729129
1149288
1118638
2442158
310541
4494400
155931
226319
4443444
4529589
4000871
1273299
735273
3577819
698529
1253622
4378107
4760297
4395441
4359192
674128
4375271
4612048
4952141
4683861
1260122
1584114
1992976
1610994
4698941
3995561
1359229
1052291
4431154
4462720
4227540
80862
2547566
2391759
3942765
402432
263368
4003620
1964296
4276896
3836885
4423520
2756887
3907767
1213767
2021372
2808540
2760539
2962254
275035
3890825
3635447
1381994
4156322
1982350
1047267
705378
1773538
4818179
3638002
4020245
4230499
1598638
1114426
788471
3182076
967941
4253251
1427327
859692
1483780
2550601
2716750
2971032
4274641
464908
74207
490679
327226
1418205
4450700
2892984
3639155
1348014
314894
1348013
3467241
3979878
801614
678684
205618
1901786
956042
346080
471971
472706
4135922
3835538
3801993
990564
3661436
1603944
4370866
359480
3682190
1149713
3797140
2724231
720176
1128609
1848301
4420700
2226819
4429368
4183702
1817228
3515536
4634178
3915145
1626815
3188710
4089910
3925508
3590201
970554
1467628
200115
4316032
4647995
1262908
2015469
895377
4322122
95149
2541334
3981533
519272
1058754
4255441
2837530
4648396
880685
2030834
4550857
2286643
158376
1531044
2983110
4325146
4198748
2182324
1184647
694701
3414727
1158878
4863710
244802
4469708
1376854
3606739
4254874
103138
1231392
919757
1266635
2763130
538388
1008719
4361245
2457836
1100513
1976689
1731878
1987899
3563499
353568
4186267
3152790
3952850
2295086
4318953
1937042
1149570
3848083
3078737
3432238
1165474
680441
4148068
1279813
3960521
4606309
1988575
4295872
1188584
851072
1720903
2476957
3553781
2023141
2493714
4453799
3502804
1015224
471412
1267184
4501247
3055880
2210239
3956418
2036905
2594053
2950684
2518887
306207
4475647
1085864
4486760
2935567
4385844
4141693
4212435
1539200
2322714
2444151
1478683
710727
2617818
4253000
4234435
380511
1411758
936800
38235
4320430
1020927
3436531
1152566
1407565
4201707
3208651
4520877
4469971
900885
465524
55922
1912653
1986577
972422
979231
3973079
1807176
3651209
1183586
897299
3835783
3949407
4257851
4295843
920811
458115
4457077
2263207
4216000
880669
3969332
47540
2034977
4241053
313165
270980
4355610
4458265
4159249
969698
4144024
1626708
155929
1180149
4272390
1355581
4101875
64589
2824607
40380
2688679
4359193
28364
4180734
1088285
1433311
4472838
1194237
54789
1702619
31690
2835524
725061
482650
936412
4339415
1472890
793257
1421043
3851523
1036510
2290840
513244
1911799
4745925
2428813
2535928
2786272
101523
2648002
994022
345914
1396152
4720735
1270137
969100
93021
19493
4371151
892469
4223851
258242
518331
3923488
2310736
3949841
4584581
1383988
1655728
2517784
2099714
2358898
4487244
4520415
1742193
29934
4990131
3433360
1491793
518332
561792
3980553
1577415
2787352
1441054
1250833
778908
2108245
3969851
4324907
387361
4003281
74005
981976
2795142
4268402
1021211
4343025
1159424
732245
105531
871723
3106995
2878333
2044365
4019724
163971
2465403
4331575
4211853
2088385
791636
1697646
2862492
2268639
1479348
679433
3745508
4371626
3392559
173567
4183614
2043018
4158338
1401254
1406449
2835866
4287562
1515487
1260116
434242
180761
1803790
154410
1243651
4251705
3072399
2566336
3931938
786021
965550
318240
4368559
3853596
1157455
3592040
2432480
3887637
724675
793189
3849940
3918332
666619
850729
1493901
1454625
4075412
4043191
2358639
4035505
2327792
1046830
185247
1173979
206348
4582836
328396
998721
2150736
2749107
158142
2245780
3941191
4432588
4423983
3993132
714028
4405663
1243496
4461333
1284595
2715252
692972
4174646
2281639
4185991
1220369
1295252
1256875
961924
1315206
1094889
2536215
1468470
869197
2622401
828806
1243574
1289397
1161125
4400842
4014582
3694822
4098612
218274
139334
3946832
1734082
3887173
4564329
2445586
185494
123679
3311642
2363784
2331416
1411797
53229
1469442
2331696
4454323
53747
252921
1091972
1881785
175396
96765
1452819
71654
1023464
1273636
376505
3848687
3953144
4134662
1761720
744305
3700586
4514820
1453253
2781167
1252788
1437801
673074
456937
687479
3629771
297422
1361762
3136802
2479396
744675
1278814
1313959
3730253
162444
4339943
4653225
4331086
1348161
1609987
958160
371490
3652698
1399913
4019726
4295650
2358652
4317153
2598841
2417032
737118
3862036
1515847
1690887
250103
1102400
2433579
1224518
4224742
1154153
50172
3468471
851611
363061
680920
1363782
4512167
789219
716269
4400459
2060305
281677
3970038
1937808
4216431
1736327
143798
2316106
4312078
3962889
4082691
1914722
4218026
2467121
4030017
3872106
4215423
27384
1707863
2940376
2508685
1245583
1194485
3011874
3258883
4164152
4199112
1318320
2054202
4394327
94004
1227264
2050415
1389688
1518415
1665717
1010288
719282
1216308
3789115
2934056
4068034
553189
3451485
298124
1809439
715074
2598994
4595696
1516525
2423711
168349
4072237
3700753
1984384
149551
1596064
39514
1099072
3894108
4382751
61340
4201817
4393862
897741
4393514
2049457
1224773
787835
2939818
2619743
355153
2005568
3714621
2865466
1734232
1468472
793564
665475
345601
1056699
605001
1588396
1515054
4412514
32866
2500644
4777376
4026298
2810665
3037585
4157748
1294878
4531574
1377271
4449992
674476
327780
1065864
1905654
1311398
4544370
2397751
28712
2008409
3970324
421577
3456903
1305515
4287242
1547825
1242789
194203
3798633
4428277
4388258
1115630
89547
1739191
2603005
2472723
4639894
4311223
716972
975982
1217908
4276836
3928057
3964310
4739996
4313547
605851
1005017
60114
4386724
1232377
3037232
703755
1163029
3609893
3914313
4448422
4404920
796621
2388214
4276625
679184
2426870
1018660
54174
4440348
3805488
4268891
4386012
4161143
355671
4182791
4479249
1291657
1399402
1511724
528161
453042
4033335
608461
4209994
737577
325409
4259294
220760
703418
4245277
4329809
2841495
1399770
4400438
1027904
1119328
66126
960304
188038
2049378
679019
1918232
37759
3279511
3939625
69173
964533
4493022
4499582
151681
1046489
1103813
668216
321946
2516146
3657693
1977955
2233435
4704217
2183434
4267102
2395803
2795101
1503150
2514394
1616530
264370
2754251
4574047
3965981
4428313
1737701
76638
3857240
4254516
1483698
4354836
2733841
3468474
1696684
1176116
4162586
4444792
3176714
722215
3906432
4462723
2799476
4255440
951604
1213087
3493929
3414411
1188976
1080851
1668450
4330255
2787410
2666060
3653319
4357622
155361
2691260
2895677
168104
28699
806625
4477974
4314490
229990
4258314
2414019
2680096
2972605
3732173
2040921
2097276
4427893
1207462
3616252
64468
4337523
1117273
602973
812824
851714
1690359
1655703
2589385
4371399
1176117
677152
1384738
4303368
181253
933635
2380859
4344834
4043165
3924240
3281680
4069594
2487680
2313183
1863208
1481418
2018290
3050102
4155858
1433305
2202510
1142462
4193906
4211070
1799100
1437594
521681
884546
4606310
1401477
4125651
4451542
4365295
1027412
4861021
1361935
4905154
2419547
1270821
2581427
1234694
838488
2709735
4048864
4816679
1853975
3482972
655436
4603773
3454956
1220803
2847754
1258910
3834550
2687129
1437586
2084845
2257275
2603862
3841174
4190347
1083220
1021398
2457697
1090927
1263188
2533406
2483791
2995216
1346121
2951749
3666599
3537626
2849182
43693
1399239
4330643
3966115
1505725
4527482
1139966
2509334
4199208
4302852
3763387
1140801
1215683
1516698
1122324
3830225
2514751
3893548
2465764
2598842
722877
1759602
3832115
1088497
2859291
4103672
1261486
98452
4365293
1281627
4769552
2834390
4803734
1747285
542541
3851892
1220944
26327
734648
2497537
2536389
1324563
3942021
3636205
482453
4083075
4408852
2593925
2436987
908183
1501453
537630
2872163
4306494
1990676
589971
286970
4205613
2825958
2232761
4409337
1175016
3101971
1076874
900307
4146526
683971
820736
419976
978346
1616842
545553
834577
758467
556324
4490389
25344
2010588
3836116
531253
141311
944966
127560
4122211
37859
1190696
3835782
606613
70027
559809
651596
4356220
4705275
24487
1532451
2533558
52055
1255796
2844359
1503604
1449825
4495561
3970325
2270565
675241
1452531
133851
297230
4134434
449199
1474949
1392441
3928467
3252521
1289968
1177545
3982632
2523968
1905558
1919574
1131132
2399903
3909615
4419873
4250077
4463336
939896
667843
4040699
4160211
4163552
2596018
2856809
3880551
961907
243494
205455
2078624
3842099
2626623
3108776
4161423
2014469
1195034
1366685
4496483
4376865
4276090
2973602
3849524
675605
3623164
173557
4350011
1347841
1644937
4392616
3901653
2096713
6860
134446
1313461
29995
824826
1527414
24546
1309271
2583792
1411503
2597931
538539
2204187
3898842
4126544
774782
4419665
3854915
3975819
1232466
751649
2294753
4052849
3587415
4319382
262536
1509549
4457089
1474649
4043999
4496679
3555254
1437878
1969649
222857
1251479
61520
4599024
968350
1240054
665034
1738224
1360080
4607971
4296247
1477379
2489406
2741599
3873311
1849120
4246927
4524266
53811
4406830
2048477
496346
34036
2488407
1168340
593655
155462
2701775
3075498
2570166
4412718
1090279
2067258
1921796
72470
962979
4217035
4011493
234378
615225
1116838
132523
3613829
385942
83772
1932689
4143107
582975
3765628
947555
4671494
731838
4520719
3893979
685733
4826779
2456559
4092442
3642950
4280622
2752049
2544665
43231
1814486
2791537
4966314
1603127
1961271
42500
2172169
4267494
2607087
632049
4378949
674553
4050336
800942
508894
2688268
4149394
4309268
1492012
4220164
1394344
29467
3968867
4311224
1428869
165291
3851293
272668
2764676
3884116
4236383
1797628
1468471
1389608
1419815
4354481
3300231
168164
4590252
4013966
1227136
1241871
1552896
1100514
185650
3833650
1538273
1149994
1385396
2274507
1483352
3255952
4565371
4371396
4522219
2325395
153316
4750010
997648
4181695
2738143
352564
2776489
1515129
1358469
4239797
4227406
4356566
1810285
4471181
668723
865973
4475921
881320
1102418
4206138
4478580
224222
516188
1365047
3672335
1971795
3768088
2880469
544701
3518481
371605
4472450
1511760
37988
822623
4372768
679434
56292
4026877
2579672
4474193
341934
1513224
783249
2794481
4253305
3697095
2942031
32932
3100794
399544
901194
2274649
4442050
4451615
3724287
1854794
1179194
4446471
2518845
4376058
2279624
1018995
1586530
1168747
1299085
2529678
4318018
521457
2274354
1256178
3035551
4199698
719804
1015365
3683829
2869715
3593914
2417533
1808263
1241710
1685775
4641397
2129101
4250661
1827877
1632733
4042753
954692
1303587
1060568
2263649
1969376
4102579
38245
768556
1761204
807036
2314380
4235248
4130248
104384
2950591
805802
1065862
3736550
4184979
719205
3557430
1209039
2050388
315741
1031467
2805447
1064969
2322982
2070400
1906313
1129139
3737401
4041680
4038277
4017437
4500092
3476709
4418010
1359365
3673352
4236468
4421765
3367241
709261
1581213
4096002
447035
315552
4005435
2319776
4418973
3490172
1065058
4445392
1385515
4114039
21395
1353365
4367569
2506401
2024153
4134620
456150
90172
1695984
3509215
2811743
1700527
4163554
1037368
4273013
4402323
4294407
2047640
2685038
1356757
4498654
4343581
4164438
4166229
2301959
157248
3643082
1914837
3008137
2863197
339058
1177753
4575896
2756928
2494072
4145509
630649
859999
4371241
789070
4503967
2410671
2921706
4473196
3920236
4459321
3700802
4392411
1278168
2841445
1046248
1704367
4046541
4397534
46477
1250271
1619562
4263775
4263772
2944515
1735299
3330802
2888919
41541
746216
3781239
4244902
1730179
4244903
1330137
1481618
803039
4426682
1129261
249904
144414
1161891
775076
948371
2328399
4421940
1507182
178446
148718
759325
4443465
1212522
3651245
4455334
3726378
4346636
2080742
4097549
1221047
2489340
1270484
1694107
3175537
3692900
1829878
3923233
308981
2522835
4396437
1056331
1059894
3881858
4449990
687271
2381584
4168047
4445628
3883571
3883556
4231846
860921
4508422
4271480
4466759
4411554
3706040
3851762
3713462
64945
804031
3932401
2112259
4157639
1056890
2228783
90780
1839694
678761
2088230
2851521
2846435
4310111
4427646
690498
4205452
4288161
3719406
974694
3925910
954028
2561615
830670
2620431
353989
1468687
3983506
4442311
4366000
144954
1156669
2376767
1122477
2631275
4228761
2841097
157205
3829645
1925405
1954975
4217143
2476318
2836119
4379529
1096436
3701362
4082447
1074853
274043
4330360
4065114
4331576
4417507
829238
4281941
843833
1015625
1496709
879894
1201284
3785429
4260722
2618373
699318
1708266
1911335
3894306
4400573
1078506
392293
770956
4419242
127291
1432015
832140
4168703
406530
909248
1201303
3592532
1263036
4249334
4143484
1716712
4232131
3854917
1512371
3651208
3095036
4324109
4329152
2666261
4527132
1888029
2060303
1923402
1670010
144308
4469446
63115
1321145
3035153
4284202
1046951
32692
52197
1257955
4175009
1250538
4438564
4457545
111050
2589060
1262300
4387206
4303804
2799245
665369
4014470
2347300
4068485
1129336
4033996
1187250
900516
683766
1271791
530119
4028542
4526557
473281
2313049
4219705
1010879
4401473
4069820
1477380
4487036
2445253
1679989
2664451
2105806
681504
1732315
4246515
1389567
3959286
4136138
276007
31895
3370179
1293638
2570221
1351370
213302
4659844
4359544
315907
1207212
4266291
3932248
1246270
1930030
354167
24402
2729394
3986450
3236329
2196989
1265869
1639737
824665
4014186
359396
1278484
1259235
3933165
1398454
1494335
4795498
3370178
4412269
1949536
778239
4050071
2248577
85809
3795330
1996683
2751920
888975
4441748
4274292
66458
2314786
4050783
1890237
670201
11095
844014
1019465
4156594
4520281
1890455
2849535
1736332
832642
4487618
3924132
1427204
2601893
72352
2975184
1466341
2865358
4211779
96852
1309113
2824263
576839
2786641
1983676
3796085
4244973
4043069
775575
1300077
4448416
4336002
1254922
1475516
1517339
116095
845877
4365302
2279596
4600953
2097898
4488519
116868
4411555
1233625
1244566
4289739
2154926
519262
2793183
2780323
921911
2954321
4363341
3719005
2757596
2488590
1382695
118343
1691982
2434199
2756758
35041
2011456
554956
471367
967529
283239
281918
2769616
4034811
1439001
4535021
1552129
1365358
1821561
4248307
1954422
1184314
3910014
420918
2333498
2870522
4421941
565144
146540
2675809
2738355
3838064
2198667
4396225
4440467
4081072
4248305
3437144
4410505
3392695
1802863
4130330
3914634
3969847
2776493
717343
1557375
59327
34123
869240
71087
3366813
473200
3573734
1694866
2697112
2198955
846012
4328856
5035733
1346351
977332
1125648
167271
1204670
3504981
2788180
3956651
1623092
1484422
3797077
3805339
3170413
4489606
4113090
2270058
3816227
4157765
3707591
1370179
4403970
1431742
4098824
983680
4851541
4273060
1183576
4231914
4145244
420080
4354741
382887
4472650
4073784
3527527
806584
2980378
4794238
1183257
381251
2439142
3526424
2338614
3661743
4344407
696225
4492700
2223418
130799
338547
144850
123429
4218546
2302272
819531
4461201
4260426
4523032
1543364
87733
4853257
4424411
1267176
3933702
1951676
4119471
2465709
3863495
95070
1007077
4265281
2671858
3711527
176960
2479397
339318
3768002
153451
3655961
4511059
4102132
890901
67620
1936309
4334720
2276963
1247797
2769648
4393864
1348903
1157990
4479240
4108326
722236
800599
4371628
4524269
3835786
563828
2536213
774965
3859585
2457695
1913574
611157
1189706
1255789
4195637
4495563
2979813
4402939
2965384
4397533
41418
4436417
3088972
701005
4019782
892515
4162797
2836362
2420455
3890265
2314715
187042
3838119
2819129
4238910
3608502
4351788
3770788
1320202
3919010
1295253
1317708
4337888
1872812
4142588
4182341
4246192
138167
4360908
4093558
3792332
2453128
4421002
1370269
2863219
3796119
1246142
2851933
4273014
982049
4313546
262989
3815218
3905233
1982308
711551
65417
3960145
4326481
4247155
3488342
1769362
4520529
1957844
4428258
462630
1518413
941270
4439028
4120002
3767743
4255460
3820288
3965980
4005661
4595698
4354563
1758872
4246211
4380996
4114759
4094994
2784506
4030016
1844492
2832674
1330982
862007
1158056
4194961
3905682
3957660
4292660
1306781
1294877
2626901
2851931
1805879
2882077
4434727
2240198
3497205
4458452
4419874
1352576
4331232
4318019
1144257
3608416
1544816
1712012
1899872
4112723
2028462
4488064
4133990
1608897
4430583
4332242
3596175
1052164
3946622
22333
4437060
3797350
2514752
46876
4382893
2603598
4190535
2441552
4514821
4447713
3909170
1480694
1412496
4049167
1382127
4474207
4412050
4261336
43109
2564749
2757979
4101094
4246513
1271985
4150541
4463373
1808359
1309875
4444631
4433737
988793
4372338
455455
4291049
3673958
50090
2737263
4119821
2641751
4325293
3047015
2104430
4384177
4336055
2439058
49822
4574861
139077
4646170
4606983
4095185
54915
152180
3643925
3406398
4336037
2128241
4379993
3797191
3808282
4232894
368524
2074757
4576810
4114821
2970864
515366
4196152
4276440
4179781
4462442
4334719
4218515
4481364
3530008
1006762
1426892
4499583
3551243
3984460
3571776
4302218
32345
3503819
3743622
2718273
4280508
4425088
4413548
4328735
3567765
4055345
4455731
4205059
2758963
4403165
4149600
554864
4439639
749857
1883155
19043
4493020
1011398
4267560
2688800
4393860
2358589
81958
4064903
136645
4561325
1303552
4206136
2263241
1458748
2310828
338862
4136517
165813
1458215
67086
2349467
4652843
2599619
1698275
4457862
4409339
3873861
4003733
4518562
4955187
3927345
1071242
3854916
4408853
56334
4834691
562441
2039778
136030
3526563
2802366
509306
4355475
917222
3932633
4161879
4148578
1303174
4253961
3326367
2572102
49242
2065554
4386155
4633170
501107
1310796
1711684
4499992
1181002
2772766
1508694
3709526
3962891
4366631
590845
4073967
4248980
4097136
1176571
4675972
4344832
4295521
3772549
4140869
4290927
1671363
3826949
4298300
4144932
800250
2196559
4275203
4821797
4498103
1072302
4676952
4396226
1392016
811677
891496
1901787
4441695
4090506
2327795
355694
2847753
4353032
2860496
865851
4675984
4156597
1304099
1256370
4459098
4443838
1173612
4344373
1201369
4200203
4165120
3411191
1219236
3632631
3554307
1442773
2788497
3987368
4100637
883126
4469709
1919645
1762427
1574296
4446988
896309
653031
4240220
3810504
4308813
1639308
855456
1983446
415217
4176723
800673
4963963
3910177
4143579
4233742
2786491
1539158
4389641
1544131
3490511
4334718
2973544
4526246
3739315
4450703
4457079
4366382
3237969
4245718
3963421
105761
1318031
2786493
786883
2374504
4418925
3976947
4505864
3561662
4363897
4478325
4356903
3906492
471369
1643862
4436522
4408226
2060308
593653
1909761
1968614
3451223
3562704
4335903
1902599
3993978
1055343
1272842
867391
4123998
4487037
4338055
2361008
3658138
555890
1241725
532666
4371412
94005
4036202
4382750
59948
4500944
3823628
4873640
4421006
3311643
2541433
3060209
22854
4458266
2041428
4111667
4275083
3858351
3725761
1231787
3783196
4445387
4452943
2249351
4267210
4362635
2749108
2477065
948695
1040946
48581
4097132
2584129
1372407
4390203
3762143
135696
4145152
1433283
126337
4641395
2443183
1352602
403006
52507
1242820
3949962
958098
2399458
4134147
4041380
3791212
1097510
4010226
4426899
4798044
979232
3964952
1463190
2774812
26696
4838836
4046155
3647572
2095314
4500243
3565333
1313431
1134359
4487038
4143228
4047050
19492
4145548
4653236
3659108
2601115
4045379
3814958
551273
1594969
4628973
345867
4255461
26624
2587891
1145581
4371797
3833249
4634896
812804
2382254
2788042
29524
4300283
3989509
1002236
4064320
166628
4110067
788757
1475083
28554
3853351
4200548
201601
4485738
678364
4019123
2546546
2795859
4305816
4710923
3541040
494256
1453659
4125535
4510950
57735
385559
4676904
4523345
4457598
4331614
2589488
4186190
1968986
4845751
4258280
577067
3977391
1405572
3036324
737570
943246
2685040
4431874
4088402
3821597
2785317
138648
3410654
3344631
4462719
2118441
3740133
1035096
981333
1301328
2460709
3884
2095869
2203622
2346673
4514752
821085
2384242
1207540
3831764
4530845
3487000
1235392
4126310
1951364
38912
1266548
3119507
2339362
698742
968220
4429688
3346288
3992067
1053233
857371
979337
2211114
1269345
4306305
1559749
1970829
4396433
2222992
161703
1087922
2853012
4168910
4351238
472110
4297649
859219
1895399
4338125
1230832
4386782
744396
936035
3956982
4441782
2885272
2831663
4354790
4356400
2116803
55743
4355292
3951478
4338196
3857057
4383435
1573191
1391447
4352408
2316841
179265
4388363
1969637
4556747
4677428
4060150
3159011
4252747
4065129
163897
4429941
2150813
728877
1088308
1961517
4367114
3906726
1306427
859793
4448390
1484638
4333457
2794533
4289776
2697646
4578965
4648404
4595697
3806871
4017865
2335730
1822016
28286
279179
2499393
4087821
4524267
3411862
4346545
1043089
1078507
2298168
2344625
4377592
3825330
4551997
4284812
1973577
4182579
2787824
3673977
4185285
3636199
316468
4769756
4196457
4330411
2478302
406529
4436415
1362335
2397875
1212520
727447
2886714
805679
2681633
4089444
1450376
972592
3842275
1620775
2830130
3578699
3262663
1235037
2835251
3928825
4488516
2200511
1379343
1989330
3853713
2338618
1220665
85852
3977864
4145577
4479037
1383390
2782010
2547950
3894084
28472
3692040
2857598
925768
315
1917098
3979881
1173613
4889331
4392409
1581288
4206135
4117914
99342
4497653
4269046
4143113
4288523
4681475
4246516
1271456
49403
4359494
2651490
3014776
1973225
4745684
4153633
1168595
125135
2769843
2979811
2757598
4511591
936406
4144818
4288673
3279599
2338610
4338020
4473588
4132530
1368458
4336564
2512374
1431388
4010428
4333104
1954421
3434622
2977916
3055878
4324161
4167895
1708786
1522619
821679
3692015
4063094
531161
2942889
3899687
1472912
4447349
4172208
1249109
1127622
3902695
22956
4589265
1551235
148000
3734242
4520277
4568581
3667867
4431153
4458264
2582895
2702338
4112056
1384740
4105652
4451412
4886650
4127502
3628344
3985833
1569894
1888030
712376
3839114
4443731
3859586
4683863
4486460
1484421
4528260
4365350
2074780
4106797
2577028
759056
1862985
2657109
4257849
3979880
1918234
808848
4648021
3781708
1974023
641387
4369618
2002612
4402287
3906832
458074
984019
4406954
3968755
1027592
1710725
3255549
3645796
1911078
4093505
4356065
1902624
83974
1108627
848084
4103973
4331024
3488801
4934815
4229277
1646754
4520855
4353557
3466186
4302547
4789573
3679356
4077893
4744477
1142643
888011
137819
1411647
2098034
2010957
4448120
698252
2460925
1453152
4219214
2318435
4420741
2927193
4293471
2423981
4282062
109939
2413347
2265269
3925015
4458052
701033
4365826
784502
3849849
4421737
4935113
67841
1986056
4777380
4494516
974036
60636
4894090
4589453
4258954
1373950
1116571
29311
135178
1509996
4392537
1116568
1883153
3657068
1248109
1184098
1786960
2096691
1248136
4091820
2631277
2056844
4393859
4772786
1565588
4795025
593441
2373144
4052850
2157174
2655883
4282684
1024992
3840182
4025113
221777
3873313
3733942
555797
1114754
4989721
2924872
3519375
4458972
4457075
854256
3679697
2816600
1027700
4512278
1431005
2592215
954995
4494517
3927527
4317181
4049848
4442924
4876840
4049467
1023086
4536823
5064094
1423170
29455
3871806
962800
1229733
4438432
89795
4240709
4318970
1271354
3432524
811678
4956336
3433465
1324208
669358
1312156
2679218
4063811
2154187
2100553
3969848
4702866
1726917
1755526
3708697
3015347
1456145
3643453
3806442
188036
2705808
4421938
4419870
3825298
93947
743660
989697
2514750
2771743
2489339
539909
4044344
660240
2100138
25580
2476857
314140
731966
4699086
1263323
2595382
4879901
1609590
4486759
2060307
4755397
1002370
4751292
166707
1123758
3952162
4869624
1722306
1483781
2090846
2661270
1035059
1373004
346653
2468862
936769
1777804
4303739
71140
3993392
3976502
4005122
103102
4334722
2763401
4325842
957154
2905897
4349251
3791680
4570744
4125605
3572680
517160
3877104
4393494
1910106
4478021
4252155
4343548
2496721
513551
4457595
674853
552068
308491
4230436
4143108
1789393
1571308
1634180
3806792
2787474
1899511
1645698
1024212
738978
1908487
951600
4083435
221364
3733497
4724034
4344831
1419921
2844869
4758849
3787950
2419085
140257
4313545
2048440
839711
566159
4459985
2941257
226563
2808771
4956752
913606
740692
4815899
1228531
4066097
4108314
3873445
964065
4895825
1893461
2824250
2223742
3623644
4316028
1697722
774903
1031954
2116373
2058788
3901315
69396
4936038
1546485
28819
2795857
4431658
815072
3689083
38596
78741
3869660
4424829
27466
834589
2315299
4292020
4834702
2025943
1438225
1498914
1317124
1386426
121497
659423
2611011
4856856
680875
3646595
4806823
4696696
4254349
4919688
4416446
2488855
1872396
728001
3686452
4392156
4812247
2422753
3704267
2933127
26276
4175008
1827323
4034674
320098
4340546
1924025
4657350
1693956
1030374
1693862
2811675
2243902
703905
4370623
907850
1809845
2719327
2600870
4456216
4200200
4294328
2754184
1351933
4411346
2688678
4098325
628747
966034
2692483
813113
18826
1720948
783400
1764213
1744081
1909530
1400567
4171614
155963
2067117
3701200
31899
901234
4230094
31334
4451836
4001188
3529362
4138239
4987416
179261
4349021
2279599
2237467
917129
3238820
1939172
2577239
1362332
2245993
4349753
2617772
972401
4219957
1761724
4881651
4211133
4351240
2868384
600473
1444745
2461085
1554502
1642274
2589557
489533
2590652
4215427
948389
2325983
1854034
443801
4032758
2808006
4240648
3843125
2683920
4852528
1968445
2192488
3845644
4000950
1313971
2753344
796577
43184
4589264
2366950
3844265
1128411
3739576
1865304
4303773
4731228
2813274
2481605
2106248
4577767
2831363
622407
33192
719517
1383386
924841
1989203
4791688
1382091
395929
1403845
2811662
2234657
1992467
4742940
4175598
1099722
1134374
1354522
1306493
4286267
1911308
2837531
1479410
4852495
1442673
509510
4089744
1811435
4022504
910913
1110483
4846884
3967119
1264763
804268
4168913
4263552
4458263
2584022
4852524
1513622
552280
1306424
2372012
1327960
3915142
794670
1305415
3986899
4246684
4019149
2030968
4458045
3939132
4806794
3848080
1659057
2486881
1372542
4004944
569735
2301239
264439
2387625
2455779
1336662
2487454
2965574
1128097
1413791
2068462
2474982
4232026
1080235
1841188
4143578
1530346
3838647
668662
3979045
2455226
593647
682520
1109552
2311802
2201460
4372617
975519
2515964
4361023
1368109
2851929
3757843
386728
3894305
827802
3048024
4777999
1247358
1348764
1464035
4174301
2726492
4354650
2073587
2479219
867747
2351162
1307320
1204251
2526538
4355507
339959
857431
3058210
2971438
949011
111439
3159378
31199
611349
295097
4254588
1618573
744042
117424
1185276
2350478
1266447
2948356
553854
2293343
4337671
4641392
4316799
1317261
792303
38426
2923623
4792696
1601126
633137
2735238
2786944
660249
1108702
4059062
4684337
1290855
2659640
1007403
2107519
4133809
1243783
809469
4765998
824085
1272209
2838457
1969005
429989
1192762
4298765
413597
1451620
366383
2423260
1494458
2567560
1299287
3007185
2920768
2527391
1408519
2217739
2808470
2951751
2487962
804164
963304
1493532
3849677
1155619
973278
3159015
1808230
676172
2295253
2003514
4058451
975276
3600669
1775015
311573
1073895
688886
843155
2104143
970416
298126
2126191
1069949
4380250
1679885
78171
2905621
4245158
2474110
2427894
4853246
3993826
4286331
3943818
3712926
1891389
4290237
17077
2883194
1109306
173391
1844294
820619
4520280
4273613
4022887
3899781
1892257
1696290
1172819
1485947
2365443
2624365
4039415
2444149
676922
1714573
370440
1643270
4172597
2603860
4449991
1256809
4331005
979684
1046339
104229
4085833
4210439
1173611
337998
2895931
2165905
1354779
1732964
438316
2659911
3546516
50892
3939324
2304350
2460926
1378253
1118551
1300518
4434604
2270844
1551135
678468
2833658
2805421
1199949
1869933
72783
768555
124217
2826439
1972327
1783812
1512368
1129145
4297643
2118440
1262252
4346143
1028006
2370278
4576809
2754193
1419149
785097
989299
2593619
4270382
2324224
4252180
988397
2679998
4907304
2683901
1059292
4650294
4474940
1398002
2281075
89171
3156742
2311296
2941532
2298847
753167
2566337
1075827
2690223
826968
2833259
859696
4236076
1483943
1990449
4271944
3785260
3775888
784369
2568447
63485
1141858
4137162
2114145
126645
1623093
377903
2182470
1056907
2397750
39076
22538
2512293
4258953
1166497
3890044
2778512
4207920
1329592
1160889
108021
2195344
2629595
306156
2570165
1576395
1276291
821336
2587041
2570594
24594
1260846
4228831
3934547
4564346
4699258
4324012
4377583
2395897
4188122
3153753
1142208
3924520
1208035
4466114
1892654
2673768
2251271
2564751
2036906
2201814
2797403
48098
1395942
915210
4274308
978965
4008167
4012020
1947968
1619555
3428310
516473
131891
105003
2058833
163250
58498
1804642
2860521
4133082
1295194
87764
4350212
803828
415307
2479531
3429536
2574090
2226722
2911286
3006681
795232
996356
2485991
1101063
2102287
40285
2616981
2586235
1095854
338682
4241437
2609731
2564845
4228101
1029255
4063074
4327641
2444148
804872
2398489
89800
2468866
1417797
2947682
1156288
2253016
1262472
1174467
1848803
995407
609853
399738
2760656
4443518
2807872
1583483
3468687
4355473
356968
2298954
4704020
2262542
2557984
1053236
1162425
4582119
4372524
2685401
652715
978858
3237842
181589
2302827
58550
2485108
4835404
2205164
562192
93842
4166299
888383
656337
1246968
1466728
926644
658127
1368954
4081989
1691921
3895775
85494
4415535
1343218
1918233
1706834
2834250
1277594
2899924
1330566
1696846
894090
959119
540070
1385397
880074
2065550
4222805
2463399
550235
2083422
993270
894684
1155515
1621068
4354013
4661678
3091386
2877331
1867443
1217417
1453846
4126081
2433048
2666136
1106704
3898064
786980
806376
2355149
4173699
1391928
211889
4847542
142588
968504
869222
765525
2410945
4393430
2025942
2471173
128780
2588430
262189
4791385
2097882
2197297
1052353
1384139
2596586
845391
1969946
2631961
2537326
3921753
803418
1218649
3214639
571621
1733039
2730593
1734126
3941527
722894
652034
2533018
3773174
835841
2042323
156289
4567074
1582621
1765587
1165847
5639
1774124
2734925
2069841
1258642
1374146
862642
2129143
1804972
2594989
1308067
2162080
4915609
2518847
4885549
3885167
3553332
4415584
1274106
1919402
4110420
1242689
2837544
1258993
4722415
1353480
1758674
4068659
136553
2201824
3613490
823757
1090384
1151879
1570203
1094362
2761640
27053
2180883
1024742
2457749
2241580
183357
995837
4805054
2922340
2307722
3834731
1692260
1245276
4266525
1667897
1199350
2620912
1183255
3036835
3808886
2580634
1111760
910147
123374
3881559
2866206
2574913
2114146
3636000
4902117
2993974
2361117
1888032
1439840
2173973
4469637
1227001
905745
2170386
4565772
3625900
2044364
3753144
147656
861971
2631274
2599601
974028
2145994
486619
4140282
917176
2587026
1250198
171256
2058789
2325912
2389623
1047758
776522
422328
1968436
1746902
959272
1005780
1009022
2290418
1474576
4696034
789130
1018938
1044610
4357507
3967918
2017538
3647082
1477910
1183556
646713
1227359
3960264
4317467
1751858
1131425
2756144
2981274
1295867
2095311
2534930
1383875
3593655
2020385
813164
1454407
1512691
1181761
2684033
4611146
2601642
1699423
958044
1056207
3238091
4382971
1031991
1286697
1861487
1636879
1808605
2294912
5047712
2916949
4151095
3683429
644971
3889455
2659781
633993
2745135
3545215
778603
1252022
1012160
1822108
3437568
3426226
4226993
3861065
4794394
3352759
3217551
98415
2834295
3033108
2369469
1427556
176069
1553251
878369
3313127
4509353
2036903
3907765
3492780
3577374
3397860
777074
4222413
837567
1279815
3104522
3136646
1354636
2994534
2665294
1073277
1348414
922600
2739798
3982732
1142960
3468026
2061081
4485419
663776
4694276
2854062
4774311
222278
2184521
2677497
4442826
4696219
4172499
479681
2269544
4862037
1874165
4786939
3912664
4605491
4128912
18577
1255349
4860513
4134856
4489951
1957638
3682382
1024480
4131039
1849580
1579923
4450755
3023414
28064
2174556
3907916
1571556
4189841
2267564
1442631
3907830
1995061
1681634
1816243
3595734
4861384
4881957
4867760
2732387
4677569
4499311
2023927
3405683
407788
3994828
1639134
4236382
574165
4140323
4364822
4529116
1855449
3369906
2530869
3772967
2569731
4860309
788662
4852491
Total scores: 8977
Average score: 136742.12
SSH: 666, SH: 2356, SS: 1, S: 2, A: 4270, B: 1353, C: 239, D: 90
