1808605
1860169
1849580
861415
1990718
1241370
2245478
91037
1270000
710881
552068
675734
869222
555797
703177
1861094
776951
1142960
1377957
757003
2335553
53554
2084862
403050
1714882
1028733
1754777
37146
1508978
2452465
744672
47152
2077119
1183928
1007522
1218337
2137200
1483372
865344
1593061
1695382
1701404
912167
1952042
2211018
720314
2166045
1445816
1170505
1737885
1787963
2069841
106491
1343792
1073201
955737
1151454
2095147
2445272
2017880
1537566
345189
1107102
1546243
3371612
1601020
2673453
958098
959406
1742937
57405
2427282
1572870
2223303
1585398
2083425
725718
651155
704360
1519282
1115199
64558
1222063
366140
2176942
725198
142772
1828342
2110791
1039511
1032126
2113705
1816243
1125784
98452
1391631
4009988
1725174
2118444
1110320
1697348
1676639
1306493
656386
1304831
90656
399221
408378
104229
1588369
73139
1036841
293193
1501711
2276210
86269
2204234
1001682
83968
2199786
1861781
1511837
433168
1100512
1355247
1780800
248001
2348878
281843
1725588
1389624
1412805
712860
1029562
429989
45422
2232950
75689
908373
1403588
1087026
658561
811127
1602863
1127341
1769144
93962
1511836
2444148
1217241
252238
703794
1829131
824931
1687347
718679
1141084
930249
1351370
2098486
767203
3441410
662064
121189
861180
48985
1172819
291285
1971099
1078718
2403842
765873
1782852
2481895
1253086
2593669
1204683
1256809
1963713
948540
1594266
2283850
150837
880206
308350
1604286
66820
2374611
214252
1783968
2007931
1985263
430371
306018
495776
1319335
877899
416491
1245345
91215
2285354
1872396
2259800
1571306
1514799
680394
881406
2709016
118380
553131
38500
2117268
1551874
2060873
2665294
1768904
99500
2103163
2066867
96523
261705
107747
1551848
646713
570953
2479386
36263
1258642
676923
1017559
1557181
1570203
2248125
1655981
1936870
676172
2484994
210078
2121644
1806531
2599070
2432480
796161
70056
908042
1564521
425385
1266164
1726917
935402
2083422
105585
1416966
229014
135396
75930
860188
1990449
824970
2185651
1978833
1890390
829359
924337
2121051
2336104
2152442
2122301
1383875
185182
2164593
44746
338533
2090093
2473220
495538
138467
2071921
420131
1556943
806017
378469
893739
1056150
1740195
17672
550235
934841
987764
208776
178298
1645672
718156
975588
247999
1233051
788662
158621
2259972
1128411
2538081
405955
2235254
2047629
860019
2159327
2064235
1017616
1686476
325209
152180
1630565
81007
657917
1403276
932185
945304
242822
135810
715013
1951034
2931366
1180753
3144450
139597
740044
1518409
2200063
415217
58037
53479
329593
1493345
1448813
2829681
67018
1657639
43184
1315116
707187
1314214
1518162
1032054
1024742
101630
774965
1126462
847314
45546
2355610
792420
1229107
317549
2150812
1786977
827803
89547
1752938
1082260
58072
2197383
1862062
1986367
2036340
1091478
1718671
45924
2168768
128074
1972186
75987
1706834
2115117
1630299
512000
1095855
1177137
82033
2105163
2196278
1019438
1787965
2221510
2283281
134918
65417
1770619
760743
1532546
2093936
1416924
1508535
1838383
2581265
967296
129891
269963
1668103
1964146
2248906
1115583
965243
1902670
970331
1826561
1899986
47487
1522329
26726
249032
1931138
1128531
3994108
106050
1678956
1007546
2709018
1848868
49059
1412813
458582
1848097
898576
2196978
1316910
1139633
186407
2198684
1690244
1907933
742575
2197382
2546549
506357
549659
1582549
922638
973278
1436185
1749322
846105
1079550
1717851
1795805
558277
43603
1589320
2506713
2092649
2266773
46387
844713
52857
2023120
1675085
1179374
369246
164519
985141
2283333
2350478
2184125
208197
28797
2177627
1574791
276462
1464219
1636976
58286
796454
1898492
1270687
316995
2258752
1734696
1270410
1486738
2036906
1940170
838482
2006177
96219
583365
185974
1716307
1815397
77711
81356
2207263
1955170
2045906
144414
86079
2160150
1883745
1672657
78049
1649108
655216
80058
157459
1385397
1283136
44725
30528
158309
658350
4280217
33655
1030374
1052987
1714857
1725871
1043757
4775854
69349
48837
697265
1722406
2022632
1877248
1281115
2528204
772774
56283
64780
2357967
97923
1027692
693195
1670456
2109844
797018
194953
82734
2305393
49675
880198
637477
80028
1186443
307618
819944
2130569
1832351
1069949
1892790
1089041
1770621
133852
2197401
726381
1860433
231988
155049
736214
98090
4538943
959058
1959275
1551873
759823
1253987
1787984
1651290
471833
45074
2042323
1097543
2227418
804164
1816320
672100
366142
1582591
99816
43961
2239032
1479802
2133726
1596697
425890
399269
957468
2389725
722934
2098880
35450
44607
656385
959272
658127
1343293
1972467
1166895
1786960
3669517
1939534
603797
2040134
1073964
2341602
1716732
2167038
2044364
1522331
1941499
1882794
657916
1848985
1688458
988323
2158783
840426
2226975
2608770
35300
811697
1573582
1480196
1658063
35878
90173
1517402
809469
1378610
1093352
113959
1095534
2125040
1848062
722587
713867
1364859
1124630
768493
1320835
2112898
1762428
1649989
179700
1836736
1868547
1935389
1200519
240488
1261914
1805910
1722254
1046339
80411
1410076
1975292
67621
33288
1508874
177916
949029
74684
62286
1726994
1857124
1996791
323875
104117
1126510
1800218
1737169
1407001
3671
1842852
1716490
1276291
1971822
109939
1953921
2065883
125128
2185535
1587703
221026
1109463
439135
853625
50623
2184058
1083817
338682
38800
155404
2039544
1628021
1244144
2006698
185506
88002
1812515
2272860
31390
2186634
2234165
1271985
30693
939209
2272608
2131079
97119
89229
1813044
1955972
431957
158107
871565
1083053
207846
2166086
1341959
33670
1650477
1395942
2112366
1582824
1431722
2129097
1742483
2085476
1201583
35262
1702172
2343583
1052871
1579475
219571
890467
37593
2102445
1657066
1971100
1630100
1164044
49705
1856696
403167
779452
1034737
136322
856204
2149819
2046653
1270965
1666389
214735
1573320
1276292
1812660
1412291
527704
53555
2058585
499373
107712
250277
1762431
2088202
57404
132414
1144839
872275
1768240
589477
1611251
2069605
1630844
1637380
1825834
1554693
84142
1783947
2176825
1659057
39419
2132957
1138803
185002
1456899
1569410
1569836
2277474
1876016
2588362
1822301
28803
2024851
2064221
794670
271953
3098727
1876015
2024583
389398
2237465
1892644
1553356
29655
950234
2069969
1964091
1969637
76612
63603
1827558
708367
2197384
1965348
1716825
1581190
1187122
1691692
96708
822384
1521031
1582674
995837
2403965
514449
1319612
2027988
1554502
1811486
250180
93709
1431582
81398
473210
1659962
124701
2234164
1093845
1514105
267052
1462348
2781169
1943551
2250429
103793
159851
54337
1858801
2027987
1762429
1682475
2051592
283593
830863
85867
156904
623191
2259971
45204
1464221
1541404
2259652
1227263
744673
668662
2245962
877271
1588277
1210405
1466471
105965
1990103
1652732
2310343
1518608
1412811
1840044
2166311
76768
380474
73384
1602267
351189
1571082
1864425
424925
1744286
421129
102958
2135403
33535
2123262
98623
555965
870481
2096800
41880
1985881
821165
305227
37433
1438536
1421439
1355778
2257384
2205660
1070620
115173
1253986
127011
116331
1210660
143853
1363570
1165847
1942342
2935168
50406
861971
126645
97621
1785322
757505
279757
1342406
1940584
1619555
821135
1972601
71467
1757984
360345
674234
1389955
2056126
52352
1900304
1742484
97934
905342
1734105
1612453
2176407
81357
308009
94251
1948749
315552
1828341
2271397
933666
149066
45957
1950482
710753
1511760
559071
559673
2139992
2235499
1574314
964122
2245373
2278214
665787
10801
1183233
2283641
153246
2351858
172161
252521
116289
434913
823423
1860938
788216
2451721
2263669
70107
1093455
2255367
1351114
48416
2096054
1614714
1098833
743896
1820840
648081
1346941
1297215
290305
1896622
1831935
142301
202756
53182
2134428
786842
27123
173469
41522
929613
1817320
1809691
1294757
205405
397535
392220
32869
798932
89670
35820
82825
1311613
1649990
1639177
43524
132946
2490762
1480932
2154168
2037288
106248
2084626
1540097
1425095
585895
27335
1752315
252290
173505
2053796
51083
2112900
1183569
2298522
130851
74959
898575
2613076
924159
1414429
871027
2095314
1533315
682966
1073278
270622
845391
789752
2104942
103061
2033132
148716
42890
1807739
628369
110795
1644339
373781
1442952
592367
1442038
151569
955346
1859782
1362433
631143
739826
1477910
97134
679816
2039845
169387
50844
854344
1566387
1086057
1512177
43088
1544755
736215
1786703
378781
444565
500939
27612
2072398
1962224
172610
676445
2197593
1397263
2396469
580583
722224
2133847
1879801
18801
1043346
139652
2160148
145669
2598804
1193512
171126
1988753
245960
1456771
2255706
276915
77231
578769
775807
1716713
1872812
2475433
139139
1473302
1269573
1283691
2102353
1793835
100784
1797363
345947
1398002
87266
2650194
439612
2206972
1184238
2012740
2165315
845959
947334
1500990
1575381
1104323
1482116
517651
1803606
135385
1680481
239058
40181
896575
141982
1033154
1680849
1877637
1939173
105293
1571507
2438031
2107708
175461
2283347
254562
1877694
111496
2457749
1885374
2220106
720096
72238
206280
2010007
2200804
2202353
1813918
1399255
1134681
1076667
1969005
1502678
1973410
1620144
1034343
1590883
34081
909551
1820338
844718
1506402
31013
687789
2035657
863563
1518913
1575101
744444
1860366
712972
73561
1025871
139065
1268353
1360583
1827323
2017496
1865251
1713945
1919402
1530642
1601387
1731701
1018845
1250198
46002
42098
1166813
920877
1439090
105891
61840
803171
66398
1042243
1982350
101210
2312878
1911333
3107490
1741501
784411
1211828
1475010
1618205
2192992
1301516
1311904
105056
111514
1480265
933538
1571470
972422
3932495
1082542
786379
1535347
1610933
195946
688942
89772
2119836
32330
1023086
508558
1494341
214693
100315
964624
843013
63875
940378
45100
1760798
783127
1124136
96391
786018
64468
2585251
1619561
1810299
27004
1881833
418762
183541
1985966
23738
53017
41459
1317090
1827329
352707
1281383
95689
1514412
205282
2103566
1843608
1640908
785416
1645698
1815796
2185880
2200626
1819852
941476
144737
1468467
1796421
1956515
2201718
905745
1398612
1892788
96055
178614
80991
1916994
770576
1092064
1103965
1221602
1161900
900379
45542
1460972
1810150
22506
2063785
1969064
487951
2052575
39523
42302
148000
1919688
179224
1532288
95583
144026
651538
2207682
2325396
1352342
1876558
1639936
1632044
1467820
1252321
1384287
892853
88256
318950
130320
884123
1530185
1385656
49713
2267539
54708
1372542
2443296
2286983
1734016
97338
91068
20504
705038
828806
1823007
131306
1964162
878561
833042
1459357
995407
75030
1454407
756424
1504230
1460627
1609668
435994
2017881
2014469
585981
2088272
1484251
1444708
87763
1018937
132043
2554925
1176410
638821
775131
1372306
210696
1204502
545092
660698
86025
2504697
177425
238648
139926
2109396
1897577
2015469
698252
2047632
1608193
56352
2198934
1685633
2208203
329569
1453152
2273444
87319
417968
2096781
1608832
65381
2097992
60458
2151207
827932
1013310
2123415
434243
1896862
1708070
1370470
321559
2062501
1921785
1370665
179050
137166
1848069
1259170
1384674
1684116
1439410
1670393
192516
39535
1740092
38133
1005957
840686
126028
53150
1417521
1398028
172616
26704
916972
46332
1964685
1762423
1908523
1631290
882354
113129
624245
2946154
1501684
1404869
1119755
327229
729829
327899
1091249
153632
2197118
835314
2577469
1036735
1717796
126525
1179268
769092
3763527
13425
127363
684760
1556336
563475
1949536
729702
168612
413597
1092090
47970
2372012
745224
121197
2038747
812721
1186445
1612948
292645
1573242
41912
971528
2083431
70382
1659078
836756
160490
1384129
1885375
1011599
1433283
35426
1114754
911537
2139064
1469645
2070365
1518022
628753
578163
1756896
2357806
2154808
2099676
122674
1923338
1840045
1990447
677907
1601798
172609
1958283
91198
68360
1640330
154889
1569034
2107630
30884
46088
2154807
264159
166485
171123
1628131
70760
895643
958308
469800
2133943
397594
1535031
2254891
1759844
102458
1510219
428484
2358834
2057868
141775
1564191
2155962
563946
1659553
285549
1887274
534946
1312305
23168
2153060
111578
79991
693288
128872
1857790
854599
1580557
103675
1229141
796887
1938881
2054334
263070
919747
151644
1031602
135609
166237
1967262
1866214
888487
2023927
83772
1088461
1786111
2980581
1749734
1100681
1834172
388588
904030
333074
2177100
893736
2060304
724219
2081007
818655
99501
1937774
1528254
1440743
1640135
2277825
110857
698251
1405981
1172029
1104798
2831363
658044
164020
1828343
28036
2145748
564853
172615
1091511
1956160
41360
665240
1187492
140111
929699
2039778
916631
207742
1860818
541990
1500991
81898
1513223
66623
1084692
65658
2252199
151229
1746305
767672
1922251
1188172
1576304
103566
814293
92803
2060305
1627377
395299
164013
74085
1300513
638551
1709832
360302
1065217
138816
1574312
1027174
871542
1440304
123585
98491
1803573
671649
1754205
2187979
1602637
360736
95015
1577478
1975912
752980
156070
1849025
334989
1829658
2328751
677886
24265
599815
1097612
172614
945279
140058
1172170
1952051
185650
157861
140805
1942739
1187925
36904
145366
545933
833638
778603
2243041
1572868
2150847
998769
1708832
781872
466180
383195
110347
1355255
1506971
1795723
267773
1415007
759056
53822
1538482
1817769
952069
171767
1124153
1889138
1131911
541430
836907
1212692
2176002
817987
1656971
571925
42809
1996384
769088
189142
1917673
1634034
1244515
1797692
381928
183357
1601534
1588079
553854
361704
512044
727621
1045304
185138
2113168
281523
1554749
58333
113727
259665
2098783
1676603
1657612
645436
1126461
2017352
144182
179947
1978834
121469
932141
1674588
1023307
1522330
290919
188318
2737099
545169
1828249
1815291
1128220
74873
172617
803403
1717844
606613
859246
42628
1840046
1144257
481450
1712377
33694
2202252
64244
1120706
142590
4668221
1603069
106049
1720903
1432508
1404171
147370
494114
1344062
1368231
652715
1837234
57955
128406
1262433
1537588
869676
35574
961449
1586892
2382509
154410
1508554
1640133
554519
1229110
1901149
1605724
1926348
1041934
4385666
61000
958661
1743595
98168
655970
1810372
1615501
1771678
1909547
2153558
803405
2129420
1184220
2088890
2156980
1282064
1824385
328098
651326
1996861
1620293
131891
119885
1051459
1551599
126807
1816404
1911335
1599269
153991
588145
412306
1597765
1901789
279393
1861010
1799197
1852618
1700716
1983109
973438
1298998
1467628
1569043
120030
90190
278451
514516
2060306
478437
2044722
543814
1439682
333428
1797628
863540
45654
126671
1074076
1481541
1672656
214416
1986003
226667
1242793
34997
1541445
43267
76746
334497
340925
69407
52789
133512
809513
746471
888014
3104529
1122622
115148
1113570
535594
281388
1168807
580941
828183
1605059
1582619
64314
2044368
1301043
648517
16197
85986
506779
123021
1466292
1255201
2157548
578269
1171123
1336662
375036
2132762
104389
373042
1554793
1736354
2153099
188393
1412760
2166322
748054
1881704
1521043
83916
1865254
98051
869197
1719454
31014
1104552
1931472
2067454
743399
666874
1746722
2042534
1518386
46397
2381878
557223
514546
2276914
1491731
2780068
1027702
1962182
1938210
2693312
1111760
1031480
1853842
1691360
1676602
1610994
568290
1554404
1217004
3925181
1521305
925838
702778
1244426
1301434
97626
1603080
1764227
34920
239037
732245
932019
61817
1911768
1054480
755610
59119
1600393
467726
1978280
1582677
1355664
437377
105940
1669839
231917
1982345
1691949
1059388
110817
2624341
902888
1267082
1752311
2096053
5482
1462189
1132778
822651
1046830
1117749
348605
854824
2048477
386392
214547
483880
1555717
282667
1658695
2171682
496762
725139
5481
180079
475805
1717855
1790200
97976
1426390
122584
44623
46623
833041
224514
2084628
1892620
626475
1969093
95214
1786748
975036
964066
1514276
2049787
1128097
2239674
1262009
1674513
662886
120695
2008513
976159
667288
2040764
2009111
182007
958662
889980
1255789
471598
84964
1432512
2278355
1603791
888488
2167576
1754247
1897567
434870
1505568
315260
1274950
146360
1536687
2086063
1824472
792948
1593031
104842
1345357
1880029
766560
107084
2123394
99989
136210
1571245
33712
1018238
10679
2135058
617429
331109
384718
1343925
178506
1627870
1731489
881417
2203226
119386
1106276
262592
1561967
854972
111302
1620946
1561819
2128326
134334
1497032
1966084
1640348
92780
1859185
969549
19963
1707909
1869050
1686086
906489
1253183
2112903
800195
944663
326423
292743
459739
1468473
246718
1898522
764441
1572457
139470
437548
2590943
1850120
45724
1728696
33617
1522332
363662
151838
737284
1777160
961678
2241188
1636694
1866610
2222550
1895073
1620271
1849121
483885
1750460
1099216
1628133
1583174
1444156
1434891
1504526
150360
1819851
235879
1181750
1853547
59015
973744
633373
1760344
808436
45590
64555
413171
1093245
743034
1733345
2025938
1263472
138930
1538580
431095
1104276
1307018
796721
1429745
285296
13426
674128
196907
1397849
860921
854616
1803436
41613
1407548
1153255
23737
1389961
1191831
185670
216747
1523320
1972846
1165848
819082
328977
1984539
2063891
1078109
1700752
185667
953106
1909205
323892
670568
1290855
1128414
100824
1463054
1881693
657186
214249
341891
837014
1767713
45832
1101027
706779
145361
1266211
44726
2275967
1701892
29686
1705569
380475
420030
2745
1522909
789219
753698
120066
53184
1580894
195732
2061307
1269593
646609
2272217
471369
134962
719594
1570142
2088216
947145
2283410
1459621
2270846
175628
489016
1828345
21676
823491
240358
86460
190951
667730
94588
215238
142145
110874
1183266
144320
776632
186766
2227811
1760799
1385396
1009530
2084754
2155953
1414527
96033
2453037
1490978
82245
1483942
1260680
1514253
864221
1476582
1020110
1891389
38931
1535691
1730178
975628
99430
1430574
2003094
863543
1044567
756448
249745
1859220
1437419
1386281
1846447
1836421
1122816
1330114
1292178
1802266
41259
1887011
165931
1806549
277649
280
350132
351996
438316
1969194
703905
24111
1140695
2399264
2110035
1734082
1619564
803446
1839949
1884623
1759483
1676828
1251852
1984257
2315133
2259921
148065
67958
927358
652979
2141086
1697722
2112904
581401
2590941
2184368
1919304
514874
137296
192508
1183811
453258
1872246
1956123
486619
88632
978443
75548
2165521
154233
1833698
1626530
878319
1518683
285639
1619425
683152
1527745
2331696
1566017
1840093
1962758
2256806
186721
970417
2235031
334204
2346585
1868458
1077370
31687
482650
45783
2259974
24517
292396
689803
2506753
1342593
164689
1485507
1959866
137258
1966004
2088384
88189
244230
432839
46769
1248109
1915983
1280222
2199692
2060302
9903
1102829
796523
202004
1587973
27162
734339
1001697
28160
1362466
1376
141558
1299942
2305773
99290
1633126
860368
149388
1981685
1900359
2133020
674771
975745
1478254
2421316
56533
112555
182203
733772
102781
1569936
1645700
2168736
195165
965016
282369
135142
158911
183460
1694013
1233411
831845
1318320
1234975
471412
1679021
783399
2480903
1257142
1762425
1892902
71562
1949714
1534491
1642907
2101557
2256994
958093
1157945
2244804
2032560
1571863
667511
2366950
1160889
227763
759554
334464
1085554
1899081
2142522
975519
795988
662989
172735
727447
1266635
1650077
833632
1486685
8708
1035898
1737486
1913299
1652809
2070409
846085
743469
1261513
2646714
418725
954581
2085413
1412483
539916
21327
1128261
1743206
29294
62311
2384408
681950
1940889
2263280
26651
166378
1004511
1626314
369938
1218926
255323
897279
328588
57406
111468
156653
667688
1746432
1403240
1028436
764841
806019
1660979
1325042
956436
821548
563266
1860939
1591550
1622266
1922893
45461
1972662
1925933
129613
2072904
38293
870152
2151093
810827
2505954
884089
30867
2235626
164956
887095
1676342
1183262
2579200
1154433
703043
863253
414608
177388
62535
982390
1197806
1492991
1783432
499839
1385090
81580
1249109
172613
1265800
1983663
991105
95782
1163091
1893733
1049903
814872
465260
84364
406241
23281
376703
240539
1692550
63604
1738514
1058375
817155
2180388
2233162
1813796
1319297
30855
1400621
1025595
572475
2468002
101312
155570
2191153
1283654
2257195
42299
2199727
8294
947684
989369
1558638
58063
247241
807123
2798518
374777
1517171
1808359
1786086
114635
1285420
1771881
1602614
1827036
72190
1474233
775362
2333307
2279597
1715114
58973
732468
1385957
660244
1507182
1092402
1498492
2067473
1020712
2199303
1156821
95213
1766514
1702827
816362
175139
1247896
1932471
1925406
1693175
1503470
1530593
1881813
1962161
1506155
1806961
408410
1921070
915210
1316417
153895
659540
966136
1618822
66885
1951673
311864
1610022
1359036
1532203
1684705
512707
897318
97416
1072777
351415
992223
1407003
51766
1644003
789818
315922
999182
5900
256840
1971488
2014956
540748
1323227
33453
1441054
1510448
140591
1634226
211044
15514
216133
2024606
1541290
509260
359480
274276
1160375
1053235
1822916
420
1776627
1675191
1429748
1969635
1183603
1603415
2202513
1018149
1314404
82262
1812793
658902
780182
1652163
201601
2188020
1343055
723039
429887
431512
1415549
1810188
20542
1685634
1653239
2139854
210570
43111
3512770
1160967
248991
922384
1535107
1232223
1181174
688382
88176
817174
1919062
1547748
208998
2044365
27554
173865
1602921
1553271
963877
1021583
382042
1816192
712376
1493143
1636473
1961283
313727
1974367
461364
1405119
1853553
1374621
231747
1804970
2260961
1613624
1120537
1405574
1483396
1515170
2019117
75068
1280237
1802519
1815491
221508
1581289
1024212
1898596
87057
2165208
2071163
1611299
341934
1466728
1222417
2044611
290244
430360
1294950
1186085
298175
438641
2191317
1582541
2098534
931698
455458
932619
29042
485125
1581350
279688
92519
2246145
1055748
1807175
1098527
69186
1480208
396105
1742403
1341957
828154
1892791
279824
1706011
2187087
2209694
2040921
166246
209276
34083
2123398
1891924
622287
1194237
2203970
1467538
1415666
755942
1901565
1522662
1360839
1206114
733830
320098
1897436
153486
1148892
956502
77275
1483307
1515151
81789
1006822
1681124
1939383
1637504
1431949
147377
1937044
2223742
1782597
93721
1218966
1819313
1052899
1631028
65599
2050085
1557814
1092365
788530
1839105
84801
1868633
1720948
672345
735458
515065
1717787
398967
1184222
2258857
1514444
1864177
291284
1762424
1532338
293572
292021
2917753
1062671
1827412
267135
2304141
1811460
1462812
1775394
99721
1801416
339330
1875697
1729805
735336
183358
2263834
745569
1607958
1315100
1706059
921856
929759
806376
1799969
1632673
911110
137165
1702581
678461
1054400
780917
2058787
1661885
941299
993270
724343
905046
1387259
1522898
522818
1829196
970946
1559935
171692
33433
704161
2276962
1667483
1265890
2134007
43366
622209
79745
1606061
1431005
198171
272846
1562308
730119
1187297
1219214
1911346
2541785
1266548
1139305
1950880
279756
1418478
769213
1544394
2148625
1565647
1403949
291043
917120
1475358
1728721
961451
2274673
1770197
3851
629757
722235
815846
368261
1441095
1775842
1387318
699318
739787
535293
1301658
100733
942469
1398454
1200529
1608897
1844786
393496
1607321
778551
1384827
898219
293573
263806
1548626
588859
37318
1602151
1599338
443637
172360
1909493
1560476
1877451
35972
929297
1270538
129961
1937596
1690778
1276770
674553
2162874
3988
2448036
271882
1635625
1902434
1353259
306156
1309271
1076374
714576
48858
1345364
1628483
1877433
699391
2024584
1164688
1258135
1352360
2395958
1011398
2200808
121589
1263997
1314213
1352785
2321258
134610
2081397
262861
1429328
852263
1893007
438315
538892
37304
535808
860136
897981
453728
1458377
80410
1762724
1846881
2149527
1181369
1427479
1610523
1273159
877335
920383
1882302
1252702
1574311
1691200
2292884
1955992
135177
888837
784893
1071416
85730
1216901
1631954
1606883
264370
2798023
782330
1537587
843143
291553
1481150
1372384
54697
1429981
70040
1863247
1559476
752614
1869324
1475254
1131425
1814488
1666338
418630
66336
657034
1467283
374114
2432624
2196597
2012301
1712624
2234039
40505
1812575
847387
427342
87204
808995
1227264
1328726
44898
109938
2039679
1618406
44780
31377
1183257
514514
269962
1366280
864468
1610852
1397316
2132330
1802693
1609590
778051
2170534
1819853
1899815
100392
549629
200274
1520956
1809202
1025588
797218
695823
437400
1572874
1099752
1856299
1483063
1347140
31532
1046630
641439
92476
1896894
2090201
1534446
1934193
395233
1294238
643605
299316
712147
1828835
74207
1205907
1488959
1591835
797131
486513
214135
1736729
1780941
2255708
1812546
2128503
914578
1401477
1255796
1982349
53380
2142881
1854204
2329584
1414507
1877730
261741
675223
674476
660526
530122
170143
1815839
258
1459189
1680928
996357
1183259
1636723
265791
1863870
1838381
483375
1922262
1281693
1589105
1898523
1742936
383939
941270
133962
1286617
930498
1828909
93021
1584114
1510074
1515487
1610773
2141777
1756027
2946455
1827146
1362332
1941572
1950028
17503
1453718
436697
132551
1385941
1517809
889643
1804773
1707403
1360357
134466
762047
1431981
1801001
243848
3987
1790103
1461832
1073731
1883937
25560
1574064
1505919
1865744
361786
1966581
20538
1854034
1524792
769831
477442
1799855
158376
1669058
1509639
1171688
655680
942060
1601126
211429
1839599
357388
559372
1949275
2241345
2139224
464908
580587
1227137
141067
1505345
754799
1770622
1454623
1644700
1840047
2048478
895076
2197250
510015
1155150
1514771
1466008
1343543
1892789
1805005
99435
46629
1021251
266778
1589443
790218
1627149
1083055
2392017
1073922
1516101
1805758
169612
578495
1209152
1200112
95150
515641
683086
54373
2233764
1889094
129641
1971394
1173979
633379
77670
173681
741949
589973
173114
263069
44805
44882
121582
382043
1321810
1455296
1570860
1050849
2205157
1420549
605403
81995
1170163
1645685
1209163
1950314
108614
2047630
1934328
2171102
823871
2005568
743818
1269453
187378
1609715
2229521
586763
136910
791322
1105180
1466402
129745
1252544
1784328
1652396
1921095
1418862
1545660
731535
933635
1385415
1632337
2159649
1263354
1536685
1093507
1112193
1628216
2227897
275517
807867
726185
1560694
1176063
28068
1516525
1633753
1683487
1761536
1571448
720746
1400375
753915
1702312
142501
1645888
1560478
1263036
1765144
85854
659
2483136
1163722
1454214
1637017
936026
1431742
533622
1876017
1970128
2037317
620909
675241
354828
1515054
1894677
1524133
1666351
848757
1780825
666877
884122
90780
1297625
1093392
970509
1122817
758133
1836274
641441
129875
1829729
1707638
1677428
1418604
555291
2159668
1829381
882805
1554636
845013
517570
857431
627003
93732
96351
1707233
484778
512128
119238
2104149
1399371
1271279
872519
263368
1853394
1593985
2061024
2258980
2254920
1417261
2197366
614213
1142643
716786
1608992
1128915
1260616
59381
1425091
1518159
120864
1315139
19187
1414456
1452251
1688004
883323
222274
105659
1969007
988397
1517665
439845
143033
1926214
2053858
1578837
1544062
1171254
186946
1370251
50700
832841
840338
2226700
130500
2037305
1778051
1901784
1928883
1184750
1389880
30972
847810
570331
515360
1768332
1053519
1514249
168085
1745037
1917098
820526
558282
273639
111471
177874
1308410
1613232
795431
1557726
477692
2060301
65455
3963687
1404802
2150734
92201
1345365
1725532
728877
537887
1783814
2055096
1898552
535188
1757943
750097
1949551
1843609
732319
1939838
1154745
31535
1524469
2176497
1627623
660524
1571120
619513
1401010
1958594
531640
29563
1898484
249905
820480
123004
350566
281542
1870441
257334
1615498
1267599
2076908
1858380
1797366
2087890
1380299
1291653
1728697
858389
864676
421532
1937845
1623220
1889137
863542
1610748
2117450
1852884
75185
1699369
1538727
1484279
38115
1069608
824622
1020564
539531
1250833
1892411
819840
1982343
384411
1474956
345099
1769131
1768387
84358
1707939
456922
1256178
1782568
1531876
484890
1319684
628995
47686
2055201
39241
1101356
34819
770618
1627727
1576395
1020301
25580
955571
1776019
1069973
714026
19532
980743
847315
1020713
1569213
31950
1762733
908097
230090
20528
339959
669222
1289645
557320
2258197
238714
1473339
350513
141776
676998
457009
1881692
151904
774513
95954
125112
636687
637473
1077151
445671
761601
2224119
517160
1209277
1380497
582481
1682494
1077525
1314884
1564440
783878
1694787
2191588
1292827
52338
340924
238709
1370207
1804341
204230
2062363
1634180
1090291
1825833
1259279
21184
1543201
1371131
769389
2795859
1487299
1460058
1573008
1052979
440860
822403
1062552
1749900
1725613
2010413
1391940
279607
449579
1292079
45368
358618
881416
1724419
1195146
1161162
1589444
84571
1034889
1597472
1493532
2004536
1733441
1773499
519940
2202785
2335812
42998
1264972
1532202
1012384
2025941
184241
389719
563478
1397879
324175
1556368
2148471
1250927
1026094
765566
1939638
2223547
1396152
1829038
374730
31819
171125
2197068
149879
144453
636189
1185260
603593
1377243
558774
668313
131363
2194435
396353
1418648
1705607
632523
720863
2314786
602973
1811677
164409
303160
1572855
1319344
56794
175733
441848
1100082
1329145
189292
636591
1150857
1093529
89148
1375890
1477714
438096
1529888
1942340
309077
1022040
1889660
209990
1914722
1218060
1442759
168104
684590
102067
2006725
1685245
1777304
1696178
1950964
260348
437882
1724940
1791803
978382
1215127
1357034
1982342
1636256
27034
1034620
1936869
368558
1460422
2131105
1611187
202072
1506923
1796684
1075432
243487
2219848
2151202
459614
1588686
42100
1127204
1419961
659319
441128
1676829
673736
124423
87340
2014468
1294877
1816330
1454845
695830
676512
1555610
513551
799508
1762426
1389366
25662
1594853
1845266
45958
828940
18874
227373
315835
1601046
1756270
291839
69350
1059855
1543093
747755
45642
1577393
960918
1530620
802079
64689
1900682
295824
69224
1492621
725163
2341692
1736727
1544786
820241
1180703
1451267
137325
1514712
1474946
230305
1416839
1654077
101628
1412468
1022638
314014
684797
95795
476047
534080
1837415
2058786
1512179
1850300
336014
1378624
1073275
930163
109759
673286
1741063
1516896
2085408
365
1519973
169450
1396072
65390
2099565
1145134
2245908
781370
293188
2232761
1149000
259277
851611
1285526
973437
1610063
1517992
1100939
1732279
512423
1955741
1232328
1461270
620295
97922
392786
193925
1184647
1575382
1636975
1585599
985336
176960
1107545
137205
244182
957931
1004237
1123757
163570
995835
83551
1467050
2116764
671750
91462
1300077
172611
157200
989370
1483352
1635440
428275
453565
1126625
73473
1543888
827857
1636670
1885376
251629
968739
2200083
670804
1659929
453357
1753408
1902599
263618
1181073
1704766
26730
269032
1655728
1694029
33504
1428263
2280200
492163
145418
1256349
964065
510439
1454624
188961
367559
1980708
1355245
51084
1725490
60999
1256881
463016
2002824
776774
942386
1514684
1270292
1302387
1368678
1372704
1853799
263614
1860882
28035
1676233
1309215
1120161
1822293
1736709
691549
477040
2061106
350770
98415
390908
1541288
2171061
1538177
1575632
1758874
2204227
1483698
1004989
1262435
1139773
43568
1689770
70491
772987
153988
26808
859607
1698745
2074939
39136
822459
2099729
401894
440787
1066244
31379
157287
651244
1387651
217651
1322412
1700725
1230832
1163952
2132856
1480224
2210582
1443198
720613
425386
1841869
490260
674696
1864216
1290043
1382091
1218731
595215
1816785
1891471
1513044
43259
1636988
1619720
1929543
31444
1717460
1802687
132413
1147649
1278484
20567
921857
870565
2143040
223087
1804851
1994802
751664
1006187
253449
1628219
1192895
290422
1770770
1933499
865167
1796685
90987
91354
1273193
22116
795015
1500050
1611060
1088979
291371
794985
42249
830311
1314964
1401890
1939642
717345
1945751
229699
256545
1599267
1413829
1914600
664237
1488906
31801
824521
1131882
615225
1047136
1425722
8707
1821081
904386
1077949
964625
1361935
519120
1258138
272980
1161891
123478
45460
615539
1021825
2331556
2284961
1249502
1474246
69670
979230
1911347
1291030
1526560
1028901
762034
698742
1675759
1679391
1053188
1620385
164927
1726474
1382895
1491266
1310798
1649183
83215
20537
441828
1183232
1734015
1289945
587481
526967
1527508
1537313
1166050
1530346
1421586
1626718
151571
1653504
470315
1762728
1241508
218460
1356145
1614054
1819801
159874
1923023
985955
466729
2051023
1896732
1975970
1679392
2003948
1936116
537822
1480369
1012197
48749
1954766
523822
1129371
1814791
979405
172612
1186378
86432
1479983
986515
317447
1865385
92961
1477261
1376531
1549121
1242792
729460
2090713
74006
1536777
117613
1899839
169639
2453523
41910
60858
1941522
121269
2254089
1582583
2102788
873832
1301187
508894
703465
1946856
1911076
1215136
22623
2039587
86585
2364268
250821
373841
1822450
724440
1426987
655589
1533316
1594026
1443533
763201
1414506
730770
1507863
1532186
657476
1572367
1644699
1262582
1530410
43617
380476
1138260
1578307
1488231
2135907
78045
680703
256499
96936
45459
838030
134232
1278814
142856
113069
1520916
1738914
1319699
1510355
1522181
280804
1659596
789767
1324311
223815
291592
862642
78171
1098281
1355254
23254
1899826
2038838
1783725
888011
1085133
76305
1407932
200125
1963209
616929
2129694
913346
90172
21677
1706328
954738
1432015
1278168
457257
1613338
442243
749317
836641
1102148
1012880
457833
1759876
1602454
94368
986752
2097994
904557
1643085
181717
1474949
1298386
558078
172608
1132800
106494
298176
1368008
675840
1415360
2316007
1660623
1282790
226319
163054
148512
279394
545555
1163867
1878282
1572147
1074378
337977
174720
1558892
1156669
1431021
1213261
143989
2145592
1360728
81668
1710373
1682472
82799
1929341
1565997
1559582
39209
735051
853926
56736
1914105
42333
528219
154207
1378906
155929
1037315
229493
340104
511559
1525006
92071
211093
1228200
454289
287269
1684607
2004646
1601030
9633
134963
863579
1227513
720587
1658726
1124137
816125
408494
1068384
608461
1132688
1263357
1634767
1776020
1460444
297350
1748801
1889563
695587
696197
1605510
1158287
673058
1465465
147449
1914650
1175016
4295339
1343645
1074902
569737
900576
1265869
153922
2068130
205022
354253
1801973
1707138
628751
1242789
1584616
832140
1118007
112465
1841189
1608685
1812658
1694595
574163
1866415
42076
864268
1484910
1269444
392784
1253771
2037348
44804
497860
295484
1110592
2100765
500194
1889456
1543870
1621637
70764
138552
213219
2022724
1498977
1752312
123083
135630
1239244
1974023
1547913
1183889
1335717
2090845
67379
1829878
1475932
1383592
1500994
988328
1417128
932458
1522929
1618411
677742
762864
814150
2079144
1652637
292096
793727
81577
1090154
103438
490679
1520775
380935
744221
137326
1930070
1519257
1627635
1489625
690207
80197
452042
2170153
827301
867282
231099
1376980
737733
266523
1123277
72419
1685252
328411
672235
1646754
1288450
1799198
95431
1671982
1804768
1587830
1814995
1906658
224222
318240
74852
1311530
55743
502575
1342993
1823164
703467
1378704
970554
623013
165325
1477684
955736
1847637
1460352
1778346
673823
1502770
744681
368840
2361517
44526
1360578
1559974
166139
674125
1622298
531556
1283463
741530
234412
1775840
62570
1959141
1379738
1862183
1594729
1542344
381209
1931597
846263
206199
1657468
739593
587103
1085913
2174369
360350
1345343
1612691
2022690
1620644
321557
248490
1740156
1394344
1631570
634879
801054
939552
2279326
1119043
176432
1064930
1531842
240064
1909546
470009
1912651
1087689
1520377
1448105
1418341
1532201
1383192
50701
326550
1608872
1838159
50625
1601863
34652
93680
2004679
1177398
586757
1468242
565343
1620060
86352
616927
1589541
1700735
2247081
1385091
986609
1523968
1237033
1321377
1441454
431766
1148245
2099394
1629316
1848301
60743
169271
45211
1740157
48864
67086
1032498
71654
1033429
1478163
2122875
1096903
34211
1220369
944710
3989
917817
2062498
1372343
79528
1670402
649493
1841566
1341644
1699021
1503605
1205138
1940335
1459308
1943984
1734231
1814702
1704259
1126559
744305
1658312
106156
576985
1130958
1768386
1249100
1617047
55985
1594629
779416
2011561
892583
923724
1752313
233067
44848
387735
1383146
1613453
821916
1971795
558144
513847
691531
2390474
329967
1562274
1602967
1521032
1362
1573522
936412
435433
1437528
1348013
1303666
1459309
1991368
1514197
1592913
1667532
161686
1905281
383224
250331
1649679
179353
929777
99159
1468472
1608546
1676830
1304814
801441
1985884
1282141
1692232
66877
1454625
1264208
1736353
1431834
1092366
207661
1078178
1477963
1885268
892543
2107632
615227
558049
1228822
33664
653685
1480264
373915
44615
667729
415913
1687762
679242
263382
1255604
1466124
1776029
1264401
647685
1501841
116169
1803859
1084821
1498150
1660656
1450274
652391
258252
1548094
1284946
1021398
675603
2410678
1494458
191203
1545616
1554966
684655
250890
1539871
225493
1255391
1475734
103952
630593
875945
385559
1674220
453781
744674
1056891
829238
1331163
272291
1602966
1322451
801439
1849243
1955971
2141085
933629
1801261
1861943
490185
1219692
1219689
1451992
1230910
460809
1269803
1194148
860750
218372
1262335
925955
147327
2004806
1218409
1861551
1098282
1108713
1526255
172619
653326
1559937
1043089
43393
2104143
1099573
30739
1698540
737908
717669
707786
1425092
1522240
207304
1765854
1863231
778550
685230
52278
225658
1515937
159864
1497813
1289421
2115739
893458
1599851
2431516
824665
1671024
748957
69404
608923
1262010
1452819
1830300
1397880
1411503
1851041
2276961
980800
647119
1678502
76306
1256879
2165822
612655
86293
1364062
355154
1382126
1866254
336
1635980
1032103
1224537
1704366
635493
20529
1660133
902873
1714320
1587909
261725
1552314
154285
224416
153379
1907906
1961270
1517482
500485
1735858
1581953
992281
1524388
112792
1405980
325306
150238
793620
105798
306038
1547489
1518809
614215
956904
1793142
1371893
1460396
893696
1608475
474190
1288499
656534
1251791
1432511
1010030
44727
1356548
119886
1480578
1836302
1938845
4412729
393104
1864884
731459
2058790
2512182
1390392
1678640
41016
1713930
1611183
517432
1461469
1720950
52276
684781
1183879
435991
1284595
1725277
1848866
2199223
1862795
1267717
1959587
1519694
944546
1990445
1559211
1526823
116988
2059889
1220407
45884
2097993
1978458
1621175
1407734
1896298
521213
1508196
883125
807983
1617477
1991451
643607
1997286
944966
1406769
954995
1474649
36207
69828
2117763
1056128
1235792
1366184
48632
1169865
1200839
1062037
746099
1694017
2010835
1413068
1158632
1092392
2188149
1614513
1580336
2582597
1721838
67427
68036
1504335
242609
924463
585433
1187325
1102229
1987500
1571811
1349204
81501
54788
1262895
516723
793115
1463190
1115269
252812
1308511
564037
1451019
1024770
1922425
210359
515828
1987247
1694470
446157
128484
181384
618691
476048
19055
824937
248474
1444639
1867048
1434696
744550
1020665
1187922
1920436
499159
715094
1810827
1319936
2258753
1568530
1735076
1858751
2916636
2291586
1678955
216024
1806005
1181741
1252615
476481
531114
891496
1271851
324707
2272609
893468
1538740
1454083
1315459
277210
1526023
36206
1282066
528161
1529702
1828344
1200758
786315
690818
99962
571591
105531
1428633
923254
85744
812884
1364440
1083192
648038
93432
1270458
286577
397534
1565351
897968
743343
1849718
1008448
57384
44218
1415531
515547
775366
514515
1410343
1916521
402496
90193
1500440
1324653
446612
872455
1700900
143798
626001
83198
621703
40637
1183258
2226669
722238
1698327
1102401
1275999
1437878
1831845
780256
1272069
987230
550087
1766790
1467741
1435203
1312436
1188553
116362
1852192
1155333
2139059
264402
744675
1057659
2003510
1482039
1152833
1318243
943246
323769
1431578
1615825
62205
1207462
1032303
1071125
145577
1882716
1948049
1784485
360301
554956
735564
813166
1093594
2108227
794077
1264192
1575078
1562169
1300365
847863
1860184
1730869
53291
147656
2266413
1633045
2021785
1790806
679826
12506
2149729
1628257
541431
165439
1269592
982600
109184
1888184
551273
1413933
291431
1050580
1579923
160491
1865252
153515
709078
827064
855271
1577413
106475
1385083
177162
945032
1363523
679485
674308
304179
158870
1715939
12789
584643
1438078
458638
264643
896915
179223
31906
207659
1607407
1811156
802211
87207
1911799
299041
144181
1434539
231155
1631437
1311531
825776
481079
570975
1212291
781873
1037368
767189
86080
1751857
1368570
1103552
1025946
1087620
1796280
829305
1368790
789819
1667882
43827
1647036
962854
1618407
1302757
71571
685821
1938322
743356
1571318
1289155
1346979
72402
972844
1046488
117427
763294
1036546
1320856
42113
1078157
1570181
1690124
1530931
1621867
1218448
1032436
84538
1255280
262595
925214
1256622
1233524
956270
49174
669808
1607986
1091309
1576396
980637
1411450
1881839
361734
1349921
1852468
1749671
180602
2198045
1579562
743104
887680
92762
1125971
945096
1267534
1284947
2006609
399026
1417471
135658
428196
1128609
763295
463818
1433789
1725385
983896
1418133
1178481
731679
1559778
897869
196643
81346
346804
285964
1692461
1131901
1552278
680297
138895
1032374
679341
1469159
803704
201522
595105
615141
700473
233012
175397
1122548
1382739
527001
1259235
1399400
1227255
1496790
34154
1385089
155744
441321
487601
1926666
105806
1795425
936442
1898553
1586559
276006
34624
889731
167387
1900433
30882
260236
2072061
954582
1222361
2156077
879155
411544
796621
1383388
1688191
35829
1129923
460842
705801
92154
124246
703419
1479348
518792
791319
1803382
1728722
1917356
1403838
313165
898114
1346000
648072
115340
1602633
1940052
813399
1570668
173158
561116
25561
723290
334549
1723629
2164773
307411
1139277
766204
546095
738062
58371
154913
984516
1645699
1388891
1053231
1148949
1895683
1730202
1377407
741619
1607294
891650
329283
779653
1777490
258342
1119026
759902
2258912
866938
193252
140886
989954
449202
1510212
1919496
1333037
1070687
1357823
36744
1519064
114716
496143
1893199
713935
937647
1481178
1168376
486511
1455666
759821
1242688
709258
2198418
933310
180452
1266392
2447173
968350
22622
1604424
312375
1342541
1097096
677687
1514697
381977
110846
738231
53015
1565958
1782851
1226567
1303667
791526
903261
1023450
304212
1342785
1561706
1620353
1409614
1483773
1468470
909764
1894675
330985
1262879
1514216
1453395
1656165
1762730
2283279
1596819
1328176
1403923
1512180
1811192
284951
514517
291373
480480
1034621
1054758
1718672
173567
1099356
1074466
82821
1985590
86077
1377
926749
576149
1549297
1778030
784974
876810
1028396
677220
1566969
1287363
225301
728434
2123554
1898639
1660976
677872
1745945
634245
2259975
737878
1830532
35819
803402
840427
521681
480836
1575178
1473605
1570479
2229522
1041728
114446
1510351
862007
1892859
1319345
331487
139077
886547
1187250
819859
1574159
1488391
312784
1324279
1670010
679241
1868884
331594
1783880
680751
1123330
1493531
668723
1477381
581931
1931473
845191
921252
1581404
1562307
93323
1717104
2195986
174882
730641
1464101
375035
1085584
1784482
1621159
1591583
1373371
1022108
1186057
1274763
963764
1233523
1547910
1764722
133928
2138831
1740182
317551
1649461
1556636
1346558
816128
1058615
1443094
2271054
1121955
544994
1283324
132685
681663
898830
134443
1429742
1175841
176238
594331
81575
792951
139000
1262421
73958
1527650
1196739
596549
1631920
1897700
1184239
59575
189746
1247743
1913574
1464997
168700
2148693
1745506
895331
1640142
1147050
2176571
1203967
462112
58970
165461
1429617
1474944
158495
128870
170376
1305675
287270
1607651
1295717
1716714
1366053
1421366
1206116
1199362
684534
1383387
1018250
1526561
1815526
679878
1847730
885136
174322
1855593
1270331
62278
882615
1430977
530822
1762729
1175549
1540096
169225
1382659
741612
1018869
1070639
5480
73817
1511691
994043
1261446
1020725
1102830
1073361
1071565
1564329
1432365
1657042
1088962
1118551
1490190
1173015
382055
765567
1501452
1356757
1163989
1811898
530358
298157
41840
1843242
1535295
1247650
949233
1826966
376612
188120
1692769
963261
688081
2202563
1056579
1566177
1248136
515358
236584
239265
902037
775380
958496
965550
2071313
1827937
1601869
1033431
1609099
1745864
1421055
1599012
540796
47328
81592
1384676
1647010
175015
1460735
973208
323247
214235
1605112
4090276
1395958
2010506
1661013
659439
2391388
1227262
1454925
1192759
1210038
2248530
1551825
137770
916571
468186
393811
833388
1428231
1058297
870353
1897546
913258
659015
1922460
57168
1461034
84165
308593
637623
1127439
542640
1506605
1005624
808785
1909761
1383552
1320857
1879764
425643
24577
1847155
1535688
463505
1505416
1324387
818772
315923
461045
1215385
1188777
735074
1744498
249904
680769
602259
901417
829261
76414
32836
152218
1157993
808621
208927
380937
1696087
366241
148827
97163
946202
1256136
117426
1954825
909391
173015
121429
1328841
130528
712522
1594479
1484374
1284722
1382039
1824193
2134008
96763
701005
2234706
1414041
1720951
1183810
1784076
520270
1640134
1569408
2262001
1301967
438317
628139
758134
676506
791320
1366189
1543516
1589542
1183858
1400763
1650078
797171
870295
1660231
1560008
324614
263270
913347
631413
1192151
1363685
1361
769314
296250
671657
920978
2361638
1839701
663819
407314
1725587
1976241
719283
912123
1518441
1722761
1402613
2020905
1194831
344578
1261790
1133289
110536
1734011
973159
1040989
338999
1215687
1537938
822507
976913
491095
1806804
100552
1428230
987400
204638
1282496
1189150
1267977
1503604
1502841
3481970
181512
1498981
1745587
170677
1207825
42244
978408
1475861
1197807
47632
1236720
1795028
1256532
1082600
2047631
1579683
1657662
1324919
1686838
176339
1512106
1430626
230306
258147
691384
1272916
743675
844712
2024585
1442920
602881
874785
822096
84940
1323359
1518429
877963
640501
1074214
1406770
1357553
1544182
40415
1461758
1103758
153896
82766
1827525
1245721
125957
285431
1194585
332035
789771
1621035
1102145
898887
505808
1634735
1541292
2159664
1588609
2244852
1443639
1484422
1054741
1305841
1139591
962950
28390
277080
408626
1511130
553034
1522224
1679268
1120752
1296859
618867
1971317
1180037
1900061
484466
89609
844182
1543229
1907737
866621
1529704
101780
1588233
1213767
121244
1654061
2199695
1437849
1267738
382314
2228256
1632428
2503696
298177
1503150
1184341
1590547
1744514
500486
1707114
1864236
818022
841101
1478635
2160224
2274390
248050
1464035
1186953
723731
45208
2158529
341459
67525
1890484
179820
2259304
999566
1167700
714528
710682
722236
95690
1926576
1488233
1849944
1056524
1531709
556312
1715879
1969345
1515668
1472989
1445845
81781
68940
147635
248039
582409
1189706
974873
37418
151669
1463295
2129146
582999
43657
429759
2008876
1492006
36614
405716
1083296
784285
963263
1457923
1787988
2112355
1562306
859007
1427503
1527935
675171
680653
505273
47488
1713693
1194584
1856878
1864720
777242
993162
1411798
959408
1437360
63605
1460611
2328121
837665
1373905
552660
926583
1560
1222646
1496486
1588963
41325
936797
2229581
330237
954028
1543927
1762727
172662
875916
19538
1902598
1825814
1053234
31197
1461686
1385056
147086
1636725
737426
734432
78980
665129
120716
845793
1799844
316622
1366918
1059390
1519955
717344
313960
1355094
6433
267979
92881
1203638
1374717
220535
553728
1284596
1908633
1580331
1508788
1554231
967246
1516728
1320642
1357769
1578203
1717797
1528295
61093
930497
1235730
1257362
1404769
211230
2320400
1486576
1210444
1219509
943403
86546
166841
1243712
1104872
525036
1515735
2187431
1439002
1508567
1714346
1710692
833431
458280
1600390
439846
1349923
211800
1619215
268080
1450027
1457053
700906
278446
380506
2649172
1771677
720172
1180149
1349186
2143230
1014480
2320228
2180738
514518
932618
2101826
2015482
1151793
544837
1713104
1079540
1122882
74276
1699350
697266
1095953
1826474
1454910
2125004
1512178
1680531
1710990
133398
1404804
731450
1154822
672178
26547
1674100
1260803
1969904
1055781
838936
765392
1498876
1318727
1775442
1474945
1855088
888594
1033430
3098080
1879415
286685
1843583
1599000
962236
2229112
1655999
36496
983692
1442760
1093244
644789
1349605
2359476
1740184
1679024
813850
1509414
1353275
1370137
1059389
2189242
1027952
1607372
1570183
1961156
1041154
89720
645355
1941672
1348014
197813
471364
2271859
1026281
1584092
1784056
2091027
945682
893877
95070
818367
808873
1534724
2261197
1501502
1418838
1469689
177876
761600
271881
1939639
1530254
615719
2097995
1412353
440570
1383130
1003885
1335790
1406632
1346125
1279551
1523163
1732281
1204670
1936309
462218
1576397
400266
366596
1574310
620103
1501843
543449
797014
700000
1842515
882185
1317542
1568923
210528
2141087
1269345
403262
260830
1582620
2354905
367006
2257972
288177
1639114
1843278
1287590
1901389
1204111
1257060
1085585
1874243
356077
143223
2611853
192325
1232378
430587
715316
1717462
1721390
1950483
1099502
691687
885030
1786750
1403948
1563138
1594858
221510
578497
921858
1114240
118913
630409
1737682
1267078
1023085
143855
1517345
709374
918524
660527
354045
1227953
1615750
1898517
2089679
516333
1769122
796622
1180151
163845
1463197
535595
1496724
1940930
933022
582975
1371454
502055
24266
928841
418631
366578
31038
2323645
860388
2071047
1056622
80198
1438885
654453
2173806
881353
485244
599979
216151
561707
1788615
524210
1468243
1011631
457727
209440
905539
1217804
339331
847313
530124
2074624
342120
258187
1925408
1004016
677963
1788569
1588070
650380
1679458
1558392
1765853
2125386
834763
667216
373272
1659942
804268
1889984
1355253
1241226
1261939
1398370
463011
942816
911109
827943
1860937
1148798
1617743
2075328
1308512
2203453
1438651
1125454
627793
463933
1688334
1561280
1429698
975982
1923278
121650
1822753
1600301
676885
1519342
1383553
195625
2150738
1754516
378964
821833
689274
1706333
335
1344634
1028286
1017602
1159672
389720
1603989
1876014
2040745
1528380
74208
1274501
1874928
1506006
277325
164616
87484
1291655
1206339
1481894
1307319
1156129
1596104
612705
1178153
1020549
673074
924931
1957782
675847
1732357
1861167
1093774
2048927
970140
488373
1515866
1139717
1392501
377741
2257177
668549
1299360
1392009
1046347
95895
90959
794078
1764542
1484413
1454329
649369
2071195
542743
1505854
1396423
189293
1803430
1186086
1844625
1536684
2535401
964270
675986
1333150
1693410
1566297
1206115
1822102
1818816
459591
2022729
1295814
1426677
1840048
1161831
2227991
1588081
1896856
691208
815335
788426
787242
1854512
1986012
739556
726335
489001
130744
1699933
255309
1972430
82709
2041788
408161
1004510
683799
1500101
669995
1286255
1530702
677754
1502732
2201287
379261
1343878
1942554
1817722
1528303
1396122
920985
1150658
1468469
2240235
495210
1160293
1359564
2283282
1321681
526968
1818777
969667
515455
271917
1684137
1988626
1781024
1250973
2081396
1412370
1415674
767988
85925
1245364
1914839
234378
1124841
1713953
1183261
783400
682005
903690
1765372
1608569
3410824
1657611
641443
315030
1752314
1640237
2009966
884398
1258137
1219573
788789
527699
1240759
1709651
1919576
1621195
1689336
1551319
1494656
1572052
1419710
2044361
1980908
1601346
687196
883235
1186317
1495760
1273194
1445839
674765
1354320
2112901
1319167
1289398
1599268
93722
1219690
1351491
799949
1217654
283992
1621638
1032282
1288719
1410353
1484253
1468245
923725
1617952
516545
1081809
700829
898890
18919
1385698
678670
2097613
196642
1367293
1377155
481346
1809536
1423987
1481386
1982348
1942676
1681556
970438
528221
119743
342711
1503602
1618048
1554110
2239675
812916
1286618
1269264
1070024
454290
2084627
1631180
128533
215630
1703489
2364396
1538507
2197308
1085199
1363677
1939271
40882
1296966
534419
1469909
137988
859250
667360
1525818
1900493
1975658
2089332
1541169
1494120
1189930
1370179
1932099
2127011
1508350
1716479
1420728
246301
905341
2191673
1366033
974017
198051
1571291
237239
1516984
194935
1159424
2103429
2180452
1522625
1431579
1937290
788159
1909410
1411797
770587
1282057
1601797
322705
906953
497504
867535
2232211
161374
979433
787419
1807480
553189
636661
1882558
1158418
649598
463757
1747119
557034
442861
1419101
1179346
1911344
2104262
1695924
2116174
453724
1609452
1912338
1018918
1925164
882930
1074792
91067
1133321
1565966
1986395
119376
171799
1128444
764560
1474613
1349504
510440
1970350
1700921
1759943
197226
731700
54637
869262
1454466
605555
956438
2025943
353998
1270874
1046490
856375
1010067
1228311
743036
624041
1279289
737427
1829441
1566982
1497705
557687
679342
714029
747885
1841186
2165823
1251793
984924
679910
614217
178355
692454
800537
1196610
1900907
2089987
1416382
2090848
174517
273640
366642
1619998
876178
260128
169608
678472
2263837
1140364
2129695
640445
73780
1614281
1569099
484310
626509
108158
932143
1430518
777684
1080851
2039819
1544811
289090
451713
1930334
1378909
1035192
108093
72470
1090931
1579635
1887306
273827
46159
64702
1175503
2077100
943414
128323
1172897
213786
1855615
47682
850263
1500995
724345
1301671
187590
505064
1486189
1092887
1367808
1512436
1936877
29718
217224
1589871
1964759
1745038
1942245
872885
1574313
1255607
752315
1570475
1184636
725557
1519723
1831262
745389
1698981
155790
962398
1057276
174415
666552
211801
1513309
814686
821339
945107
1495846
117000
1911626
2190801
1523371
145306
2048479
299415
1305515
1186501
26678
1977553
137383
169903
90887
1887375
1289941
139585
1311888
1479910
837224
1370553
714221
1582772
22797
2077573
94457
1594731
1625120
486512
357101
1315252
166718
81667
1272042
1074249
1413069
1755181
2183819
1014481
66722
956042
1737971
2093043
1391413
1473035
813888
680100
935997
1128249
2433380
636665
76832
1928891
954168
132518
1275104
898980
355155
1818990
1864745
458254
920016
1522655
41471
1140801
1288742
1530240
982373
1388977
825991
217589
81498
1692475
984293
1310291
1700020
1829946
1617643
2167880
1706624
258788
1577415
1913691
2271271
471200
139871
678090
425387
1404805
2431517
137818
1382038
1168340
676109
989091
1592914
26140
415593
1821320
1161481
1712066
428321
1287670
869818
674691
1968614
476366
1987976
1264380
1385710
75431
2212503
1291656
665369
1877636
1269354
720225
250577
1287528
114427
1771685
1979618
314170
455670
260349
520080
1219691
1857849
1548318
1520652
909112
930450
261704
440206
739212
373718
317469
2008383
1470209
2067194
823197
220665
624821
651979
867512
358249
2066667
1145829
1487300
1935722
130708
2004535
142055
662212
105978
1562989
1711946
281006
1713272
36574
1854047
2221479
1456969
1118002
677541
1508536
1455782
669809
1510874
585953
1472988
188690
2008154
653201
1245574
1534435
891859
465005
1463715
674825
75931
1111679
340970
176433
1933464
307062
238715
1468010
1908513
2090802
677088
714641
324848
94847
1746421
1955973
1540186
1295369
674279
1425927
96006
1560104
1188131
293574
1247976
1159101
608765
431846
58012
1433311
1767258
1867697
1427327
1145628
1695926
1168985
860959
564473
108212
1229108
1432727
1941025
1320858
887682
618525
1909247
1486648
1939427
281524
1270085
410959
1796454
72471
664387
101311
490439
1027968
134611
223407
1753641
1270407
1596106
1071126
659785
1267088
1437901
1902846
677439
1466692
623243
2211114
690784
2097661
949232
1021401
1220571
1211803
152847
476483
867643
142074
1902800
28819
1172725
1070112
1992104
1483398
119883
1064691
512469
1071233
1762731
387410
1246373
1399703
1061240
792410
761420
1019439
2088717
703420
1946251
1628132
680651
1230041
2081945
134261
1201410
1282065
90030
2085409
713703
1827061
403332
982558
332921
956188
1917837
1932953
286004
125434
1445667
972015
994479
1145110
1180696
135141
1922462
1575102
765568
712784
451841
246110
933676
545390
148911
433613
1878523
1489215
1218154
823872
1296463
643779
75527
263230
1900436
2315132
747459
368452
1619280
1584615
224480
665506
1249018
140112
677631
384410
1872378
1255332
2060684
65592
502973
528060
1303668
696191
848235
1409615
86482
1961324
664228
1428233
1776103
1800736
182769
1084695
163984
1897996
869975
73349
1749332
1947419
219350
1255608
1269810
1599095
19188
30870
869677
1312373
1183234
1046851
1084373
1589033
167864
1702220
553225
1099395
1518548
275088
847992
1004512
137144
998901
243644
590849
1588610
543363
1855223
31651
741377
1421504
1468471
1311365
1656166
1414505
1062525
172894
1773095
1512557
95039
675038
126636
109377
974597
218922
535335
1090290
762761
1889700
98597
918668
1257141
1017590
139196
2068714
1591617
1529762
1734543
1467098
1888185
1818787
60422
121509
30556
2099322
920987
1694948
1987815
1618047
304213
1756130
1922424
1454626
722031
1712548
1854986
1346124
98280
1056699
164417
106157
847316
927275
1236790
1476702
103062
329999
1363962
747650
1481117
194277
1539594
1023840
1695852
900885
1137329
484728
1576398
1491767
1258240
489041
261703
545553
314669
253675
1458878
64454
113764
1015853
657908
166140
1919573
1649417
677964
947541
788790
153487
1072786
1905555
1858528
1270575
69332
1312786
1528690
1789398
786883
1509316
610871
509143
1640372
176949
1612949
1249004
1414509
700513
61007
1715970
87113
1328746
205021
1955016
97682
105478
855502
523845
1412786
1524436
471539
185245
288178
307412
410802
1824195
256500
669220
1445261
1509546
439170
141659
230987
1105145
910821
1661029
1266407
1621858
1183586
1931190
1700527
138548
1324437
1843243
109675
1288560
308611
1500993
1931165
1006821
1532200
1681557
1197191
273305
1411017
649539
38315
927754
1082775
137167
846907
106406
1679393
430510
1432762
1351369
924729
1948944
1394349
1594650
767837
480400
1523637
431971
681319
982599
1859791
984755
894684
1660367
1180150
1726725
256983
250547
983897
164531
690848
590847
632573
1068065
1034862
942484
1553202
875075
171739
115489
928671
292953
401873
1415008
137353
134251
405803
1439148
1850366
563691
1593060
89162
1783727
792479
1383491
1418132
264009
532670
608919
225186
679231
143167
1091468
1948087
776698
41470
94284
112169
662047
188689
1179848
43009
1391730
954941
1560105
1421797
679340
536191
890903
86869
139505
929087
1004716
1421469
942001
647361
324708
678652
1449825
235717
1542529
1707534
1345567
1468468
1543717
843417
123679
813754
1158419
816225
875328
1317553
172955
334176
688683
1655724
960194
1131162
276779
1774929
1179892
281543
2134594
555650
96220
44803
1559741
974421
1072030
1896734
168349
1430761
752331
2110031
1919575
1428229
1055944
778974
2174531
1385771
1456736
1228325
1360745
2272016
386391
48661
1937341
276595
64035
486510
1670250
843415
682744
926585
552699
1434597
458674
1331685
1375399
676947
857603
56089
1033476
339329
1458877
1580794
523218
1260880
1302324
1468920
304210
2009965
795703
722237
1267087
281330
2271055
272322
767836
1275103
43972
666511
1257140
867511
946294
1858750
281584
1845114
143161
1654775
220189
1021384
649371
677962
1492355
1180148
278462
1412395
1864883
1312252
824137
1194981
1508248
714027
1400196
1010963
1203639
90481
290310
192323
476115
942815
382293
1084689
1492007
951401
1270577
1180743
237238
1652808
1230040
233692
1655718
1436296
1430508
1434598
818430
1019088
1484252
1399064
1459826
1445267
47886
1572100
79474
1245883
449297
857602
166754
382313
1706210
40017
1643106
2046445
1134237
1451703
1529763
Total scores: 7664
Average score: 155519.41
SSH: 3966, SH: 351, SS: 1577, S: 1102, A: 658, B: 5, C: 3, D: 2
