1816243
3383316
2179629
2189162
2176404
2241579
2088427
2064453
2573914
1655981
3284709
3579281
1565884
1816073
2564395
2319171
2792378
1770368
2660294
2318117
2671379
2574090
1860991
2667280
3078877
2058788
2189687
2510998
1935845
2053468
3041577
1969946
1681360
1279361
2295882
1890412
1582287
1990718
2034654
1836593
1860433
2460543
1802736
1754777
3849847
899732
1842675
2301351
2278930
3093271
2484994
1736571
2581428
3284710
2802324
1690355
2512396
2759805
988726
2117268
3034770
2559558
2520220
2348183
1707113
3071981
2058087
1738018
2632230
2964230
3012798
1872396
1701404
2689931
2629589
2469345
2550203
1711307
2263415
2594347
1123966
2581610
1895604
1199955
1918978
1826438
1062394
2568117
2116006
2410945
2634748
2261561
1759814
2839813
2183206
2236622
1920872
2486881
2128030
2419085
1758255
2185824
2315558
2896983
2691949
1843481
1919312
1892257
2492632
2458202
2241580
2404778
2624331
2581812
3040104
1695382
2331169
3092842
3038997
2364135
2843965
2628691
2530755
2069841
902259
1725588
1737899
2485793
2338610
2750550
1955170
1983406
2894747
3388689
2129143
2593933
855762
2298047
1487213
1838426
2034983
2126752
2331962
3647151
1941064
2565674
1869933
980638
3586535
1828346
2506240
1626537
2077126
1811722
1636104
3042803
2616989
1893432
1619555
2946713
2044362
1649064
795627
2490307
1593724
1571309
1241370
2629595
2164997
2022204
1563000
2281078
894090
2922913
1829131
2185148
2469200
2675575
2055393
2881772
1911574
3688094
2044366
1046841
2860521
2935781
1519863
2034057
2603845
2474574
2319170
2615210
2620911
1736329
2590221
1849273
1770623
2659724
2099491
2564014
2775397
1911308
1936782
1489207
2781622
2188031
2517180
2620562
1451282
2880367
3501901
2280205
861415
970331
2659368
2500083
2323911
1836484
2628166
1776723
2505956
2958102
1895605
1843653
1183255
2743756
2245774
2297417
2196331
2113036
2246465
2522580
1977528
2794936
2245772
2596894
2399954
2197401
3467890
3357329
2078961
2026320
2784168
1843589
2279621
3205990
1274573
1911588
1656727
2660646
1663107
774965
2360153
2204626
1699366
2580566
2201460
1968445
1778560
2033294
1895606
2489792
2047629
2410948
1642274
2231831
2078195
1988911
2021776
2514312
2990619
1949715
2847847
2745389
1736333
1763013
2595335
2486948
1484776
3648544
1971822
2796473
2444276
2596018
2616981
1716049
2731892
1438917
2485595
1580814
2781369
1925409
2237465
1720423
2492022
3666019
1827558
2394642
2633231
1905654
735272
2237466
2428358
2545971
2391970
2287401
2643264
1829925
2315560
2097898
2837544
1659421
2563055
2519704
2282512
2468866
745360
2444149
2512375
2073663
2461085
1400414
2512368
1944926
1385398
2556724
1762429
1893461
2933746
1852572
2349467
2397136
1992711
2474570
1024480
1717465
1621068
1859166
1911333
1651290
2303557
2639644
2267564
2282409
2555700
2041050
2102287
1075001
2325388
4176938
2911993
1936713
1903809
1848919
1917082
2444148
3093269
3093274
2802630
2574259
1353828
2559126
1069949
1059197
2395600
1802970
1737326
3257742
1462224
1157868
2898419
2351580
1313029
2659972
2185224
1573320
2013012
2025942
2597616
2811014
2685873
2034707
1886839
3122902
2726492
1972480
1827864
2282067
1968440
2797470
1700275
2200805
1995061
2468865
2512990
1435459
1610746
2173926
2615748
2428357
879061
2562794
1946507
1909555
2628159
848994
1570203
2524196
1956104
2596015
1372306
1783812
2960147
2470194
2434035
869222
2237467
2619743
2799357
1935389
2530810
2118444
422328
1108593
2022718
1400367
1193476
3040198
1179870
2014469
1595191
943415
1142884
2518845
1762431
1579673
1649842
1097543
3119369
2485668
2518847
2598547
1215958
2684033
1612454
2131079
1286726
1500645
2485543
2514739
1075797
1849580
2550244
915210
2964222
1555792
969681
1172819
1630164
2005307
2409445
711209
2518267
2843304
2485438
1620144
2273031
1831842
2803459
1630299
2208944
2485565
2034708
3083319
989228
784369
1970829
2046653
1989203
1973410
1902624
2520687
2587891
1261879
1844417
722844
2779000
1565265
1261881
2969988
2444910
1257437
1268353
2077560
715013
2523484
3441037
2603107
1809151
1365772
2164274
1690353
1925194
2642464
1749322
1772262
1558876
2008748
2872043
1850409
1797542
2290717
2465106
1911335
1587831
1275979
2109292
2586110
1517511
3927904
2245783
1464254
1608832
3707958
3097451
2201824
2038750
3225964
3628710
3040791
2090974
2962227
1851299
3097443
1053520
2485259
1764213
878379
2737086
3107578
2118543
664787
1619564
2022201
1096347
2659911
2020258
1951733
535278
2060278
1341646
2705210
1804553
3197813
3340068
816453
2675756
808848
2113035
2240526
2485199
1515526
1366917
3252605
1885816
680652
1843565
2100002
2419371
1805627
2335553
3846505
1289927
1899511
2077849
616229
2272325
1474956
2750832
2022202
2124842
2521210
2044368
2569254
555797
1970565
2495251
1644535
1662552
1988753
2102292
2118443
2450629
2699245
1243117
2280910
2361328
1321542
1289675
820481
1306992
1181761
828242
2911355
1283568
2744798
1917158
2128223
1582624
1981872
1577751
2150737
3750319
3147539
1271007
2264767
2166311
2726352
2269172
2245766
1743999
861936
1302567
1682475
1503470
3489727
1160278
2165271
2314336
1675842
2970143
1495848
1556336
2149131
2439848
2721735
1734750
2699196
1932649
2549327
1813803
1413257
1483372
1059894
2030431
1072467
2701517
1313461
3643273
1869619
2564638
856743
2207855
1398813
111680
1135459
2557622
2128226
1126352
1989448
2200806
1912276
525278
941270
2349469
1956730
2150735
1675832
2535249
1952177
2047440
2096051
2719283
1610022
1897567
1111462
1915794
1221541
1911346
821070
1262330
1744843
2592149
1028733
3091249
3595734
2360152
3484568
2287402
2271474
2504927
1935596
1321145
3012582
2449792
2125715
2572173
1914981
2150733
1201618
1454087
2128233
2128231
1760666
889632
2134194
462726
1583228
3040670
1762724
1608897
1796309
2480919
847314
2778999
2088202
2064450
662064
1322680
2726390
2078169
967546
1989330
2034709
1988096
1702172
2693896
2272506
1402392
3076004
2805013
1125665
1569153
1840047
677938
2328680
1264972
3482929
4207029
2466119
2418825
2340924
1810188
1923316
2833818
2587490
3400712
3137126
1575142
338912
1046426
632523
1983676
2798276
1657917
2834752
2449791
1257669
1978834
787430
780914
2514777
1451703
3360782
3088767
3253059
1349478
2328043
983410
1396152
937459
1988963
2128230
2633997
2128241
767774
2682467
1084804
2143128
1524133
2622554
1635233
3145415
677126
1874853
2304259
927754
2461089
2153557
2449781
1655376
2519190
29456
2519706
1359720
2149823
438316
695587
1787941
1440779
1396342
1410549
2128238
1343383
1911347
3182695
3334197
1797548
161787
966243
3367489
2207269
1514898
1432943
2129147
877655
3011874
1679799
1675840
800435
1177789
2060302
35900
1615992
2102289
1849505
2472342
2118445
536534
167655
83516
1074427
3147065
1797549
1562151
1677118
1643386
429800
3104522
1183799
2449784
1796299
1886100
1956884
382887
1053935
1148905
2847754
2518844
3276565
1534523
72776
1047758
1726474
1676342
837604
1731374
2005823
1793142
1783725
1126227
1081044
1482959
1155062
1161448
2046445
1956123
2488019
2128221
2034712
2753343
2315564
1112521
1762728
823871
2970030
2079054
1032348
2347627
3915644
2417486
2128228
1278814
2813274
2875696
2401143
2820662
680831
2684855
2824263
1712372
884199
3708195
2542131
676017
1699547
3841132
83618
2532014
1945175
40017
3283618
1856850
1562874
1233778
1910106
2081941
2229349
1018952
1454085
3256129
2158625
1481747
3536494
773553
1609688
1968283
2379756
241578
1802637
1675834
116601
294086
2791789
2347578
1032269
3455868
640073
1983405
2472562
2067473
3030240
2347052
2863988
1962161
514516
2030843
2538865
1985263
2795857
1018869
2258999
1809900
2039818
1846270
1836354
1013839
1655728
1891376
3740762
3391637
1320202
532242
3551313
2103541
2059892
2078916
1136506
2451194
2156326
733823
1797544
1549020
2226085
462280
2887070
2792321
2125399
23539
2128239
727636
1990659
1260403
2128229
1813857
759192
983680
2164686
2222887
1285944
2701781
1583947
2128243
53244
1724690
2980379
1081713
1282141
1278168
1227263
1620886
1934828
2040134
252238
1240611
2093611
2560248
1298486
47293
2128242
2330438
529358
2128227
2128250
2143344
45156
1267491
852695
822656
2474984
317549
1667532
2479395
2150740
2707857
1257663
1736730
1982341
1961270
1588391
75011
155361
808849
2046106
1153219
839634
244224
62714
1201583
1149303
2327794
1963977
1527463
2270951
1625478
2109370
781124
1400686
1646754
231917
1512177
1063874
1593361
1786610
2025941
98645
2358653
2118197
1062672
2477878
3046705
262126
1534639
2449782
1636811
160709
2449789
2128232
269409
521458
1660701
8675
1555610
2442158
2281725
2848843
1166895
3135149
519080
840427
797329
2578578
530119
1030219
2128224
2360155
1618411
2628955
2150739
2116802
1272842
685821
2156833
1260061
2925980
1934139
1559617
2782887
1142295
1590832
1686500
61552
1911799
72585
816600
49548
285708
70050
137288
681412
58313
2796264
1269453
1382895
281035
2743579
2337264
2971241
45879
1410860
2170524
2128252
2939821
2425317
1473221
690818
2505989
2218881
1786960
1088956
2791238
2077586
2226722
1283710
2290441
153402
3046225
3513159
107229
2409659
1791086
479235
29811
1455779
2050175
440344
948389
2538910
720909
2524385
1677119
100236
1292079
687859
52796
1262763
95202
8674
1180037
1864837
514515
719657
1584210
1249002
1029677
2159182
1452466
2328400
2121171
1043348
36808
172618
1373950
1029562
2956597
2330544
1609565
2376193
2943946
43569
1019191
1149638
1215538
92478
190253
2354378
190393
1706834
2550067
32856
1383388
3593837
2112898
28381
975517
368784
66820
270136
1864795
2254887
785897
2305393
1846237
246732
3087084
32660
1169773
1253987
3176928
2959444
1432508
1744514
727998
1186227
1295717
878049
1107441
1639738
1795143
517963
2107630
362949
58409
26648
932223
2156323
3140221
3057790
711758
943246
2002477
728186
994818
1651468
1943739
1762730
58774
2368499
54854
1763938
1696765
2231267
2105996
28113
47152
1683487
2096057
53617
1935636
2243338
319893
95389
2516387
2494290
54114
2245786
151017
1907310
47354
160320
523594
812290
2070961
1189706
675605
953697
2111462
124275
3713126
752615
1324919
1388395
79401
2279602
1038749
112055
1160280
1076862
176280
62915
285928
1398167
2446892
76421
2169142
1264763
285517
933105
2128249
1762729
1270103
3320335
1627157
86390
53646
476048
670011
2086234
232773
3119245
62027
1627148
1562306
983692
753445
1627123
2491020
2392014
169355
813308
2661211
129185
7624
2485752
2322982
1621319
249147
2128225
1695925
480365
2541870
3254003
2479336
893877
101142
2334033
1783726
1150023
480270
3189824
2127416
1456988
43540
1264070
2260945
21595
1253664
95947
114632
2316176
30592
58274
786680
3081546
3019409
2449788
3639233
580407
1382054
2514776
2564749
2518842
133840
1371454
2778368
2187164
252319
670503
41475
1071565
871027
1010850
746737
2184038
475914
2897138
82890
1535708
687789
1405991
2342066
213713
929660
2145748
2393057
1517653
1405981
159335
824469
1863224
1694738
1067123
1972048
1626708
270010
436522
2743422
1970538
2128251
2170567
3667473
2822603
481057
172610
1501236
1535434
433427
2820660
3258645
1256875
1438651
27979
1403907
2444151
139139
2957935
1404804
914
146372
86529
649545
68473
1362933
1407928
101708
69828
1869935
92244
2128247
1268933
1611097
1635439
2666
2842365
1661801
2291332
1395349
2008410
902888
1263997
2397757
178573
1558333
1905558
2150736
1676094
25977
1858669
533632
2327792
144115
1561394
59204
1180926
708882
203269
1270997
486513
96673
2869874
1601
8732
2890710
2238881
1492011
2012009
1056698
1106780
36657
2932008
116382
681141
978443
2134895
1777067
80783
102490
104781
138977
1290985
59948
2145646
3129872
143870
55432
125838
359972
1412370
177961
1256662
839184
137975
2128245
2120896
1934707
1264196
504903
1737316
3534055
3373825
3607058
168267
54138
154049
1533020
86105
101352
1436105
1696042
1008503
544837
22822
3628359
2516148
2635143
2272898
64581
3407489
21041
1247554
186056
237293
23004
1085988
86988
153970
62364
102016
3499856
505421
1660252
2023141
2130337
1163521
2105995
39388
1180209
1992682
471971
1523637
1418127
1874166
1658081
870520
1846226
1168758
2721737
139505
192506
183116
2489340
1461270
3054701
1393610
89411
935912
1839768
1693060
1382420
2105997
2053094
1281645
2445586
2131813
2223259
118842
328098
130790
97735
357544
716269
168436
956030
31320
978857
1080851
137104
1510874
2128234
172616
112747
1269345
726335
202821
1608129
145757
1182462
2250747
166623
135646
2840234
1397849
1385212
663725
1180151
1820817
543449
2694416
2327132
1517825
1201369
446100
684101
27744
2508817
1988751
163925
2596017
74600
135630
2777736
191019
1947968
1576792
1018411
854598
2243450
1015625
2200511
3318408
578163
209429
154806
1010448
3628335
2046499
916153
166485
704658
3119501
1892620
22134
2116756
2096226
147635
1182213
696197
290309
1360612
208835
426548
154925
968739
40380
116023
428938
542025
1103292
1011452
198762
2656773
992122
60121
1153238
449197
136858
233830
3559958
18790
2557752
2822602
449484
107820
2163137
2609733
765268
1262832
357696
1043169
138892
1263939
2195593
1140695
1480196
2128248
818655
83571
1455352
1485859
505064
172615
1560009
61652
2399572
64925
793934
61862
1934325
44494
47227
1084692
163982
357864
705328
477089
2566056
2237588
1794882
260930
542525
485374
1675844
1711830
2149858
1658073
1182090
857532
154665
1948943
129804
59572
2152330
172614
1158056
92382
2513513
2110861
1676445
2128237
1317992
2824757
2128244
1282215
1520915
80914
2052794
1758872
404023
86112
2489016
2060305
192258
1033046
3591050
1655719
200746
754490
1939345
1891348
1817452
78897
929918
2226201
7160
20112
130754
1149713
1091150
485476
345600
1722410
2960875
449978
789436
906489
520080
183734
1610745
32550
281523
58333
344704
1303666
112919
71080
87088
1695980
1287016
3745820
553085
1456883
128484
2859291
797353
191049
90955
172617
51164
66366
2419369
334176
359077
263900
1517786
2347101
71989
166018
615845
3194930
1072132
46461
2272609
2078620
2263835
637549
137383
1819673
141477
1827879
1640727
1525893
119587
745230
2397751
24402
53251
623417
144292
169542
356638
665369
2200017
99981
126837
1996753
3216055
1252651
1533385
121649
461049
1573762
90543
837569
547849
1704601
152794
1984690
2060306
286257
2193895
84839
1180258
1993380
365637
3280736
264558
1013267
1734019
2128253
1877627
1642922
1715939
150750
2422330
272554
598363
2541868
342711
10980
2229033
1492008
2337329
1608126
1639134
3336655
1350927
2506721
1646082
425986
135745
62547
100769
3482887
2128235
1838624
86077
2313822
60123
2145649
98070
335433
3738238
548885
100683
101946
910818
52884
2397755
1954129
129644
2243740
735432
2389862
147751
155558
1510347
1660508
282027
1994599
79344
1969213
252670
3815218
180106
2617206
1189150
22247
1788961
1129926
238428
257568
1741594
2041767
1330147
2223257
1364168
117530
45877
1959680
2143143
115214
1778101
1989097
38506
404142
53531
3549855
122992
72209
1330487
1927613
912492
1383988
75657
932183
1710520
43543
707460
545933
13114
492319
217728
57423
21367
85556
297345
2471708
73409
2760263
260146
481322
1260115
30214
1593059
160686
1829718
737284
50438
368180
767492
11051
121091
100806
837814
922358
153069
445436
438018
169770
1562778
80458
545195
107172
201463
2092400
2279148
694652
994495
175569
749002
380484
1282891
2271054
1888184
1183312
2801815
95538
329007
42990
2270812
177297
2293170
25909
2128222
172613
1444010
982375
102594
830626
505277
547598
2589064
2810022
47721
368504
143313
847313
1840160
19231
2248566
713859
3231636
350309
2272217
18929
3755316
53228
118751
386140
1065224
27284
2043
1780848
270009
1257925
3787781
1054892
132382
1281644
72139
79440
85561
336576
53893
220422
1383387
21546
2846508
1180881
2110032
127853
26806
2922060
569154
241843
505083
284951
1256873
1535691
1093690
89445
189141
86666
1897546
21846
74920
1201506
2876867
1802266
38469
303115
1296195
135126
1883395
28967
1310880
126069
73546
95973
2737141
281522
355973
380233
2646717
1923911
81823
59159
3332442
1797557
820944
1989719
58019
151510
2420455
2158043
1402717
151287
546735
2790400
139035
279177
167619
185202
1928078
874745
1599042
391741
679004
1385400
1532006
2784147
131026
71102
968863
2012517
360198
3365772
2049787
155347
32938
176323
771208
808995
75739
2644990
2128236
2128240
1603068
1791108
9903
2788191
2570703
49924
549685
2766314
1376
91774
1749330
140786
2272017
102633
272016
2470917
690111
106372
351160
1344437
505418
674771
2421316
2423128
2009989
2397366
1443865
69331
61976
65575
921856
1445118
1433305
3069849
665034
1442772
45714
209117
1380705
2051592
2548342
1977657
139053
910815
25453
141030
737047
498560
54762
3006996
2256994
2025227
1562063
233049
1746343
2108562
72431
712205
823870
408626
286111
3125026
563728
1054084
339054
2956595
135092
2128246
1095181
173092
166019
107576
1465099
1356557
139037
10463
2271859
1213025
1655726
1785104
1557375
2991438
98482
2069633
2420454
155183
1824193
1241727
2652919
815259
171641
1154433
1681634
438582
3041444
78951
60620
1632609
792280
811751
107736
209058
18406
2070440
791967
2149821
52369
1243786
1124532
915955
123244
2636020
119056
1259152
158248
29938
113303
55511
68871
348550
296794
2957703
28584
1617181
737426
2431520
2045060
1785887
1564894
665129
601191
52439
659678
898887
92070
1685841
3537446
2550918
21257
1181933
126694
672737
2205128
607637
1992567
64741
1693175
639323
32146
248050
680651
2888766
164268
748438
1642054
1786703
1071696
69152
1472989
1981245
1323372
2166613
22753
171917
361162
1357480
2127264
1051764
225588
48896
62029
79446
1399826
659992
1119026
935029
1036392
767835
1639739
110846
5679
2413707
34122
287958
2933400
1950873
3697094
1232223
2294575
511403
19491
1588277
375835
2676959
356467
136323
2187360
1587909
17779
56823
3078138
154083
145508
1950958
895076
355620
658387
2413800
62804
3093067
1186085
42280
163504
18776
1608213
1482184
2690959
1843242
2684338
1785888
92519
57847
312175
797314
475633
366688
76558
1728297
1853975
378054
68308
84615
2065553
161902
198973
1632733
2116141
1697648
657675
2481845
3314441
2136676
101476
35710
2427130
2243447
1308338
987541
3789636
788530
69445
1997313
2205130
1273299
2269401
122935
1598898
1399888
58455
1905191
2391950
1720480
117531
1322346
812289
1385569
2517351
1305841
1901584
132676
3050101
1409614
1036393
2619317
86653
114532
2372876
23195
703417
1023848
155707
2867745
20429
201642
352135
1612453
1659770
541596
356002
1265890
232757
154719
87186
79745
259823
2914293
1804970
2958923
129476
1966606
1922718
90809
2729325
158061
509030
71072
315
1013310
204350
1306669
372891
136555
1398454
2282065
2065547
2606926
1577414
2895676
229373
136823
111202
141970
1240494
188853
53907
1384827
2451694
449194
3988
345497
309585
129510
60023
2260824
936800
1536199
70913
182856
1860766
24964
1925633
682335
2105738
2184559
2081397
1892643
1893007
291393
1951480
3003546
188920
1574311
2942721
2602185
2544478
942816
1180149
1269232
1658251
64518
271881
133994
45444
2743813
1513224
2470713
19926
1720585
19214
92003
332912
2021372
1111764
1492010
419838
2410947
403015
1796364
363718
1154024
2491611
25821
17141
1360197
114118
401784
3370178
2394644
121167
1385213
2056101
1870663
382059
75846
1802636
129307
164027
1259186
1761422
56778
594329
1027229
1367293
1418205
2226486
2120151
2854062
1401254
2560268
426063
1267468
1401889
2090201
888039
1020490
1346124
1321399
1149994
53107
1712012
2318789
2787341
792293
74222
677963
135919
1861942
150249
1730125
70380
21874
788789
40379
534477
1059389
2641971
2173502
1473890
2875860
1347841
134466
1487
961907
1475861
1832094
746094
1575110
35409
2164664
121060
2631154
524776
373272
438096
109165
1491763
20842
2084492
1302583
193623
67674
3796260
1352604
2025535
2288621
173760
75066
21037
1577222
1627149
1482417
1922744
1389688
128685
175017
380646
39873
2221437
97863
693423
1563135
1392438
2786272
121582
1555611
1092970
1570860
66738
513244
18048
1036586
1562305
94062
2398933
1609715
231948
146234
3160913
2227344
3373756
2976609
138026
2435955
1694737
108299
723411
38440
645926
3781
1587533
492638
53532
24290
53802
84616
1690386
1591970
643277
2681544
57759
1366939
2906211
1704766
1481386
764517
812216
2564747
1121834
59742
25305
1412688
2156121
2701064
73616
21484
928508
1376555
164930
35408
52382
904307
201341
2486427
73363
1464588
2952288
1214825
452186
793858
1831051
569812
1961271
1572604
700802
1161003
406970
1531790
2060301
42034
357801
23937
2279600
2098935
1042171
2525450
181512
790274
264297
303384
1681556
914237
679205
541342
257697
2662549
1871280
909173
2115368
382110
237239
3258171
827378
21885
27492
280625
1263315
3351143
1704365
882093
22530
93227
121221
2682028
3112654
22853
134511
2209527
1707348
3815498
8731
273635
1827843
1271864
21493
18043
103012
1725355
1628055
2037761
1953939
152648
2617689
2675310
162022
1762733
80247
2623006
3020022
2748735
2084862
76111
1269264
87315
148098
144381
1958883
50766
2077613
588225
137930
691148
99637
24057
403729
869310
3629575
1605431
78160
2470139
2062363
2754194
1576297
1613056
1288037
2795859
1296187
440860
123246
2282207
2665
1679789
683105
133048
2054966
209324
824328
1034889
110728
2188133
426891
1888031
60142
2820659
711551
2087734
348168
2489387
2274387
2313097
505084
3400150
2417144
2367123
1530240
1402715
1728388
22168
149102
3213022
3380812
1285691
1636565
803138
2194376
910147
155865
1695924
689274
1814078
398971
2755775
54097
797301
21624
1987975
793939
2631275
1005488
677539
2991643
699333
1025726
2634567
153303
318536
77803
133209
126911
966135
1861041
2302025
1623285
1521091
2532587
966160
2061193
2393046
1215957
60020
1768264
16721
80038
2415771
2797763
845538
1500281
1596849
863940
879971
1303587
1756129
2107876
2506983
1692248
259062
78612
2266979
1830846
84218
2516145
1543662
21653
1989356
1158424
82510
122134
1972827
2606921
2398302
1489214
1082765
79278
1608069
1300077
3119698
1529756
3021382
2841899
2729394
1220138
2296909
234124
1393202
2294378
2518969
3764196
1955210
871446
19275
2563912
17638
60999
1270292
996140
2494916
1120161
2161928
2222862
2184401
98850
664437
1512179
2491669
471279
1189078
258467
2418495
68980
26808
795415
1589518
68974
38448
1157931
1517987
22126
70593
2132856
2049343
1556931
54717
85907
86118
2567657
622829
25043
1588365
3735517
338
1581107
453724
2797490
1965323
1590416
1685696
2938535
391716
1603082
22116
1718892
575167
98888
1969646
1945751
1492012
29370
68944
190562
1900903
426062
60456
2726651
1181031
1829945
2331556
2284961
3452417
2299332
2095491
228375
2120898
2434660
2019687
941454
1430964
32022
103578
453758
109196
103543
139305
249409
3329987
764000
83712
2397569
1243574
1751352
2670864
126675
1632571
2049008
1330809
25382
89618
510686
2134949
93895
2561534
1112434
100949
711326
1677630
1630900
61033
1848985
59331
66462
229682
1672430
1702903
2109993
1910096
32107
1616673
2812138
2158417
119737
919820
139208
25428
1456968
2503312
284181
745445
978010
259380
41306
1520916
1150597
72755
964447
118354
161770
720106
3676
587677
1020817
84976
1085133
74747
1633151
3072229
26649
2944764
31996
1537582
1486648
2340315
138844
897870
38372
18560
1897590
2498498
2288960
2199552
1859223
144614
288794
99863
19108
340440
352197
1043382
60806
2521548
3570092
2297549
1430716
2349416
995599
222457
57629
876997
1478896
22718
77290
61855
27046
2750290
1607736
1068384
266290
380016
22135
1620014
87270
184842
19212
263567
45249
1655721
136712
872885
924730
40041
2271053
2843109
18419
2845747
52387
1032347
755126
80483
3269997
179049
2237579
3850
305722
2895678
650325
1112550
2245033
2257270
677742
2154530
1465145
2513494
2610928
845876
1537987
1828834
2385146
131749
667066
1510019
19550
2072161
1114214
2802212
17136
623013
112581
658887
386902
2145647
882184
143804
110187
308492
2104306
1067064
27387
31278
2391924
19606
2174369
1351200
1002840
66196
939552
2745049
2161171
1158059
927487
18605
1948011
2980378
3218710
1836568
1090279
92679
1253252
85389
1814607
1005241
3822437
48128
53616
24156
1520652
1679885
1188976
471477
54940
1368723
50545
2092395
834752
680735
75942
817908
1346543
2385192
94134
711119
2386179
2863943
1478163
2084551
22534
149941
51994
391521
709878
1730133
861845
939749
2521910
1681558
148973
3746081
73453
1905557
888964
2531588
1284710
1007523
746095
1911786
65656
49489
997924
2390474
2528036
2328290
2653374
471665
1657950
807794
2270069
55732
370550
709928
2009902
1477379
36797
2243448
1748556
745813
679340
16330
1264208
311092
521280
1531551
1254
2107632
2649280
1703879
1209382
83060
1010288
1255604
718497
705821
207914
959
24252
1746034
807427
1566012
97253
98635
437711
1351790
136029
1076344
7272
1305861
2134593
1674220
2034714
1331163
55268
29312
278
2272149
99348
1716591
57492
1403330
130217
135989
1083833
3151740
522154
2951464
8673
2804677
19776
172619
1270331
2457344
2722488
51149
5566
1586530
28896
2537832
2095008
52278
1872247
565624
1599851
114497
1016391
82398
1262010
1014712
2486118
1046465
1256879
2851520
2384825
50015
153304
1827877
1704366
2540453
261328
124434
88469
64341
145559
1175733
34723
1673156
75603
50268
893209
826397
116195
1157673
2158609
69603
1289888
40481
2652719
1864884
3207976
312204
2564892
2840238
50272
1703003
1611183
869599
1704794
1773238
333415
87109
70364
154535
537610
60443
2420485
29455
513228
1291373
8249
1490015
2184474
742004
788914
3771156
147274
1968615
1158632
1109790
3021318
2160451
2234021
930027
67185
8540
2493758
793115
58887
157914
61291
25679
62291
55709
1456166
2721736
1805884
1290095
499159
75334
1858751
2916636
1199942
59657
59830
423335
4416
1509368
755393
1828344
2147834
812884
2839414
648038
46223
2068381
65292
20205
10979
58890
2519868
192632
671532
158005
1438610
2859907
794378
18767
2243142
2044908
30585
1698327
2711224
1273122
947711
133684
101143
33983
2428499
1831845
1496152
49915
2245358
2217241
2548346
2716019
792989
2779960
1871455
90335
275192
2624078
3112639
36449
20303
399755
1799868
285811
59651
2880390
791467
2641819
19797
1909546
2518060
241156
1055372
382043
792546
1305516
54771
1844734
19512
243823
749857
113058
148786
1616546
2518345
52795
117309
716268
2357756
2121234
62083
163192
49596
31538
828102
20890
2768616
1444855
2541560
141139
3272959
813754
86789
40526
60779
2147615
498646
2421269
60978
1100228
1933323
2142867
49068
2165903
2196358
2105389
1938322
459233
515522
83193
925351
41223
122569
1702971
2008408
33642
2035809
3277412
1644684
281152
18310
804882
3177938
1580254
515649
49174
1761720
95503
895987
1411450
1881839
973173
1578265
106783
2708865
270011
45446
5613
2533003
2315136
152323
2006609
1683527
2251869
224417
166305
21735
1914837
1414071
910650
2757865
47133
2335616
721024
65557
1120233
27118
2797993
59920
2044491
808399
2191835
65294
137817
1210571
2641872
2685931
1215956
153094
121155
771207
76354
6966
96113
27512
1890981
860486
126618
2456994
2877557
3206747
51741
1675761
2764267
792304
58114
2749452
2557227
1425694
1876680
18449
126843
1705649
47160
489249
1687643
49890
109045
1143994
3089638
2044746
1070687
3619389
68267
81965
87129
3563895
1148060
2907226
80663
97707
2216532
2465764
1262009
40381
3409619
2060303
2202603
2176498
26070
1072802
1158633
27303
56486
3802067
117229
28194
1751350
2032960
119742
88285
77301
1969005
1696413
55016
1628528
2479431
482161
2415016
3301849
1403923
101988
1811192
514517
1488919
2160541
1477780
1251811
789876
162755
1034621
34549
1007351
2078272
93292
12248
223908
2058789
2320204
23787
2438962
50494
976634
43418
86383
51967
98731
1242071
935504
529988
1084373
2428723
23064
1830532
2788102
2703294
49366
36536
1892859
451417
129300
76574
3509524
1494975
2634742
2372050
2740148
2140280
24882
9909
2232047
2447350
642693
1717104
3112655
3283022
2002201
1828301
281495
425363
33991
347
2316428
1025572
1719590
388417
698106
1286990
2240611
3100593
1513225
2008554
28897
20381
1341656
3414551
2701065
1957612
23005
1531859
1380706
2457563
2771332
419342
1262421
819934
76576
437093
1099382
144279
1897700
301964
913198
2493109
26156
83647
1910555
984936
75595
1978932
65509
1690901
1157344
1429617
64450
3046303
39864
2456099
1847730
2586873
12062
40146
39811
2830054
89729
553189
1278652
5480
3118359
2052680
1154151
2826913
2825254
1073361
216001
2599120
367171
1755183
382055
161535
1501452
2537322
30905
108153
3249763
86339
2320396
251069
106377
688081
30593
574527
1921095
2280199
775561
634475
1033431
299718
98302
123431
2313717
3202347
288457
2056701
1605112
41822
812586
2571261
2809149
71101
71387
24003
5638
1715259
97420
2478171
2564047
19674
2995262
1161443
1794018
1349836
2936242
1215539
2571084
2039678
32828
21379
195291
2554316
2093558
1730110
2175245
24568
2194548
22101
2590418
2110795
80762
148405
2150029
137940
3841
1730785
2661267
71065
1844650
88090
1308506
1929613
2209335
23542
2497173
2794534
1720951
1954784
21141
1445743
2738842
40223
360671
2358036
25989
1840435
16593
2655882
923897
2529123
3796263
24668
2467066
1500600
21799
2551544
42884
2600743
1625590
2168419
1976241
26193
2788177
1402613
2020905
55597
677890
22080
2338619
55863
2522736
2015715
529454
2650793
47564
31566
1819779
50873
66720
2556098
997923
42718
81133
78898
936034
2462575
137726
3180470
1983664
1795028
2257196
2941530
60704
27379
22923
1507406
7159
632389
105487
1695469
743675
1468455
2024585
38236
87689
1654392
640501
2210977
20839
50348
2557705
2123356
33760
25075
312286
1939653
2341598
879693
26818
3521308
130896
932201
36142
2038927
2156325
2764404
1848706
27594
1641663
2030805
548740
1115362
85870
46790
2006331
513785
122015
2117052
1054741
2427885
1101683
1209258
2499585
83318
40783
1935147
33003
1536311
2494148
2803761
733478
26532
1368940
88162
55271
994907
2480920
2567931
1267490
89609
2494267
31268
175760
3337635
2431519
80910
180660
1287590
2911748
426591
1379320
2586409
877782
1457175
21565
463278
89164
74366
2766316
1840334
1960486
1707114
19118
261802
807199
26906
2930310
2018263
1477398
80336
77841
1229734
2500694
23290
2735748
85590
1989888
746730
23464
241436
439732
2625853
1677632
1167700
494663
1876364
722236
941950
2709832
1969345
3365863
1735347
142032
79175
80746
1690354
2580610
170215
1677545
61440
1281648
1789000
400142
2129146
1544889
20486
1584267
1191474
2648928
1492006
2774921
47545
1299805
982686
1586946
800244
2505489
3637960
680653
2911670
2172170
553690
1427325
116422
2489446
2028817
177872
21736
993162
1215200
2354242
1157431
1594554
1986893
2328121
2983685
552660
2823272
2489600
58920
744967
33673
94521
35897
1894676
1944714
2116142
58776
875916
2752041
3764197
2784228
1021628
2096050
1100475
58270
849485
1347840
599997
288573
776697
2439144
46107
2512119
45878
110730
2284963
21289
2300558
1827252
1026257
2674792
1091264
70969
1021037
193970
1374717
1370107
751181
2786945
1801010
2961114
2061371
2152866
717768
277065
1007338
2825355
25363
2436863
2527751
144665
943403
434620
2285659
2241143
81782
1243712
2019981
1742761
2528123
2149817
1274807
833431
3669202
11081
64144
1600390
1830011
54351
2049352
1475380
139599
812857
278446
2649172
3464212
1668254
1075896
1888894
3639235
2193800
2689847
843745
2580768
2118441
90640
3057152
1142496
861847
336066
1071548
2518846
89302
78019
2854356
2120541
28705
796493
1504671
1421825
283556
19028
1777851
1890549
443749
105099
1808847
726999
1498876
1437284
3211475
1553160
124994
322585
2579272
340533
676844
29768
1134273
2334598
943991
2548972
2077936
1578347
2690915
2299371
1802424
1093244
45447
1522926
2732704
47398
47401
91221
2399871
2347977
63894
2237471
416644
2522082
2328398
2388266
2389863
1675674
801604
2284485
89720
657497
2523122
1622231
2102089
23283
2320958
2564750
1475897
39415
2514753
1910041
2124069
39713
994738
2091027
48683
54372
1378060
520919
1610199
2449699
1650985
2054968
2489632
678350
123646
722527
2365849
21620
1939370
2564108
139165
1974812
2433508
859209
1763073
134088
3475566
43415
1383130
1988035
68001
2684121
1548067
162268
47953
2877364
90183
950287
317595
2468632
785908
657218
1371532
47818
1890439
1118999
76221
2763074
125703
1951529
1943896
62981
2158530
488982
644945
2691975
1618696
3617723
577201
2769650
3060681
260830
20154
50319
1212738
564319
2328106
23088
1877453
236346
3375094
25643
542995
485478
1701927
618187
1901389
320962
3200187
627785
1085585
2550119
146611
67452
2054243
2056280
192325
955310
120333
80071
2728173
77123
17040
126905
69631
2869873
522858
87769
2004571
1985921
674579
1583073
665055
1314423
533714
61709
507485
43479
2245852
2599380
1227953
315739
1615750
1898517
2768184
109893
81861
2901702
804435
1829199
926263
1890
2039591
136820
1496724
2687843
1970324
2865231
843434
2600170
2824655
928841
2693517
85515
1086189
2855387
2612497
1553732
2062362
162163
429837
1630268
6587
2071047
1477215
2196546
2647908
1778357
677998
18953
1656672
1963417
693568
2265211
1991373
1596854
47329
255760
1839535
121460
2290462
1588139
122730
65880
2446832
19985
2782844
137893
2116375
1116571
145195
339331
1058280
312948
3021323
2472512
3081731
612051
675187
909895
2245910
3145600
1558392
2125386
1432337
2652724
1830027
2265035
712969
179973
972378
1799889
2341380
651694
1990732
1761692
1005851
1860937
1878643
2414056
131344
3243084
2009791
2351617
217328
2823953
1934311
2142961
392032
765611
2771000
676885
540797
1650664
2795858
1438652
2121703
18584
23786
2199554
2150738
141569
378964
821833
1115506
931402
1773918
99504
1074825
11102
2439569
151599
2763152
2410316
96784
1627676
838870
2040745
687455
676764
544702
1895399
348537
1022533
2380443
1079747
48844
590339
560901
1222284
3268451
2463214
655871
1201439
376998
2190038
804962
141918
817284
1574614
2530912
2777886
27064
2577457
1178153
90167
1563634
2274470
692180
20845
2835254
675847
38274
2048044
2049076
1861167
542022
1928437
1686583
2670271
2726878
1437576
3267625
1984812
2235543
253450
596083
2925979
2157671
649369
542743
142159
1396423
1844625
122430
2535401
1884142
716588
1449854
2185590
1226524
1333150
524157
2826386
93265
2010244
1950957
1818816
3159351
328472
2457600
3730493
632521
91716
22740
1401867
2041620
455295
151218
1021473
1569587
1548337
37675
739556
567599
489001
2027058
1849215
2682320
3599044
2886246
287891
736862
41285
2233024
1679786
958456
74928
2586573
683799
1500101
1026539
314169
28894
455231
1530702
2547392
85605
123528
3794719
1921231
2496935
1942554
387956
1298683
1875462
54654
2157095
232125
701631
526968
151813
161301
1003973
969667
1382795
515455
2845284
271917
811878
109157
39794
2750924
135621
1245364
3519
1914839
59431
1109595
2532916
2269733
2656089
723889
19851
1270537
1674898
861959
1183261
575753
275992
38446
3140319
1565327
442570
1886161
1678338
1656876
729989
1146664
2926606
316611
969323
499015
2032482
1652925
95233
782311
980102
112323
2452786
2033841
26467
1528803
421364
884398
222095
1306667
1356755
689093
45188
536949
1013362
83487
2042847
83808
2110705
907501
2721738
77032
2099156
1654804
674769
605429
1927026
3736424
2397758
687196
1917480
2082095
1526563
22063
1348188
2743814
141996
653283
123229
2627503
650735
273950
2151201
42669
807318
1032282
1738144
2399037
1863207
3359908
1944880
1368061
833729
694653
103184
10175
2153357
1687473
3742773
2167381
900957
2328045
1081809
1188022
1175815
69041
1296763
63085
381986
562537
785432
1699934
2031194
592739
742397
1754408
107459
442222
1557355
1423987
575671
932904
1824969
1982348
1942676
2680577
2561960
2324428
528221
2240345
793295
1176124
98312
2474985
83420
307163
2260823
2268939
2742957
2844372
3628344
152804
2041843
2277779
908846
1361042
173385
491786
2873586
2084627
149919
351508
1918635
3016930
637539
1891473
1830028
442051
54561
2507692
1703489
102691
2643436
126570
114183
2530871
1672675
675136
652793
117766
66887
2197308
1363677
41875
2132162
2606227
1128453
20470
511154
1813609
2567659
1697697
148233
2488046
2101804
667360
676155
459326
1186398
3658145
1001676
2464482
2361250
191824
1758534
102634
2788176
746800
1179256
1382001
41243
1189930
261929
27745
52071
45973
27192
1508350
2280667
246301
2014471
505420
961827
2169858
1387898
38508
261853
626433
2733436
2049737
758462
2180452
1522625
1709137
19580
1690727
1892096
906953
649985
55004
54982
168368
91853
636661
313206
649598
2335023
2063043
2806025
2634763
1097566
857533
557034
858395
821681
796260
3606273
2954455
69655
1836682
75656
1911344
398152
2640738
52782
521459
208852
2100764
42934
69591
27122
1830207
50720
78430
1609452
1554496
2324861
2302026
2134404
2900048
1384440
733745
2737791
754202
2939820
3565511
1267742
1863099
872788
1182215
1260424
1965347
680197
2651464
2666890
449976
531343
955717
794154
55234
654793
2875458
2514778
2956596
861314
2953160
960875
1947948
1454466
1213580
243832
1870007
60730
1574827
1934872
956438
2025943
353998
1456748
2941968
55154
1228311
2331475
667743
2633532
2620707
10461
2312576
700764
57398
158475
1101209
2286340
953700
2107631
992364
529104
1566982
55738
751448
1530721
1845652
1890404
679342
714029
1813433
54294
109418
679910
18952
472565
2743103
19539
2953852
110888
647026
1841484
223366
148618
2718273
2606519
909726
800537
2693455
1329521
93882
72589
1584115
712036
2089987
2283480
242373
2156604
87965
2631588
28003
2108322
2090848
2889076
29036
1619998
1970848
1286171
243746
2015774
130759
443205
530516
354358
1485039
2327795
901350
2993229
728000
664146
1246153
107927
2203088
250105
936553
3550753
626509
905531
174260
2390086
636579
19802
81343
51160
84474
1165247
1544811
1521210
266256
93621
2116803
2333145
670507
1494788
1165587
18775
558992
63151
1256370
521752
2153345
1148940
139738
37446
782033
55283
57877
3365585
55661
520318
1851
1764144
28449
685211
3201614
1150385
1510009
448877
2352034
8281
3341279
724345
674928
831019
1528787
66980
288504
1163261
585185
19731
87815
637817
1587911
1092887
2698018
1569385
3150586
153055
2670673
2891070
1954563
2692466
565145
817764
1814307
2578748
2130481
2507808
1712442
1447110
119964
672493
735434
519263
634595
305810
18225
1574313
1402950
2863194
2398588
2198093
3206226
3619266
73351
257937
2768781
44128
1184636
827993
1519723
144018
47751
470099
1588984
48477
1037801
1442675
305080
3031175
51681
900548
1261511
2765290
1017974
52156
40113
2128705
1173841
83436
1057276
666552
1206074
2589061
1437744
2099084
2612645
1452339
1745848
757657
1791098
1911077
139231
1513309
1917867
1925811
945107
521571
155437
681630
607503
742037
2786494
1846524
766199
635625
1053956
1634028
132225
848081
1973534
1677599
796109
2381308
2209231
1933953
2838561
2048479
40618
1583466
78977
1991725
672349
26678
397816
272393
2047426
574111
90887
3624692
61995
560863
44153
86438
1031603
1609613
241155
452187
1253378
2036924
2518169
1534521
3046033
708314
3569666
39484
259
2072299
1522598
1243576
1671435
519010
27518
1150153
314156
132051
486512
1700872
1378367
357101
966557
334415
923838
2952946
1419607
173083
429498
2596019
2162517
2958518
27318
2183819
126955
1841068
1443534
157000
158878
1416155
3531777
2316800
1173116
87847
1179972
149171
153961
1608073
20323
204901
1549413
2620008
783429
2451879
2528043
55727
677240
47470
1803887
371540
1899243
750961
41594
1864745
458254
1642026
310972
1625280
1522655
41471
1361758
357244
324813
71158
492949
2787355
2320281
441526
44754
283018
628745
1499254
2057171
984293
1330495
1436116
163968
912135
2222443
383457
108911
86751
1004395
1617643
2607814
2436509
659300
1871297
49133
769112
414100
2928430
1104520
709686
2542809
83632
1427155
22581
1913691
1616553
84004
43349
392787
651605
635513
98627
2271271
341581
471200
406242
1160294
163892
2198534
109043
1380717
948696
791596
2107222
2444424
1592914
79845
119082
324179
786346
199041
1551668
1666546
2840228
1109084
176855
224727
2060308
790372
1120089
142685
103428
84818
759948
2592536
682810
428321
869818
229630
2376793
2589157
1696329
1847494
34363
674691
313272
402511
891556
23585
737581
209254
1465466
20588
459097
1385710
1507611
229744
548995
1056582
683837
1558515
358614
2963216
659382
515040
2435827
1877636
1269354
1500550
314248
834095
347113
1270879
1620775
601721
94995
732778
67148
1046148
52341
251631
124359
243304
1241725
3738239
3087417
28441
590427
1980865
2652206
1152435
2128422
250457
85419
106170
2140055
2399071
190046
64670
37595
380095
19876
387212
2541869
720910
3129874
253395
51625
554545
193927
471355
3122784
154914
1112043
309055
2008383
56259
2605596
347009
333868
635041
2303713
2609732
624821
1064727
867512
209489
25405
1968852
2670667
84116
1961111
2162601
334975
1614023
3474708
1406341
1642311
111579
2863658
1347435
78598
292913
379640
2488915
1096435
172042
2680098
755941
1092770
1469230
314981
1053505
383070
1854047
2221479
23879
769205
1456969
2479433
3789676
953570
1372431
40013
2397585
1111522
1455782
215122
418811
57434
210744
143888
1519927
1472988
853736
70821
1006616
2038991
1513539
1182786
733910
3130928
523922
291374
234643
878745
1427533
1722475
820483
959259
1900960
891859
2606924
77802
1179679
1319541
47582
62248
517675
838803
175744
58445
1945267
956668
1345599
111457
1675831
684575
785909
59332
207660
2205129
1154240
1054406
26061
1614232
1106084
3125027
276227
1604433
21905
35051
1294879
1468010
2164127
1014828
2090802
26693
2197175
60239
107242
1814125
2102291
519934
731965
1898047
758449
2642684
83385
2715254
135837
1746421
307926
108325
341032
742350
2548565
2479752
305720
306280
1313864
3441085
408134
123243
734715
2474087
3821553
134656
2485229
2644457
1831086
288706
1050440
726354
29468
2856070
1168985
9902
143917
282704
1608127
2703055
838655
152909
705311
648532
1708072
1229108
161260
1667419
34129
569554
61364
20120
31136
45333
678730
158143
788192
363717
143114
272669
193514
126772
225505
2326009
865114
2599504
454103
281524
1477920
109729
1270085
77317
137989
934183
1068075
878956
18766
259561
664387
54808
241465
188855
2475623
2132808
163354
1270407
956345
117091
2800008
130959
144710
2768636
678915
659785
51642
2015660
2598991
173241
2146577
297667
1868066
840255
1437901
797256
167151
260361
1902846
203154
677439
2624907
59741
129837
95863
1466692
127987
756447
288721
1076565
1343710
3252606
264222
2211114
2218175
240357
44944
61903
1393885
33576
146034
126991
3055213
684769
1281642
730430
1425097
110849
274237
64342
117415
716639
1827324
271035
540521
2409642
177694
297292
610971
389464
476483
153965
1049549
115406
867643
437892
510472
2615018
62359
407537
2852578
1070112
1257235
270103
191050
1992104
51513
904273
1407257
881702
2043165
872836
1077528
137136
1805289
838490
1071233
79260
1762731
1246373
792550
345217
1399703
54193
1399651
1061240
3164898
2049007
19213
493083
141089
1892846
67961
997651
1661468
2006597
2088717
71074
608599
2719820
47296
979052
1628132
54352
2287891
111213
1230041
1984688
2745047
451276
700805
172909
288555
2805713
993534
2576817
3100517
2344071
257746
505470
136681
120244
1820255
2163252
391744
2522689
117720
326450
17859
90030
98630
2242863
1827061
2449313
20838
488815
178923
866614
141174
2245770
2338622
23694
876869
74017
956044
23983
217339
1354981
86654
1734751
385050
93308
1020095
1389689
2485289
29815
765459
2534154
167601
116381
31090
1696122
114533
994479
70707
2298169
2886873
111558
68897
1255608
72170
2447671
159095
2059891
162262
1840781
97881
765568
175743
122025
100770
372011
161052
3499
147372
1444144
1522505
154262
253600
137819
364979
2034713
100265
1954151
1142483
1514278
1878523
1489215
48982
1697647
87718
712859
1215540
251970
1018832
263230
52292
1306696
21461
45445
91801
1584615
83781
718768
1249018
56263
1944776
2172492
918366
383538
1739831
20233
1918142
1096056
109369
1255332
71518
1327442
53895
64142
142935
260357
1303668
3648872
696191
2016928
218017
848235
1409615
1919561
60765
1961324
2649161
664228
1428233
2141818
916147
2903191
2561493
1084695
2688676
1239555
2341608
251757
318366
92059
6096
384412
139721
49719
2002569
74060
2366097
1599095
152699
1360082
2963010
793938
838788
106161
135619
3049100
2922514
313406
2283792
141643
525451
122759
116857
1208428
25304
460846
60969
108783
745255
111203
1589033
1077947
156598
84254
107911
420563
695310
37628
167864
1155862
1411647
218996
408779
2849298
75286
170986
94790
2433563
91052
41558
553225
1723437
823803
993563
1051233
95540
2834013
1008596
1448179
386172
137144
2004269
387277
688530
2188459
1054270
2015611
25463
68006
47088
1429980
1738041
22621
304213
101710
1771636
120761
1106308
690363
52227
23087
1734155
94713
932210
1556677
1104145
34348
720270
1510902
658974
106051
1311365
2428819
273538
120785
1062352
91568
291471
1512557
675038
501953
1424982
659679
124880
109377
135788
549686
126409
2110770
328626
302030
113215
141478
454119
81382
642689
132198
757807
26972
1257141
24254
389158
61292
96697
2467915
165048
150052
2769849
437036
38329
797723
1811540
97222
112595
142063
3165885
153180
233712
746093
81265
39569
274334
671429
1888185
60422
1291324
134244
3037642
906558
920987
130751
17074
1210896
1987815
163976
1952037
2919370
1546561
1922424
557815
148073
137219
480898
38296
1212523
1854986
93534
885185
92074
1403331
46877
2009549
130979
158626
2316397
2526689
533625
1236790
407542
135180
148185
1057482
120848
1954317
25211
1035919
1023840
76127
95744
272685
1827144
69934
81815
1031553
653125
131687
45355
68349
242003
124390
1363659
1552381
1576398
3095598
222974
129340
1731881
500639
3140738
268123
987542
25041
246814
461636
45602
393367
1524468
2113450
937699
2331557
83328
66999
54719
412170
2100418
120293
85388
155349
53317
811752
156315
594333
1458878
62030
50724
97148
152718
69449
120999
61036
2312756
203466
403731
34905
1975249
43995
1561191
102152
1555613
951946
410473
1280166
1265962
57639
170043
42047
54777
109306
185709
628031
3206650
905745
1072786
1277508
59918
147268
88846
1024135
624683
273775
1858528
1076345
1793891
59901
101185
127989
1583465
376624
1573524
398619
942817
1800866
88383
95751
109361
1524960
55353
130917
1786415
128874
20543
389780
1704130
93669
598895
356727
1356698
700513
240192
3603545
21168
75780
129057
1532536
1993064
1031259
2172992
1802638
29982
86775
994613
2191733
2326159
2595888
853858
132367
264294
2112992
155483
1377245
127896
889513
1955016
114263
220563
183493
1879793
55410
36335
132800
1041726
1846011
98913
2654316
533597
256094
101116
1530712
406786
149786
136016
1524436
221814
1394419
2816686
34027
129306
30612
34665
3440850
88756
1158634
1768802
1111007
314941
171100
3133612
594259
270366
197217
3033184
142623
941055
660593
52904
2675677
114243
2495753
18042
98036
2636308
514786
1105145
530498
139042
74272
1543399
148304
45343
21998
1543208
48583
2820122
286601
1784037
91840
1220280
446606
34308
1161446
54537
71470
37845
132687
268767
267125
468567
1445261
2769505
787240
920993
1631588
2787822
502547
2827018
43508
161396
374334
57280
2027366
23360
886425
9822
27199
85819
2328340
135849
62242
58728
273305
838744
139793
1357372
27551
101924
114785
2805763
1473184
39481
6965
733693
2294350
128270
130444
262537
235141
1469706
1076579
2359143
1082775
31691
441719
97708
399757
21746
86767
2561288
736104
99349
313628
112728
718946
36798
21016
214844
171492
125785
112350
37083
107471
132115
1351369
46172
1726568
3517482
1535813
76532
391739
155858
2801030
90767
22234
1273261
59888
1033078
711120
843308
7960
759676
52372
2278029
57221
128649
3737440
195244
25907
2674832
2771330
848681
39693
90771
2647068
1097580
2162629
123707
2895674
404565
90491
3639232
36584
1649595
23071
2720926
18832
1679265
3583771
158394
67951
45384
66291
983897
12788
2279268
590847
19959
24892
2077982
12504
71116
1170957
44755
1752261
2028814
2880471
113702
2911745
2450242
57493
1501449
121538
24587
643621
110188
216003
97687
50217
98285
2953809
52433
2656851
2846874
21000
1494301
91242
39752
138105
34529
987024
1230723
97789
60877
875075
138320
116345
2805980
172189
7271
2734236
719158
26683
104147
2682762
20652
91594
3886932
1484224
20792
1518724
1321419
2366098
103656
3482886
20302
7158
116203
110845
115279
183821
28322
2622988
3638190
2390084
3511650
92028
66110
96223
21912
776698
17073
40059
79403
107877
41587
47687
1392160
386904
126188
40413
1981246
2451498
47727
2486498
693634
61052
2823270
1910565
80437
1711983
37795
150508
39522
1461033
94382
925713
38467
2283477
34684
1215493
989028
54627
19052
39347
733200
122238
171918
55616
19709
157452
92985
2715815
46473
32337
37849
767044
43385
59957
58456
56865
40445
78098
197497
2419372
16740
931803
92383
21248
2165247
1738040
21446
455470
128798
141589
83663
35090
2848841
23003
44542
1954781
94956
965542
27317
133158
86772
2983682
1085583
204115
40043
52012
3288763
3682558
1035959
38557
85502
108565
129891
520098
554549
23394
19525
170678
2750921
40524
2780506
23296
130397
275516
794482
380445
46024
2442128
759819
2831527
46134
2916770
262157
1170512
37903
30421
133858
31517
1103840
2439121
2699169
52267
49783
65171
39235
3578882
48836
1696708
1060926
79567
51394
1155753
38582
193329
56707
767922
831167
1466632
2427884
1124188
2321045
136931
1034530
2879540
983609
3081729
3062961
1850153
31355
220393
2679766
42250
87871
38270
1134237
154923
2098590
53935
33671
41098
8730
20380
261801
62903
91961
2163464
20485
2805714
76393
34783
35716
152885
2869871
2707636
240202
23537
2941965
181527
31000
890824
2688065
1024009
66682
905231
41618
20378
80861
28357
1917072
1051422
100628
44942
1492356
1367870
39574
85894
238711
40238
3551242
3568616
101690
190000
52459
23403
1926301
40443
92884
141507
120929
2110210
1601788
1006690
3697682
1055012
36013
1606807
275630
47226
3269994
2303916
73744
46498
41472
101286
211588
107657
71127
48150
50865
34307
19949
2794118
1783813
2337942
1619747
3604528
3623508
509262
2963127
41592
24917
25645
2335485
43680
485474
235615
1592916
18774
90480
52043
58808
1705118
34121
2001897
480347
83610
104857
132873
1428229
1049810
1979409
2793710
3113706
224415
785907
134299
2672289
27252
32971
53728
3445593
215214
1699676
40222
1280961
57626
787707
3107709
59723
43571
145424
674767
683714
67008
1157430
86652
272561
18309
38273
2846394
1020489
2272016
2540676
1051359
2433562
48661
59329
102632
101237
627795
18925
140562
2397791
882574
64023
187474
990899
487166
35410
87715
151124
1359985
167603
342
51743
1156743
3738237
41234
834137
73571
2108765
172062
12787
197495
131891
1119043
2736556
1170733
901276
48269
101884
40508
161071
37680
1017828
153848
77973
38718
904975
705661
24842
237787
67074
2457462
28327
3453181
1434597
168088
2078000
45183
44855
114424
47626
1796297
667654
720942
57365
64187
2443087
177711
143392
2786490
1050439
306387
40014
55605
1172552
34136
126828
77124
2528037
1367845
39668
734434
34881
3336654
240273
130395
39990
2361248
214855
212062
56190
2858360
55001
3204
47326
19592
1503603
857603
98309
88985
117536
440205
93679
167742
135205
1033476
39959
26666
937689
1944713
44668
167150
288066
87181
285987
1051360
1734749
111546
90145
52922
1458877
112285
887763
477088
3095597
226458
49574
128114
2400783
3125025
99061
39192
64015
3817574
2265009
562932
108554
1042530
1691878
1961438
86340
116021
52885
19853
1922423
78335
18773
1367474
159875
1023281
647405
1042938
1053866
225744
87154
68898
29033
119588
191575
41727
62297
57281
30906
44816
139168
3204575
55252
2620706
200213
1008447
91637
1442163
60998
38780
171244
23984
34527
114067
203632
3707946
1469284
57872
149831
2202593
1302324
337503
91239
71404
67896
1056749
130811
76531
1410548
3516
1021247
775072
2271055
3370176
10844
45802
90735
435620
111591
664225
1070831
767043
43972
47641
920943
1520808
289380
47458
85675
188852
767768
143161
48532
59743
26773
82003
29428
78976
30802
67892
520735
3626662
1477214
547275
165151
927699
54801
42427
85224
3130371
55697
1564883
53315
163891
1729203
104032
77564
1289996
1492355
1092304
250478
173265
96089
404645
177508
66370
147265
1494300
2987243
164175
60245
512438
56555
986196
159563
917091
85555
57416
52342
484985
154633
60211
820509
2521259
93676
1312252
83390
2425679
3354037
26918
14584
1170511
126132
198761
96302
147371
106057
220650
32176
90481
146224
118306
32934
1619748
40587
78464
162162
233717
69444
1051358
70381
198064
36993
210527
246202
55510
1469353
94604
138258
60709
101215
1065039
1481080
20576
55178
794481
681610
1654467
80290
1155751
67502
166323
171769
54239
68739
42148
83662
2864137
40542
2528035
3460969
2044338
23736
86971
47886
2182777
249946
53687
1183797
1094370
677729
90783
74620
9889
16610
81963
35124
857602
3562706
3245110
116346
42705
1926958
838742
1897317
794480
64613
2586420
540955
4374452
611931
3494034
2161172
3499015
2450838
3340195
3152325
1431549
1578505
3688687
1113049
2947218
3733941
2004762
3035495
520475
2440338
3417820
2440339
3035496
2871885
Total scores: 7048
Average score: 94038.23
SSH: 5677, SH: 356, SS: 37, S: 99, A: 837, B: 35, C: 5, D: 2
