2502643
2701095
1968674
2479035
2234808
2298847
1642274
1849580
1157868
869222
2818772
890955
968324
1915794
1983405
2064537
1544643
1969005
1828400
1969637
2027987
1812660
1872396
1871842
774965
3086147
1861656
2480904
2085476
129891
2813781
1978495
1541853
986939
3131480
1951733
2485259
2450629
1989332
2302319
1292434
2084319
2060305
1603635
3074336
2475907
880321
135783
3002764
3203932
1811486
2535968
2201876
2101240
2706393
1452481
828806
2232538
2280822
1241443
2690695
2143044
2442744
2421848
1820338
1600415
1266164
1649528
2540771
2102902
1868446
2324126
812590
1961032
2183659
3148192
2469346
896843
2619190
3199185
2400672
716176
2591255
1995244
1077522
2039850
2522651
2123647
1072406
1676639
2022718
2317079
1222063
2574593
2498108
2245478
2479395
1130622
2770287
1968148
912808
2547328
1003565
2788498
735833
1898522
2455119
2299178
2028397
2052319
2266069
2527003
2382179
2963023
3163007
2125537
2678820
2226975
2255705
2233205
2063501
2488400
2584865
2266572
1666423
1992818
756508
1868881
1316758
891867
1535738
2573909
2505985
1894827
1029307
2619363
2165315
2524708
301176
2176046
1901794
1675830
2684682
2562227
2645524
555797
1810154
1888083
2096362
1217417
679903
547566
2064555
2758329
1377917
2922555
1917158
2618028
987133
2428357
1983180
2126101
1989203
1918539
2348884
2589617
2690060
1211828
2230711
2485991
2347627
1899894
3211124
2389623
1669721
2208203
2791350
2047674
333074
2579159
1820339
2124108
3160386
2188088
2624365
2428496
1890237
1528015
2195031
2334422
1582549
2070366
2430730
817174
2686261
2681037
454024
2054965
2444149
2729826
2231040
2510638
1746618
2168246
2665781
1716795
2962941
1915983
2713369
1633126
2659376
1082260
2556686
2015527
1985867
1623025
2940824
1749208
2716253
1786276
1429798
2796865
1468467
1768374
2813346
2983699
2554595
1888719
1922046
2191460
2584022
2146225
2255707
1939029
2229349
2800872
1659311
1901435
833389
2356485
2671796
1908523
1648055
1746492
1248109
1784314
2067454
2324204
1997180
2097288
2778561
3257225
432155
441320
3043831
905745
2711056
1819587
2342037
3102507
701018
2089695
1869935
1911335
1818604
2416659
1921069
3105221
1077523
2337838
3275209
2090723
1528970
2939383
2395518
2492320
2232950
2769841
699318
1898523
2265195
2129420
831241
1436138
2346534
1911346
2752527
1181761
2291511
1935596
2495640
2479400
3259314
1404869
430371
2288966
1451733
2594989
1199955
2372012
1627148
1644700
2283850
2476527
1546559
3631356
1569153
2330482
3320808
2034967
3414024
2249648
2167561
2944619
2161910
1697698
1652184
2486606
3106703
1164324
1770020
1402392
3188534
2473043
2270137
2221476
2982835
3135940
2052478
2285354
1850085
2616983
642163
1799497
976190
1007546
3651245
2965579
2118900
2240404
1914227
2185350
1937044
2406372
816453
2735330
1433158
1598723
2788250
2791409
1877694
1496709
2039417
2020385
3330918
1970133
1702903
3296267
2365983
2776489
1725613
2264342
2336276
1492621
1049018
2777472
2082715
2478278
1869428
2449782
2881840
2670866
2722404
2777517
1953921
2777202
2075085
2458223
792989
1590239
2485990
1642431
2124671
2152441
2250429
2280371
2227050
2563087
2235694
2320394
1156536
2718118
3041405
3332151
840538
3004063
3227863
3108251
2251000
3023180
1868302
1889235
641169
2410430
2453508
2601148
345189
735403
2261517
1899895
2655226
2044492
1743124
2820129
2163253
2824260
1258993
1643649
2297301
1562168
2094186
2574379
1911526
1530587
2719429
2163089
2598029
1845585
1897589
3052320
2468861
2640348
1462180
1515526
2861458
390917
1949562
1958759
2631491
1605533
3000283
2573905
2132775
1850300
2516463
2889396
1961046
2449791
2809095
2195985
2934166
2735332
2376642
2456559
1079056
632877
3081596
2153771
744673
2771907
2250471
2067426
3268455
2685785
2150812
2633997
2356514
1911076
2200880
2151909
2556204
2748487
2479398
1889232
660818
2039543
1377957
2636826
2977639
1898484
1625426
1759844
2744579
1231294
1871128
1962157
3262616
1956515
2583506
3242443
2533159
2399861
2450081
2360820
2470132
2783901
2186288
2434435
1459488
2225530
1925456
2131617
1995302
2969983
2619918
2395516
2286125
2316519
2313864
1896862
2478018
1888718
2434106
2153558
2554221
363063
2245856
2702189
680886
1325315
3057318
2040812
2142716
2339362
2660177
2337839
1794985
1649916
983355
3320203
2228961
191771
2332240
1929563
2514909
1780840
2034895
1659310
1315479
2064302
1992475
2468862
1418129
1388300
2766315
2572107
1438912
2727031
1950551
1911347
1898552
1757416
2357806
2454972
1876016
2277126
1983241
1872989
1628219
879418
2405972
2761853
773184
2625910
2340924
908373
1929543
2480919
1700957
2443190
1981208
1324847
1863205
2058172
2473365
2026007
2014634
3003518
1712589
2890650
1465467
2055413
1946302
2058351
2290452
1426305
2577893
2119836
2593389
1353243
734339
2007735
2983701
1676776
1752315
3050914
1841827
2659349
2007815
2061188
1957843
2697112
2294527
2013735
2613064
2187979
1994939
1804851
2276355
570965
2247102
1704123
2244488
2154178
2908444
2014636
191805
2168156
2498640
1172150
1069950
3045747
773398
2503801
1086434
2468864
126645
1706210
2946498
2426085
2224110
2689666
2176307
2932842
2314539
1822293
1986962
1117758
768459
2255709
1942312
2948994
2716070
2064324
627765
856743
1393271
2481889
2660175
2586028
2468000
2635966
2463985
967296
2354175
1454087
2473045
2921283
2008513
2299512
2012850
1756434
2660176
1755730
2496630
2740455
1384506
3358495
2979005
2183943
2607817
1937403
2174443
2517353
1532429
2592321
1169865
2947308
2153072
1230741
1966001
2360532
857624
1997286
1392016
1816785
4388532
2719653
2064304
1784323
2391307
1579234
2134799
1748667
2252983
2517470
2691878
2983698
1526606
2311712
2983190
2944376
817763
2933755
2178009
2922036
3345758
1962267
1262796
1428633
735021
2678652
1146122
3085013
2042325
3321763
1839915
673821
2061194
2275756
2345749
1204198
1413933
3111811
2557984
2952490
1347729
1869534
2884129
839569
3158433
2820662
2517929
1368231
970398
2719427
2826715
1127798
1776020
2391308
703725
2401070
2323383
2537859
1351501
2692023
2823526
2479397
2588362
3220664
2544479
2191881
2707395
1200272
1517992
1602634
1043223
3009647
2357589
1318195
3229146
1383592
1951676
3275870
1632673
2299368
1536493
1576174
552068
2998902
2584425
3342480
2126411
2680484
3945565
2765071
175666
2297631
2533583
2141650
1383146
1862183
3198888
1489084
2719802
3325194
2527867
772293
3060395
2358119
1053415
1768264
1938837
1670447
2187430
2326267
2409988
2845162
1957278
2155904
2321761
2556238
2481302
3267349
922748
3563444
1770620
2825892
741572
2394332
2733250
2168476
1640115
3076323
2257328
956254
2472562
2279950
2088589
1978280
2292714
2237934
2356488
1966699
1972425
1923836
3444932
3007202
1562169
408494
363043
2107124
3032453
896753
2453247
2818046
2893406
1901149
1800922
2050239
2984647
1752464
267657
1919543
2772956
2161977
1981685
2721072
2514910
1420671
2700999
2586210
821336
2494808
2313315
2993045
2582087
2581271
2355361
3088564
1744522
1012160
2235652
2788712
820480
2484271
2264343
1307401
1711221
2072475
3094958
2284222
2158423
2054194
1181521
2996918
2551232
1659594
2096523
2928943
1974685
1946789
2028792
1887453
2162549
978965
2850593
2125399
2061190
2022531
2287891
586761
442206
3346255
1583561
1083583
800249
2424904
3140221
2724375
2969096
2082447
2310865
2718457
2109961
1884044
2354377
2765289
2415476
1264070
1616500
2791761
1658726
2788496
2171721
2677178
2400632
1426308
1826120
1794350
2083838
2486391
2187326
2505928
1889563
3267809
2483158
1700933
921252
2077642
2492886
1462996
2294284
2193799
2583315
1922720
554378
1939648
720614
2559128
2335871
2631387
1641266
2744197
1929398
2646057
3244035
1743239
1726866
726228
2523114
2023927
1034343
2886125
2167894
2873280
2575442
2199185
1610022
2413705
1858270
2198669
3887884
1324964
2530752
168254
2735647
2236439
2613061
2887659
1939786
3011296
2159182
2036852
1658801
2829645
1941767
2982593
2171644
2664687
1985100
1966084
661710
2479998
2897090
2620913
1962939
3050932
2394576
2190250
2109396
1971160
2377957
1863226
1978458
2309576
2363927
2069968
3107223
2692277
2346531
3054066
2828048
2233386
2088253
1717644
1938321
2526297
1883033
2320620
684797
2422343
2581860
2626469
1043757
2143040
3170446
2412506
1653145
2537325
2046125
1925478
1542373
3115525
1281383
2994349
2590322
2984646
1621084
1536487
2261266
1865077
2911635
717133
1898521
2349701
1526485
897968
1958830
2273991
2054205
3320809
2294521
1606044
944717
764560
2588363
789765
1139239
1302354
758461
2257202
1943739
2362629
2957935
3055880
2618743
2716040
722894
2597725
2388043
1398995
2719430
1863206
2570318
2283409
2157983
1911799
1628302
3229225
909764
1494431
2497172
670892
1630671
1400253
2816394
2232066
764652
2796264
1641465
2700470
1859742
3913591
2799276
1662552
2369025
1590901
2994882
1939643
1020665
1925936
2566337
757664
1898639
1971493
1629306
2337439
2011555
1183569
2751148
2323381
1454089
1863198
2315299
1941947
2219809
1752313
2010214
1716393
2181268
2005979
2374504
1752416
688305
2097994
821071
2508627
3035501
1921070
2999004
1512755
1266392
2078961
1283710
2270951
1546560
1875292
2733026
2419638
2452875
2787352
2906448
1934707
2471823
2588469
890811
2716690
973208
3007672
587577
1627982
1933174
1966003
2326286
960991
1836456
2135438
2017881
2395972
2159804
716401
2902129
1744644
1235392
2225699
2354365
1863414
949233
3230683
2341586
2961594
3326383
1964637
2780579
2300737
2739658
1809682
2899404
2779927
1992840
1891182
3090815
2223096
2225448
1729807
2681072
366241
1828121
962854
2762089
2134409
538388
3006043
2402658
1978896
2056611
1576304
1618411
2796779
2387625
2867789
3392548
2995539
1609565
2751920
2219332
2287035
2861807
965550
2597330
2164095
2242256
1264972
2797443
820736
1917157
1939988
3157624
1508715
2262846
2620912
2100225
1979226
2197078
3046376
2168319
2493535
2930635
2376637
1808437
2610580
525769
3577161
1897802
2116770
2306903
1014418
3099992
3253096
2225415
2333514
2233313
737493
1993172
1892206
2688823
3719433
1820965
2006020
3268928
2512373
2682717
1876631
2587040
1980739
2233908
2122583
2683573
2653116
1848337
2621030
2764448
2397586
1993354
3103301
877556
1573205
2628926
1102144
1899714
2528262
2132928
2628834
2635855
1792319
2371574
1983678
1785485
1738518
1964091
2551698
2774196
2844083
2229109
1630904
2256396
2452516
1403276
2189444
3583769
2011437
533357
2216352
921821
1126923
2688276
3109152
3345966
3527902
1890216
1040044
2037317
2871800
833638
2805447
2200470
2957446
2992795
3577164
2047406
1843968
881320
954108
2066790
1058266
2260816
1087562
2429113
2620101
2432926
3075336
1873633
1990454
2287872
2144782
553034
1944231
2522356
1831435
2018512
2167377
2132924
1270359
1389310
2923019
1980651
1528937
2363943
2257799
1960255
1710158
3774858
2226957
820004
1879802
791320
3527176
2542146
1480366
1725369
3175727
2742648
2017538
1616715
2236143
3169833
2361348
1807742
3157428
2344652
2464689
2672240
949093
2149020
2478408
651492
2243450
2260625
1572052
2930591
2957552
2420187
1890476
2301239
1642273
1290383
2850644
1686714
845877
2170685
3457798
2206599
2479336
2302272
2613063
1211507
2479647
1007881
2825067
1052987
1584207
2809896
2226668
1944897
2154187
1517345
1711388
2386354
2722266
1381991
1520670
2458056
3014448
2538808
1539039
2097809
1172819
2776488
2382930
2458212
1816192
2833713
863928
3037814
1917058
701005
2506085
1518441
3107806
2209138
2083683
2591254
2241358
2360038
2078042
1791096
2431787
2326008
1685345
3898300
2643242
2844141
1120092
687404
3268051
2220692
1810285
1163440
382930
2269191
1717798
1700102
1414429
390130
2160547
1319612
2383115
1940777
4097151
2598994
911517
1253986
2299561
1920436
2172169
2986112
1807739
2504904
2150025
2943086
2852039
1659942
2087332
2163084
2274932
3276314
2443649
1939173
2340905
3260996
2063643
2405267
2542475
3188917
2925978
1785424
2828902
1952294
1438651
1978834
2415690
1925933
1814768
1159359
2884476
1709966
1864006
2072626
3358213
2553242
2061247
1027034
187378
1159425
2131582
1636952
1613453
1819333
2265686
2750923
1680849
2710278
570623
2794533
2640360
1877959
863253
2459210
1256802
735378
1898492
2335346
524900
2685099
1108058
744444
2356484
1892052
2073587
909112
2263669
2275456
1945281
499839
2273692
2703370
1642753
630591
954576
3367543
1301516
1264380
1961963
1611178
1862127
665240
2031676
1628216
1083055
2108228
2730290
3230251
2007483
1010596
2044560
1659750
1709046
1983446
2120896
2359377
2117380
2378015
1546264
1941209
1921936
252482
1784909
1997081
1885374
2208198
2883509
3194254
2320117
2564338
2815870
3115518
2154177
4113396
1678799
2350225
1528295
2169820
981641
1988434
1954783
1997225
649113
2286983
2988611
2585233
2830692
3000203
1078503
3099686
3245112
1989991
2608985
2669841
3428524
2068142
2105804
1573997
263807
1693060
2099728
2818117
1055833
2900597
239903
2680014
1857003
2721242
566085
3227690
2142522
2528930
1370665
2940596
1665716
1990676
2024002
2480928
2248906
3104570
1388891
1588070
1962955
3311576
2086279
2348566
2962115
1861011
3059421
2813837
2440571
3119078
3116037
531151
2595817
3096069
403262
1035898
2654115
1519160
1726062
802440
1304553
1366191
1678850
837953
1569743
1659078
1812658
1723590
578163
1768387
2044547
2062030
2205660
2265685
648081
2955953
2848773
1662302
2288379
812824
1796164
3044298
1873147
1613232
2664458
2234037
1759106
2721515
2368085
2200174
3329929
1589619
1914722
1593927
1862062
1938063
2554361
3255952
2278201
591347
1139341
2349438
2604388
1760839
1308048
2234162
2155524
2185106
2290835
2034145
2821140
3088977
2528358
1796153
1387233
1535742
2393487
2613711
2038186
2967257
1881819
3043054
2187504
1738876
3783782
2190320
1170455
1426311
599293
1058754
4143227
2058902
1688332
2444666
2335845
3185854
2476319
3156884
778703
2366454
1971136
822482
2090815
2285573
532841
2367604
2692173
3125909
1799797
1988066
2357824
2345195
649492
2639105
2559136
1714819
2395149
2593830
1003915
2350363
1353365
1524996
2711306
883126
3188881
3010638
2559127
956042
1814067
3117488
784971
1417729
1160979
1067682
3075337
1777991
2730293
2418213
2923623
1863224
2521159
2019661
907626
2499393
1968465
2086580
3253634
2065924
2510566
1761724
1652519
676635
2322266
2153099
2200626
2658042
3047709
3201156
600975
2235265
2321575
1491273
889323
1758674
3113327
2262523
2647906
916387
2396390
2395933
1083664
2144228
771349
1938846
1261879
2057642
1861434
1486582
2479006
2715151
2783494
2102353
1824019
812736
904687
2390351
1387760
2779282
821339
1803208
1634526
799208
1736727
3327824
1932891
2195938
2480901
2145369
2103541
1696684
1317290
1975372
2706518
1319285
1819903
1505415
3096214
1898519
1937979
1850120
1070756
1713410
1866610
2628691
2281639
1088043
2039544
1027866
2747701
3836324
1865367
3166584
3107087
2359020
3346088
1178479
2089202
3834009
1947202
205047
2350389
770646
2646568
1401173
1914037
819248
1397348
2480927
1401231
2791096
2959819
2025328
2935168
2846122
2106986
166779
2633477
2461363
2376713
2590064
1741492
924668
1819160
358249
1078509
2485989
2598205
671659
2102121
2180045
1821563
2291721
2115740
2628259
3520227
1619555
1782569
1871298
2182836
1142484
2184368
874745
2226819
2548103
2529041
1898580
532093
2119027
2603609
3837547
1897316
1058948
2990769
1979227
2328433
2405970
2179436
2020156
3099315
2840490
2925832
2190288
2098934
2077577
2743896
2086579
2038792
2151910
2565986
2108923
2054307
1756356
1187250
2577690
2480903
1368401
1528368
1214658
1384505
3224505
1266635
1654061
2351131
1903811
681950
2563913
1126915
1240054
1115856
2341603
1862522
2525043
2714494
2286489
1454881
2164160
2383096
2901682
3277590
2375946
608879
1319297
2038750
2403907
1261914
2440485
2163975
3185326
2018290
2359099
1507182
2542588
2010669
1869047
2249551
1369868
2246145
2752051
1122284
814734
1993418
2050278
975518
2702375
1081509
1500049
2054200
2054191
1454083
1687460
2532167
2282368
832691
2649539
1989147
1784017
2413707
2082094
1123208
1646567
1489051
2125384
531216
2210863
2316009
2430086
2234164
2063642
2155936
1025551
2223745
2333525
2089677
2098534
1947432
2759709
807983
1644535
1236211
2415486
2414804
978325
1400254
972292
1732926
1713374
904077
1567435
2583502
709553
2077123
593569
624723
438316
3182426
744675
1299082
2195736
2028973
1975297
1807741
1799969
2438986
1060576
1099395
1064959
581185
741377
1827920
2232374
1943046
2237584
1177753
1759602
2684278
1023083
1811460
3107392
2865232
701190
1864906
2096104
1725490
1427479
1477617
2086449
1876634
1791443
1658251
724212
1041408
1258186
758460
3058499
1477396
246584
2988413
1011261
2010167
1183257
2277997
2968871
2124661
3097924
2084316
2869329
1383927
2493815
716557
1830300
1189269
2478381
2219810
2177028
1528926
2078064
1520992
3027506
1836440
2180986
2157973
1184647
1627723
3569579
2197250
1947337
2149340
1922744
3246724
1805758
1799431
1776742
1665769
3467573
1420549
1508906
1703667
2218593
2997929
2904324
1583070
2274002
3428310
512000
1149996
723411
2787990
1747285
1637017
1956448
1876017
2743169
1675758
2202822
1562893
1366939
1093392
2378549
1500993
2146094
563476
2757086
1939345
1647916
2559125
607339
2473044
2241923
706817
2038977
1047313
707845
1294883
1933499
2287845
3019856
1267599
2481741
3609323
649506
2735331
2735420
2314380
2516163
1926750
521397
621505
1537200
980743
2782643
1437338
1515652
722215
1898551
2549282
2584864
1761677
1841899
1682494
1077525
1090384
2548909
3678924
1784007
2062363
1580210
1414456
1034889
2046464
1617569
681579
2154168
2088949
1615569
1939272
2916185
1477714
1449412
2219848
792554
2728186
2344118
1803640
3031685
1842043
679759
2416975
874049
2622332
2084661
2234918
700759
1323227
2310736
867282
3699002
827803
1944442
1421366
1569585
1281081
670770
2844267
1310812
1628220
2342693
756324
963835
3278294
1177520
1298485
2269189
525766
1872563
445671
1348658
156679
2587027
2987408
2354602
2171772
1804182
1742530
197813
1218838
719594
2356486
1573998
1156669
804825
1031597
764003
1765084
1242895
2797361
2256756
1844416
2636049
2368961
1474610
1845973
1385396
678652
2026391
1886292
2754193
2246356
2946497
2283574
1051587
1415008
2053363
2929651
218055
1816172
1969096
2452099
1065821
3215934
2729414
1484638
3046931
3187194
1464580
977093
1086956
3004854
2721654
2825422
1565265
631963
1569488
804815
3072318
2158036
1542952
1536940
1184664
2373558
1943557
3200376
1975911
2962206
1529309
1733571
2690880
2558580
2276338
827200
1481149
1097543
2014639
3712598
611877
2100202
941302
3595696
1806464
946535
1417471
947333
2317701
1793625
2125723
2346860
2125366
2416656
1989990
2498454
2744118
2512368
440344
1717796
2725790
2830129
2027183
1742470
2593243
1212291
2204642
2023120
816821
2233760
2733511
2732033
2952114
1621858
1983024
2477307
2585154
1492637
2836842
2513715
1304831
2735333
1107102
1801894
3757790
2815257
2287620
1172029
1801652
3003472
1647542
1295194
2824263
1219148
2086379
2638888
2269544
1462801
776600
2887762
2506713
2428598
2867730
2653111
2839791
2868674
3168330
2535464
1874165
2596008
3032009
2645666
2755564
2068168
3571601
1975886
1900365
1937046
2594993
2054198
1282279
1640908
2413350
2432570
3056312
3082200
982251
2648427
2798826
2601642
1270687
2751787
1754659
3281757
2509341
2267564
1086592
2751758
820481
3230066
2638692
535189
2209919
666445
2686485
2800903
2196360
1192002
3358212
2331984
2351858
3182347
877728
1974409
2349207
555965
2596103
2363831
2204234
2436189
1859247
1515406
2397591
1967172
2980206
1501757
2432455
2238398
1086303
2724942
2276449
2316652
1828691
2778578
2075243
2113754
2843789
820733
1940924
2716745
957468
3096028
1480196
2019880
2283411
2225505
1191921
1872562
2200172
2274013
848345
305948
1480862
1927541
2506721
1785659
2997438
2829681
909494
2711757
1859223
1607369
1245714
2726346
2407203
2400633
2471454
1212692
2618287
1219310
3322526
1809964
2023996
1675384
1041934
1366189
1121983
1817464
2757259
2197734
1077527
2234038
594307
929999
978858
3510560
2225703
2812977
2395150
1566520
1972105
2269187
2101856
1073278
2384031
2761854
2227418
2773398
2125716
1432297
2125719
2689030
813775
2384085
3822167
1602635
1495657
1023042
1506561
2522270
1454085
2174050
2332088
2329321
701528
1415526
2082725
2038185
2292956
2731312
2719334
2994071
3845952
1862525
2699138
1347993
2298473
804960
1773168
2483949
1681634
1527960
1018845
2133576
827952
2232127
1175755
680689
1518162
2350525
1661477
1104323
2318096
3004787
2850936
655794
760743
2579044
281390
1396342
2836433
2831915
1943871
2517071
1714634
1167475
1315116
3209338
2069207
3168834
663725
3669550
2814386
1419149
672100
2193364
2036903
2901248
2324484
633519
1520055
3573701
1628221
3172209
3366724
3739316
1696207
2851636
2130435
962782
1013839
1086057
1967350
1636757
2677188
1419974
1481747
2586420
909990
991014
1142884
2380608
2391305
991733
1896581
2167265
3276482
2880794
2785487
2401293
1725575
3371379
2956199
3557474
1879954
2117273
1737389
2231041
1332900
2616981
2413216
1581851
2593669
2128359
3669551
1316353
1595196
1989198
3003358
Total scores: 2609
Average score: 229730.96
SSH: 628, SH: 423, SS: 5, S: 42, A: 1272, B: 200, C: 37, D: 2
