3892050
3018109
246397
3695448
3596820
3717577
616229
1969488
3853440
2496646
442905
3419777
2089071
2888176
939197
1808605
1928680
165416
2618611
2906572
3239998
1228616
1417468
450440
432095
929699
532911
2578718
2837238
3448086
3533719
260489
762274
774903
1502678
1093605
958098
703584
425916
1414519
53554
956099
1212686
936406
1695382
667021
489016
806584
811925
765327
3845969
3504528
1738511
710881
381490
115013
419551
2280910
689521
658127
2108789
1860169
2967480
1065689
3897519
1342786
3844593
1086050
2075704
2973388
3571123
327526
1241370
675734
2183206
888010
401513
1990718
3228972
1889238
1032054
696461
48985
1103965
2509953
722224
472580
350132
806019
247037
1629581
2044183
181253
733772
2042533
557821
2926075
1803466
2360394
403050
1754205
3956011
2316176
2897611
1754777
357638
855762
2612742
110347
824931
2440219
205282
1192085
506357
2153404
537235
3722666
3840593
2573530
1073201
1619721
2013879
476149
1164889
142772
143014
674188
228607
2985411
935402
58915
1862062
1842043
437377
1744110
657509
1876081
54697
2710347
103281
668662
940751
306049
658561
860022
1668359
2192665
1253183
3600573
751969
1097612
653547
1676603
1138405
431147
3168616
887095
2675573
2496721
725166
2808771
736214
839612
1391282
1725588
3087276
71562
3005302
392347
3361951
386728
2621468
3203932
3341681
132946
75719
814457
2468315
882897
295544
931597
465496
1814018
1030026
876685
858389
2258206
112158
3325194
281843
443270
793846
3690250
333074
1992962
2833172
1494828
1772924
399221
1568203
2573589
962500
2579562
806625
1695991
3119805
757003
3652652
898597
2454429
932400
2219800
1804553
581141
2103163
1091478
2464765
2828404
703177
3774968
1915798
131009
1873147
1532240
1754013
1725174
880206
2053770
1300312
425992
2199392
483430
887252
2069999
2285712
1868131
907479
3901653
403039
2716253
2223303
1351956
2694184
1529189
2277989
2012300
879186
555797
1537566
2502889
210718
1915983
3242402
2693308
1977741
2305425
735021
974662
2335553
346774
3010227
784105
773567
585605
3721092
2686903
136673
655300
3351139
734339
1939016
1850300
2173387
903667
2075222
3741043
830322
529108
1848062
1576890
2659368
2671796
780182
1649884
3698565
3636000
73561
860731
507728
553574
1412284
2246145
116938
1749064
2328043
2198092
1869167
3563060
1972419
1129261
1725575
196499
694958
817929
1019424
1258579
1701404
1412805
2270502
771496
2462686
2024425
2086904
746471
1001682
163836
1520526
2537875
1153255
1260092
2818493
1911445
760894
2015472
1853347
149388
1619884
3932145
759318
837877
532958
2758963
1648053
2027920
2309955
1900556
2684841
720314
3197402
861889
1909191
2225121
36077
3158094
1608558
2978009
693195
2260266
1721685
98452
3247754
43388
2455119
1633126
404823
2259898
3078744
2132804
246099
2245529
2839813
335628
3032862
793620
3336714
2657902
1096903
804534
3831294
1864177
2180631
2186281
483880
1475668
358273
60238
3048981
3039700
1069773
2245993
2361251
2994534
86044
2589488
2078195
804960
484890
693288
2126752
2434106
2721389
1863246
1621319
3209999
2410948
55507
3241159
1889450
95870
646713
2152441
1872812
674484
3994109
1385398
657917
765873
221777
86352
2267030
683152
2288176
589965
98109
749197
2223742
418725
2934950
2251196
854616
3735218
2287170
2040134
2718457
695823
831443
620789
248501
1636104
676636
958308
1655981
634479
59381
1784314
2955318
2358116
556909
1476606
1600415
2663395
667282
1855834
1318439
908042
65417
2395794
3292605
927047
1319335
2526538
2784506
2707955
2220146
673787
3902731
964622
2148692
1642267
47152
1346941
1819782
244230
2151212
657054
2604568
2598720
2332135
635375
3104462
1655167
481282
1892788
2921283
2257469
1769144
3032033
806017
2026795
3121310
1907051
2811130
928677
2082939
1244293
2843601
2196559
1506910
910124
1739583
3385969
2898610
2646080
244117
1077151
83975
2818157
477346
281389
3793291
114465
2110791
2118197
2442529
2443183
171767
2785971
973278
3173896
3493603
1141084
2684212
193641
336295
217253
1045027
641387
3493852
735689
3644427
2733973
2108245
2643867
50761
2036340
718679
589969
3126436
1935596
807074
1682436
1307142
509913
2832335
984887
82604
1517726
2558617
2094601
622287
3060209
797018
1940170
2556804
3298735
860793
1316910
2479531
3981702
1889137
1360583
2420819
1983124
59673
84964
2156842
1759483
3018624
1918413
415307
2295871
3654495
3141485
978326
2318971
1019191
3271406
2540400
1077370
2997437
1256809
958093
756035
748505
1397930
2766688
1663107
2094892
2040130
803828
2116610
48737
1811527
1983676
3596803
1725346
1752927
767203
771858
956456
3033543
2699196
2210239
2472715
543814
2278502
2338610
2317700
3385965
1848487
2688290
75987
2036515
2146969
2684033
3028229
1760374
3266738
598867
2666136
2793070
3796038
1733345
4094362
553131
736920
892780
1900304
2835133
293193
523365
3711054
2026805
3795187
759316
949029
1115984
1780941
1206528
550235
1942387
2017276
2235977
2327093
411291
2204234
175397
2461732
2248613
1795177
2211018
2825172
3907767
2911355
3010441
1749900
1015314
563946
1821817
633373
687303
4011524
2361060
2955469
2693593
315867
2190499
583343
1258642
2962941
3036223
1154766
974148
1365373
1051279
1463834
1496163
3619397
116128
1399371
1631290
1343792
2527908
228425
3198888
3077480
1781015
1775346
1356025
2682675
77711
880198
2369402
1002808
1052871
3060360
2515964
1791963
2800527
796161
703794
3726854
930249
3682960
2635966
684691
975588
1128411
1845874
2217629
1204683
3181978
2077119
297115
3110329
2902017
2041459
2413216
323883
3388937
672422
1491660
2514061
2111505
495633
211697
1574314
923985
1317124
1598569
2239445
2594991
2360392
2521562
2831362
1067032
3454956
3776292
1842852
2477065
2027309
692389
2612423
279140
1249502
2472592
358272
2274448
1389624
2127114
930297
718156
1108753
2208012
3108251
588599
700500
252002
626001
3947978
873391
3811228
465524
86269
2135207
730162
1007546
2671403
976159
3228743
2478166
580225
3632257
1056138
2603745
369868
2885482
2869424
2227697
1933112
3336419
2908429
1019006
985141
2371744
811697
2548684
557703
2835869
2245774
1649961
3836373
2248577
1848985
1747832
2122301
94694
148716
2306585
1458569
2637342
2465014
1632339
1538800
1582900
475805
3230247
1601387
1726994
993270
1316638
2389766
2657109
735701
2609903
1229141
3091364
2570596
1406420
2958066
941020
3069848
821273
3076617
1130130
67047
722596
2452645
2581716
1101611
2871800
974422
3451114
101345
2653571
1649842
728877
3206726
2010902
2791350
3572366
4095321
107410
2347052
506891
2993974
1938365
1441081
1682101
1932924
2316169
870839
325209
3121931
3264855
1690887
653568
47686
2454085
2076663
2688102
1997892
3185363
2351858
2107653
2020382
2758185
2106248
429989
3635950
1582587
1064909
778929
3171555
1602470
3966228
1985639
2350464
809469
3268033
2725039
1988250
918930
852138
2020258
2472989
2145994
2171675
1170453
1853547
667349
1818327
2452218
378469
2044364
1623401
693686
471598
1828691
3129037
1016701
1531707
1287386
1085026
3671821
3249334
3196306
1270701
806581
2810600
3279638
1358299
2815293
1943817
254332
1148834
2617332
1768374
803197
1168821
1107102
3109883
592113
1590496
1241443
487951
828527
2577773
2270798
3158434
869704
684163
2024492
897279
2822500
1474012
2807407
440787
917120
2950748
1654075
80197
2885165
3230245
3699355
2533237
2003644
1702172
24517
1315116
368261
1385399
2134409
882957
1428949
1945555
1639561
1402392
1807130
1403276
1939029
2054965
2107837
3144430
3261057
326010
1651155
2014390
101236
2198931
1718671
2755722
2789120
1502044
3049405
1621867
99342
2132775
3420604
28802
1803208
2482976
128718
544993
1650859
2659724
2330482
2357615
2217566
1222063
1531842
2777737
2429296
2306584
2906626
2533647
2570784
847314
1159678
1551946
2485437
2732588
1745634
680394
3462117
1684705
1644700
2023120
1678965
1896447
596161
1457177
1700386
3629508
2967836
53555
2913144
3654496
1477261
3451997
2301162
905424
3700824
1480394
715013
1770368
258384
431957
3944076
63769
1861781
2701526
2068462
1453846
2297302
2907680
2694105
740932
955690
1201636
2002663
2079597
1649597
3863961
63218
2789579
2123588
1717456
582427
2892986
2467744
44402
1816192
1188954
1770623
3283686
905661
185784
888011
68535
1829146
2323864
3206301
1427449
1253252
2302824
2552935
3046191
509510
3077757
1086106
2037594
3367978
44859
3186407
2537177
1907933
1878800
838030
1020502
3315396
1981053
791320
2084466
3180981
1995244
3385232
673532
2364966
50927
1800359
2460720
117232
2911820
3309941
2555507
1628021
898576
2134945
3866704
1147
495899
1474795
2906448
2532628
261697
3569413
1678502
2984646
2445438
2399861
126859
2115117
3302836
495776
1632673
2623387
2996218
2769029
2278214
60276
2643619
216140
2820764
64770
3148734
45211
2025275
1164097
2730833
1582549
1172150
2519190
608923
3970809
1738018
3966234
3166835
92051
2250747
2681072
3555216
1974981
2193795
1397316
1494944
299011
1680262
106475
3045747
1512693
3929510
1343292
1580160
3845238
1848517
1310283
1990449
3041876
267657
2144228
1964637
2924352
2720929
1282215
1851299
120921
3268295
1029562
2975356
1911076
41034
2168768
3046224
2223057
462225
2937778
36263
3262616
2604718
2807338
2394621
1114132
1687347
790218
2403266
2668756
1984297
3236668
2935658
2397739
1498537
1974602
2927342
2532641
803198
2218645
3192134
31488
3483954
67474
2105163
297663
1992711
3324677
3530788
3774470
2857598
3211577
734081
1282843
3343502
2504335
3188534
274276
791636
1361507
788552
1644934
1973577
2266659
206102
2077121
1950880
3198214
3350987
1403103
3603714
2755387
1498981
2234729
2624354
1644535
1162425
1503150
2026782
1414762
2935657
1680858
2731221
483014
46413
2137103
2277711
2086442
791029
1941018
2948236
2627814
2103057
786379
457448
3467753
2633654
1514799
1014580
2488047
1462348
1558497
2688901
3496211
2610813
3173895
2006725
1860898
231179
996357
1733344
2751404
114635
1292092
514516
1533603
1962416
1043170
1676639
1263775
266778
3002367
2787181
1053243
936026
3651552
2671414
3561624
474190
88633
1874166
2298168
2418745
3664368
2205154
1783968
283252
4040328
1603376
2847457
1436744
1358210
3338906
658961
2571835
3192981
2197248
3227744
3179259
3091280
2897563
3133867
2533964
2609730
2557463
3550285
1008851
1614500
2532603
1130600
3627869
1720983
2540064
1480208
2264047
1480264
2170568
3077018
1941532
1963794
1710234
946082
837604
1519137
1858599
3082359
1700408
806325
1062873
800326
3335023
2067426
380625
759433
2792767
3268730
985004
2600901
757984
2139556
1610037
2046104
1372439
2606405
1414400
711923
2479219
2715559
3143514
3160946
2268027
240488
3623354
1551262
2338617
656385
3257450
2486025
1569213
889228
2523231
657916
905800
2933161
2648778
2524333
2114276
2596314
1640219
3237842
1496425
3066906
2272608
2180612
162608
2083421
2930330
2609064
60321
821165
3068611
2665692
3966233
3289985
663881
2264301
644971
3030980
3272535
1969007
1690353
2583792
60544
1007169
535808
3204097
2370650
713190
870066
966001
1287025
3392271
3367957
2633997
2391759
3080926
1553352
1857258
116006
1588701
2342179
3255549
30283
2559209
1826438
2087289
2127691
2813346
46016
1797549
1610025
696783
1649466
861180
2135403
3120225
3162074
2716380
3969637
3528812
1072897
1557181
3624693
3704268
3324609
825984
2628691
2246465
2196278
2275674
3408290
3044231
326550
10385
473210
3450109
1295717
112841
1347841
1674283
1146709
1235392
1084742
235879
2226615
3028927
1838159
955287
955737
2322515
1951646
198977
2107630
522818
758298
863249
1727798
2861458
1354319
2061330
230523
892854
2269187
126671
136674
2620077
2496936
760466
2707240
2226666
2324863
3183727
552280
918415
3807309
1828346
93527
1909296
442243
822384
3407969
2650706
526292
3489173
744673
3542132
2685099
2991790
3660027
3691452
2858748
2916949
952383
769831
3243916
203861
2788239
3404781
3666436
750846
1642274
34522
539090
888383
3565397
2706388
1572198
1000747
2478225
894090
959272
3598607
1034737
2751464
2744579
981872
575205
3684386
794743
3107332
2222861
2533018
3836414
3655606
80991
2089486
3376247
895806
297350
1899511
2885479
1294632
806856
1971660
3275867
3688653
2513942
2288582
1043348
2145748
1639114
1071565
1648055
2197593
2210045
2136391
552068
2802273
1328726
1768904
272291
3110914
3945565
2508111
974378
2138984
189292
1972186
858659
1688157
2494260
1725624
3328030
307618
274938
3183827
3164902
28623
3317517
2939383
2599431
889729
2789475
767924
3787544
3028544
3254921
1918015
3440953
3027709
1039869
306018
2957882
59692
3408429
2817560
3910014
989151
1117758
1620144
2665294
1725999
3424921
2243338
2603526
1086188
3206318
2478350
1849273
2259800
3357971
831126
1672204
2185824
144182
1220839
3177924
2077721
2061191
1861763
3693265
3265104
1837093
917430
1919312
1967680
232661
1121435
1391413
1068704
2659369
2580770
2232410
160491
1589320
1067681
3129805
3240298
3088127
3082637
1511837
1078677
3278461
2620987
3117877
2285566
2476397
2581427
3288765
1045000
1742937
2257350
3311933
896915
1892725
2454838
2584864
1707138
2420876
2659376
743896
1134784
1455779
733502
1502635
2664447
3021835
22369
2581092
1836772
3798371
2222880
180079
1706834
3688760
1730178
1538272
1848337
3221046
3040273
1538828
3072610
1562306
2533197
818585
83198
2434310
1637465
2245775
3112506
1684961
3063660
3876545
326864
47938
589671
630731
1165780
1657661
2241147
622407
2837544
3168752
835941
2231384
2633352
2952473
2062187
824622
972034
3167236
2404778
449848
1643780
2974702
223356
3112656
2309858
2820121
2823163
959427
116708
2156326
1951034
1521043
1555139
2164713
1064969
1857524
1104057
1634214
83974
2156798
2123909
2285281
1860764
2096046
3441958
3849893
166350
1099369
1530620
2173973
3220656
1601126
70764
3296149
171126
1500554
2071490
1749294
1799638
1519346
3144908
92339
1109552
1936782
3640199
2322394
2221514
3460973
1008998
1288429
1121234
1107300
2023147
2155550
2729170
3705535
2022477
2255072
1042342
22653
2564638
3027708
155557
2760263
437231
2308666
2850905
1563136
1384727
2186634
2443815
2586272
2649095
733432
443616
1610745
1655728
1838355
1440304
2840252
2592619
2144330
3242436
1959275
2861986
3692924
386140
3417286
1912653
1127159
1389955
2447302
3015425
779416
514824
3695841
2642550
1419801
177162
3845565
2351162
2887353
60941
2252829
220165
2865041
2635143
54564
2443349
3576473
2109130
39116
1678753
1872396
298007
2118445
3736421
1892784
813166
2103967
1437878
3015895
243983
2187350
2402711
877312
1724396
1899951
2904928
2475310
1046830
392637
3436442
2504668
3010530
2006177
1007896
2984584
3128603
1675830
2233132
2524925
3191016
1569291
1618205
2059455
1701098
2361252
1391631
3125152
2249030
3933758
3508253
637489
21595
1147263
2492038
2115982
1834766
3400122
1577009
1617365
791322
2021129
1676342
2235221
2517705
1849580
373781
1082245
806465
92162
1371450
3056091
3966231
2182470
254562
3211586
3138574
2245777
2489835
3707321
2580963
424925
414972
773195
2896635
710727
3170561
402601
36402
1895402
757505
2798211
2069969
2582895
71080
899732
2067990
805855
2103350
2330438
2744037
2609485
2021785
1082244
679242
939431
1529937
2409978
2104959
1170505
1131747
1148303
3239800
1883863
1601880
1797557
2209201
2442119
660240
2185355
3664712
736213
482453
3175862
2229334
2686031
554519
3171632
526282
1932016
1495498
3146128
3943796
3495796
3206300
3129870
2939867
3236329
3553235
2173002
3054066
2533673
20351
884664
2769848
1219148
1860806
3158738
255323
380964
1056891
1762728
2883758
1540790
3001357
1156498
2041972
1859001
974684
1912412
569735
1836593
814266
2164593
1082260
799711
2350998
898575
3081481
124321
3353973
2144116
2330670
2347578
3275191
1056562
3091386
295985
2517057
2963825
1330828
3716594
2533765
1319822
3201165
2478227
1989839
1194313
3743137
1500846
1863871
2362284
3327538
4074178
1291658
2030843
3084806
3200258
3336643
3181361
3937343
2510353
2043017
3444608
1056732
2849490
3442761
1707320
931860
1842533
131891
1821081
3254425
368933
52386
2762964
2107577
3466266
2028600
1417119
2516163
2513530
2020999
3272896
3106703
1373371
2381619
3643907
275225
2462700
495543
839627
3779493
353033
1182784
2227471
2581846
1532375
1926338
3261762
3037976
1122874
1783725
3203389
1022959
2311203
3685511
3104309
2643272
1414172
2681759
1820921
1164988
1577751
2797990
2790712
3974881
518383
2336421
3360751
3521419
865167
3201605
3044370
74305
2014750
1485947
3104570
904530
2794533
2792014
3716285
709075
3422340
869142
2677229
848511
2112902
3148192
2455505
3422381
2477273
2192744
2086304
1962374
1009530
791264
2790639
1752464
1933174
957468
1805627
2964488
2873261
2503887
1588910
1303641
2089611
2535687
2527556
1007522
3654817
2333525
2257833
813164
683147
974653
33052
1385397
2172988
1633050
1539260
276451
2150737
3700573
2148625
3181503
2108885
2663599
2593925
2118444
4011742
3088541
2159804
1006821
1762730
71005
1597247
1969635
822553
2788620
1736572
555501
1316977
2768994
1886274
1546243
3510509
3457575
3157652
1988971
714190
3307411
1611178
2004413
2336814
2777965
3452597
2548730
1697718
3515777
1993380
3075278
1961271
2761831
621703
434989
1963482
1117798
2358653
2935656
2238881
2063891
2197658
3950991
3714876
3663707
1342371
1097543
553034
1179747
1717798
690608
3836484
2328676
2863988
3225213
1749822
2149558
3076247
2418382
1505901
1812392
3909170
3743299
2817192
3256113
2988226
3685509
1705675
1053378
1614054
1609182
3095489
2732587
2098486
1850608
1752596
2479038
337500
1478254
2977099
1807642
1670456
2654645
3453859
2450128
3136499
3022280
2679109
1919543
1535742
904885
547598
1973638
917704
2496720
3130667
3323564
2008712
1621242
737408
3648542
3071714
3069847
1683700
2040764
958923
724474
2834042
1226904
3690639
1499797
925613
754143
1694100
2442834
169271
2682718
1460396
2679078
111496
2109843
1473302
2973619
2514777
2700362
2241459
1067682
2097830
2016040
1860435
2413552
1908334
1749449
2317701
279731
2699218
2163137
1770621
1046248
3186699
2295086
2011762
130849
2814116
3749549
2367250
662211
2024851
1856048
3294113
2999071
2449759
3226413
351752
3238125
1655730
648409
2600354
201522
2231706
3281310
1526226
2253886
2130269
1352853
3561625
1899764
1046951
2765641
267052
821070
1958830
2088384
3229409
1693573
76663
1028987
2030431
1666338
2826322
3339296
2850893
1643386
2428468
2564639
1838663
3276001
397864
430371
1563445
1934828
2885480
2056797
1652163
424554
1974023
2150682
1128455
2190350
972592
1784189
2986417
1797548
1262435
1078718
3050914
3117072
1620228
1982623
939882
1503914
3543537
2086579
1433305
2061097
2961839
2523311
1243651
2554595
3065170
2305393
2336427
559673
2141815
406970
4131586
1631028
1145587
1682749
1517511
2995994
395027
3372723
954692
2063323
856743
196643
2234671
2931853
2517110
1120752
3048024
3340179
1350134
3240136
1179169
1721919
2577456
2753521
2430973
897318
2223980
2399543
2841097
2132957
2393684
3086110
2684809
1279815
2800368
1218337
2873299
3274886
3170255
1465268
2368769
2690986
3171376
3061852
3209017
1127861
2861156
2561733
2958629
1694013
1954900
1129844
1969005
3200309
2786944
3061763
2869288
521687
3364030
2960724
791274
822651
2514750
206567
2592031
3269373
2939606
2042856
2290176
2349187
31312
3354035
2597931
3681319
1644648
270363
585895
3204807
2989340
2735187
116209
2265269
807704
3550506
490188
2058088
2363298
2258369
3189063
2921706
1739661
3148593
2643271
3155478
1935843
2119075
1799497
2049362
2999135
1024742
2961838
3800179
3110328
1660602
3067984
2716040
2132119
2070432
1031604
2358933
1186518
2222887
2245773
3815499
995932
3338851
2397419
3358914
2134194
3948582
801439
3126955
2846873
2637721
781213
3131277
3045646
3306583
1757913
2104958
1645523
678428
3157908
510510
2179997
3650563
3795002
2895932
1538710
3447485
1978494
1843968
1765442
1838165
2131079
3053375
1982451
3471163
1635439
3604688
2175172
1974526
1180108
3222663
2061968
1857434
2820211
42244
1937470
1990454
202756
3086572
3014776
1613687
2223893
2328680
2965939
1610200
1843231
2843113
2912265
1859166
2941367
1073964
2726645
1294882
2121001
2496521
3369478
1877363
2105630
2118443
3910269
539936
3127780
1007699
1791095
1399324
3159015
651155
1508786
2053796
1775716
2295085
547566
1401809
48082
2391096
2908143
3276559
452044
3500459
3201606
3169607
2335100
2886423
1661222
2533092
2245787
3798812
614843
2918978
1867710
2104148
120800
2232947
3149806
2245771
2764757
3100567
2338619
2768094
602379
1221541
1309215
2258368
2793269
481057
2263158
910147
933875
2532231
2026151
1634415
2218778
3308928
968101
917222
1791443
4052455
1972601
1943551
2377492
2622655
2523524
1234537
907316
2409609
3107881
1645698
1772211
1180619
26471
958819
3208602
1876815
3118446
719594
1895589
3161255
2974425
2384104
1983024
2941257
3112505
1324653
1839789
272026
2005305
1758397
3887731
3654188
2765363
1289657
2150450
1962758
3243261
1396152
2271070
2199786
3163286
1808866
51694
1377957
2501930
2661429
2665171
1657917
2814117
1065863
1506911
1571863
3055880
3143835
2721544
3639413
2303015
2651793
1000179
2773398
2201553
3198118
1856190
1233607
1589647
3426226
178506
766602
1561259
794348
2811131
1612453
2269409
2935875
1609741
45738
3568156
248474
1566064
633375
3222664
3136863
1939648
1728297
1884658
2378216
1678956
1632733
3330568
1861010
3851130
994495
1669644
2324154
1987383
3168938
2648459
3003706
1954168
1201585
2328025
3439713
2643499
817155
956502
2894166
2610929
1018710
1658063
1537588
1084832
76360
2150739
1992745
3185075
3660852
3116189
1608726
2906974
2644369
1730202
1636972
827064
2041767
2797436
2952138
918278
2846585
48632
903049
3229223
2546607
2359368
2149823
3311510
1666250
1645164
1560307
2993066
23336
3609431
4131111
1796299
1974024
3621244
3739354
2245147
1436138
2794470
1508811
2399770
2420485
368306
2608001
3109887
2912681
3346412
4133033
1667803
766399
3189293
3639385
3787269
339055
451612
3447287
920811
2059892
2580634
3917432
119431
3479941
2473429
2245766
2546549
1936561
2007931
1431582
2477069
2504080
2462808
891542
1437594
123021
2993452
1275989
1863992
1645691
3263701
2361716
2311296
1712369
2452646
1330055
1414770
3274680
1744709
2608236
2334619
869240
1911333
974352
3301586
1623285
2824039
474549
891762
2093704
2266773
324707
2095314
2249059
2245785
2124885
124473
1300419
3585216
430075
887145
1614421
2289992
2245768
2150733
1816243
2064453
3261636
3057782
2416996
2245784
2054205
2997810
1359903
2243631
2033132
2606015
712525
2399062
1820170
1828339
3632255
1926331
1982762
1964512
1552980
3031432
401482
1603540
2295253
2992526
3046225
1751351
2854062
1797542
1917082
2153557
1783947
1926214
2341602
1651623
1554793
2127752
2004488
1545078
1129824
3419839
1082145
3446563
3212431
1909553
1717463
1641563
2079236
2983683
3176675
3451319
1874119
1552278
1162433
2047440
1720979
1598696
2044366
2133726
1077876
2160547
2790439
1530270
751874
1346121
3731387
2993225
2201497
2245772
823423
3109155
1623883
3245112
3716156
1215538
3812724
1017559
3693677
433664
3398047
2941967
541990
1711326
2880370
33990
2997829
2028740
761797
1614042
2836441
2067141
2518847
1165996
1635388
3612058
1290471
2455200
2609731
3978572
2929300
2049075
2766809
3595652
1010850
2658276
912808
1697646
1087428
2739746
1436970
2984647
728875
2114965
2682028
2738365
3070951
2580463
1922808
43978
2522331
1606221
3391985
2839058
3583226
43977
3318408
1021398
1398123
1899714
1113263
3120629
2806832
3798811
2599449
2177799
728770
2231212
3085629
2802609
2411990
2905226
687530
1770619
893468
3452540
910352
1923538
1580832
3216084
2192267
424538
3968507
3402075
872110
1910559
2022632
3750797
250933
3106850
2047640
1749667
185842
1982164
1918185
3522820
161902
1179796
176817
787931
2164599
1348903
663819
1067358
3242791
1849814
2223135
2654033
2398266
3216928
2442025
1966854
1582586
2006494
2254540
2991438
2943103
727636
1989804
1910233
1649593
1489051
2404833
3032224
2209234
3290761
1655726
3869664
1847154
2318910
3156885
1051486
141866
2867638
3211665
2788498
2404205
3602626
1927666
1498091
1762629
3147880
3738131
1762243
3346254
93959
1637690
454023
2840085
1864423
2347706
3021320
1915794
239581
96587
1291657
1432607
2117132
3231554
2305912
415217
1158336
2276450
1828835
3316843
1593847
2421848
1026084
2160189
2006107
1288860
738558
3148626
1832015
1965307
313821
2222070
1403678
1556692
744675
3272006
1029677
712971
3103578
1398848
2017555
2015661
2133966
2483260
1515961
2222862
2150740
1003866
2339801
2052148
1098833
1769062
2782845
160486
2136676
1384249
1974868
2131813
1945435
3846435
889980
2200216
2059842
2313935
2785548
4314620
2654458
1310801
941302
1462875
2728166
1721284
2545971
1187250
297673
2940594
1018776
3212946
3587415
2027827
10386
2096921
3423840
3266002
2101014
4008303
3530499
2443500
3272792
3338907
2245860
1118551
1948941
3563116
2028483
1906336
1614477
1992112
3261094
2097276
3316828
1691828
2333273
447179
2039543
2061190
1921483
334576
2995328
2158783
1869933
2290418
716020
1865366
2183434
3583583
2054967
1296925
1384287
3324646
1841169
3733449
776951
1932952
2026140
2223017
789668
1591892
1359036
3108806
2088383
2882704
1583475
1654076
2112898
2917787
3686169
1992110
2314613
2124108
3106782
235880
2084465
3559362
3078138
2164596
4201337
1717838
939897
3584281
3456643
1365047
1356825
2952972
1271434
2820901
1150597
3378003
2097288
3300573
2192488
1945281
2628926
3106976
2722488
3171835
1578798
3154442
1091626
3920717
1962335
3722665
3349532
3260510
2116793
1776939
4082609
2196213
1988816
3246724
2720928
3427205
823257
1575265
1131036
2040788
1470114
2956597
2171681
2996758
2139776
2306849
2966723
1457925
3789282
2014059
3407917
3250615
958661
857395
3349077
2149821
2237868
3818390
3696198
2330589
2659353
1620698
3584736
2516277
2591044
1181761
768986
1432556
1910098
3184190
85937
2687289
1669225
530250
2232319
1071424
2084632
3681549
187410
3043988
1981269
2650711
2903668
356069
2789238
1635980
3240095
3116394
2800035
2183501
824970
2599381
3618854
1593361
1515487
2635965
3711698
824094
3279847
2391144
3574757
100627
2191545
824038
2084862
2510779
1245365
1714350
919757
3291577
1983519
2223735
2662928
2251265
2624906
2971901
2086065
3234326
1959554
2578838
3656113
1804279
1693956
327230
2719943
792409
1464448
3139947
1885770
3641699
3115682
3598930
2027988
2316431
1291655
2454369
2493509
2759709
168254
2082926
2694006
1438917
1571245
1523011
1632327
1907310
1857415
2470602
2145646
1912183
493373
863542
1268518
3235341
2032971
2820407
2239403
2837398
3696815
1588685
1607114
2652885
2751158
1697754
345600
3129873
723891
3344780
3024475
1584907
620119
132100
3664282
1980365
1737701
992122
3197299
1913574
1310506
2280822
2647187
240106
938174
2824646
2892984
3201156
3299082
2860106
1637391
2783225
2245906
20757
2624904
2154182
1965456
2433047
1412812
2771933
845378
1892620
3090815
3271625
1674547
2503599
1530710
3334071
1060893
3398046
3230543
2644766
2193895
1690244
3128358
2944422
872890
738231
2813833
1896298
2635971
3118992
2195530
2792231
2972848
1708785
1697101
1813910
2902589
2662926
2079154
3021321
3462340
3324708
3906438
3662485
1210405
2826914
1188172
3499850
1911027
2281078
2076271
1941209
1598674
1535888
3074485
2875802
3053742
2388562
3318054
2413427
270490
3057706
922172
2876581
2798169
2111436
3467013
585981
2074873
3535184
79272
1029255
2173072
3906448
1530025
2741813
2724213
1791096
883530
2015822
1165847
1415529
673736
3104098
2559412
1884140
1879808
2262966
3251093
2145649
2380002
1934707
3516385
1870698
3078726
2203353
1385215
3152584
2831360
1949083
1483396
1888029
1857124
2706518
3400152
1704984
1398847
2689031
2770683
2223144
807302
1482544
2319348
3049580
2979584
707772
1185233
2867765
3349715
2804204
2330252
2933449
4098187
1621283
2283319
3480953
1415530
1186445
1834672
1596064
3377168
2279602
611753
2274904
978858
2228879
2684855
2245905
184526
3136657
3556125
1250656
361687
3593915
1018247
2143009
1480920
2109363
2077120
4212330
647443
2226486
274910
2889019
3167670
1558238
258467
1919041
881320
1343878
1893461
1977958
1434891
2191143
1503731
3258971
2421619
2849790
2098245
3515379
2862298
1886547
722525
1984358
2495109
1035096
1935389
3322238
2374177
2039589
3033024
4093658
2321277
2824352
2592869
2187014
2834076
1231850
2369025
1654305
125201
3144373
2821626
890190
1940777
3211723
2457698
2417486
1551753
2067788
1992840
2150073
97840
3453706
1714827
2902195
1964758
3195965
1578322
2013012
3308877
1573789
1892052
2108468
3616081
762207
1072130
2625324
1827146
3544796
1004918
1330488
2135933
1191831
1868237
977875
3791486
1826587
1358268
1853800
1919109
2877989
435496
780914
3333763
1823164
1829663
3013524
737491
824242
1085206
2253900
3119737
1034472
22645
2203345
1183810
1046540
1510355
3154767
3432268
2227344
2101503
3185738
2023961
2404834
3390574
1863271
3595650
1738176
1932689
2006468
2542255
2342504
3891073
1487644
2341586
3007797
2078169
3235391
542479
1407223
2170029
1209775
3766995
1627642
2236734
3465282
2253014
2995730
3067207
3671921
3008957
1703566
3306123
1042244
1192810
1969213
1661048
3349633
716269
3355353
2340749
3412022
3907765
411785
3043090
490427
1602637
1787792
3957929
2914310
3514299
3243939
3097787
1931597
3493384
3783080
3138578
3141161
2464894
2245781
870707
2689925
1720978
977548
2991643
3310136
3138579
3008139
1930404
2529041
106049
2385814
1545247
1608125
2222967
803418
3447223
1773961
892853
3268016
2195031
2268176
3008137
3081015
77362
2628639
1533020
3000650
959406
1939651
2837034
1564803
2673453
2596103
523376
1691294
2046872
1161457
2937428
368238
2864354
3634185
2457695
1824019
1648108
2515411
1227136
1219892
2673245
804021
2848149
677872
3988647
3332899
1983446
2651508
2233041
778094
3325953
762025
4173825
1564294
1959911
2128652
1281079
2150736
1580331
2260901
2058172
1358852
539697
2646568
3217710
3267234
2033964
25905
133132
2873058
1758255
3944537
1820794
1372586
2101557
2674068
1685774
2171713
2336424
3447191
2873978
1692944
994518
2443649
1139966
2977097
2149816
3068235
3100920
2035100
2427416
793257
1788377
912625
2065469
3221944
2274462
1428403
1385904
3047931
3417573
1411017
1421586
1246525
1551942
1913984
960948
3414727
812157
2124899
1659596
256545
2577239
1157163
2169856
1677107
2385882
1888031
2150735
3100794
1418390
3909616
3214069
3515770
3119078
3426725
953582
3215602
1317992
2636964
3773102
2968871
2856077
863540
1018660
2986336
1707396
1940584
3116037
2085794
1529758
2647406
1623658
1588369
3237351
1902624
1360672
1745945
2510282
2505488
4201246
1894443
1670401
2941661
1474456
2820386
3716881
1296966
2383924
2291780
1566967
2794531
2169350
3377510
2562771
2154807
567891
2910518
2177707
2587576
3187928
3098962
2151203
2245783
2054204
924324
2601528
2111262
2862033
2396056
3414616
1828121
3006797
1650970
1806464
2848888
2285907
1439240
2581265
1459917
2980743
1018659
1926237
2479432
2946455
1532546
1712994
1607070
1857847
940378
1153669
764099
173567
762573
2884537
1741989
2042994
3552450
814676
3153536
1091649
1836165
763122
3029278
1893432
824469
1393112
1653270
2416995
3197087
744036
2396057
1927158
2689519
526757
2425080
1988911
2565268
1992682
2681372
1200757
2830674
221026
760743
2240737
3316275
3461032
241294
1792015
1481746
2815482
1986056
823930
2065550
1924694
502574
3453461
2541749
1161447
2245767
3374035
2211250
3661068
1345658
204845
1481150
1652189
1743954
2507883
3907330
799190
3782267
274043
1396054
3220509
3426490
3570198
1984690
3045027
1213650
1726857
1773226
758700
1756905
3700933
1715953
2064324
3412882
3768942
2293349
1646794
2924731
3331424
1385941
3400830
837014
1935352
3719266
2851406
1979813
2650657
3208605
3766422
2686350
1283691
2459722
841899
902048
3358753
1738876
1754329
800385
2523637
2065306
2607091
3378793
3171905
2680280
2483887
3952453
3141228
3137397
3230246
1960547
2418776
2041578
1639560
1611184
3192803
2813781
1974246
3638313
1900434
1321823
786883
3933504
1531508
3989564
1223601
2842731
1908446
3286972
3288764
4377136
1802519
1770101
2953159
2267413
2875803
2532638
2487993
3233296
2076212
3658144
2355149
2175511
4006976
2784147
3344985
2841055
3698101
2009342
2874169
2286691
2961113
1476105
3625076
1078509
2886713
845805
3188431
3022086
1634421
1914650
3147878
1989448
1011471
2254815
2544530
1827324
3728505
2047085
3444743
903397
3706039
2780068
2723913
3316274
1364440
1020927
1144666
1765373
165664
2899185
2078623
1035280
1201583
2594054
3494638
2028119
2109845
724360
3783197
2048925
1751349
1160996
1714857
2796741
739845
2418106
2148540
1701590
3666978
3126612
2231267
2487677
281156
3313177
989664
2423610
1059390
3393400
3178741
1103711
1608128
2196978
2027911
1232225
2323863
3173868
1417055
98486
1836322
3008141
2823951
2143344
765097
183738
3514465
951722
2615792
2112454
3692993
2027665
991229
2199638
1892095
2007979
1665623
2077771
1477733
2870818
2220871
97783
3339338
790355
2051817
2978930
1196488
848234
2805064
895077
1740994
949232
2772750
2963824
1058948
1964091
955732
3277697
2017408
1544131
2806689
3073579
2531862
1528368
1014244
3968535
2087927
2543043
3946702
1990541
808516
3600058
3705031
1678964
2109995
2610040
1538669
1657926
2792201
2085476
3597055
2952917
1805979
3815218
3635433
2149814
3367389
670881
3348824
1814107
3074715
2201286
2458423
1764267
2090356
2875804
1082542
1537768
60831
2036138
3139150
4065393
1989857
2173563
3116121
2805891
2256015
3647101
2046794
2548907
3364031
3759756
3347203
2606014
3624206
1062409
1530797
763946
1754247
3547477
1562308
2149858
3409827
1865777
1175174
1223770
1574791
3843381
318494
1489207
1531196
20614
3522456
2486948
2817959
2201345
2924088
608765
1645700
2664322
899565
2928440
180565
1459734
3482573
2383081
1219574
2901555
2807606
2764267
1595480
1455781
1812515
2675755
1850585
924284
34923
1315311
152819
1492041
3544960
3212224
3114921
2963126
2265282
2560692
149102
2245780
3815878
1215688
1940024
815071
665475
1582824
1632359
2371773
60857
25478
335040
2883760
3102445
861614
1934871
1258188
3122495
3996454
1682895
2920787
1799197
969668
1874011
371458
794894
3266679
2173113
1972327
1363474
1154100
1282842
2145650
1922942
2245786
948695
299716
2738531
3142046
128014
1691829
3250589
3437612
3021322
1522363
1922277
1389567
3033141
1580333
2208763
1505725
1847192
3595363
1864175
2856809
3168789
1498152
2983639
2374175
3414723
3162072
3186236
2841495
3026734
1849735
2929508
2496934
3274638
3172608
1970401
81704
2633477
3021318
3394512
2742325
2600808
33991
3316276
1889454
1359709
356375
1969649
1610040
3206414
1787835
101524
793934
2334422
3683459
252238
1791913
2078621
1581642
3067982
2928649
3223023
1383988
2430730
1569034
3748396
117427
2039544
1881628
3508347
616547
2238949
961695
979230
264090
2029461
3471724
1033168
1397191
1036655
293738
929660
3045702
3164212
254670
1526271
2779502
273506
1816891
1989991
2955634
1515526
1622327
2277997
2019478
1930514
3289682
1072380
3044342
1673890
1411797
1660974
3721646
841555
3941663
3668261
2318702
3502984
3318031
2766308
1844492
299718
1554636
2664875
1294935
3067208
2152442
2858190
1161891
2813387
368524
4076715
3455839
2926085
1396896
366642
1001697
473832
71087
792412
1320950
3489727
2617331
2259692
1554326
1842986
1464026
386041
3187176
931491
1843596
3208546
1989355
2831927
3686393
3773976
2340914
2140308
3376953
2125722
3632256
1802266
1709046
1829381
1496794
965503
1051459
3320203
3487905
3131255
3620261
1464220
2295347
2532639
1574002
2930634
2465008
1988751
2515956
300005
2483140
1932702
2541434
1438912
3227427
2314614
523032
1438946
3630651
3466532
1581744
2742392
2046910
2769853
1697945
2397757
1850120
3971575
1449913
833988
3451485
3579990
3350988
1053235
969100
2996257
1451992
1578321
1647046
3418199
2755775
1713939
1070249
72402
2328327
1967178
2941970
3609347
998901
3182073
2055943
2065883
1182881
1414553
328790
3527808
998963
1800565
3261860
2313506
427342
2041224
3235071
1380705
3195068
2271653
3601625
3271591
994310
2739669
3011632
391261
2242734
1601790
2011144
1377875
992355
2581232
1827828
3555555
1671095
1733444
2076573
1547403
2984549
2025940
2104517
1964162
2462353
2782390
2095867
1986093
129891
1593617
3082946
1179849
1485457
3159011
1267489
2118922
3125449
2131562
3370177
2743896
3398042
3213424
3171845
1473794
1846147
2078106
1833780
3620609
3176928
2939613
2942250
1541853
1454845
958662
21237
1184612
2650943
2051089
1458587
1347840
2346171
2706197
1627623
1888239
1696684
2738603
1973310
2665029
2423227
1767761
1608414
2952641
2531804
3033139
1923824
2419135
2038472
3706040
2078624
2685550
1454948
3304885
2037383
2792233
915023
3745412
3275740
2303940
3327726
2004308
2261963
2186990
4074059
1270137
2557268
2195737
2989526
2995171
3688761
919962
1451282
2835485
1307531
105718
3495182
3390902
2301161
3751440
3031524
2880794
2863043
2807084
1391940
2650764
61136
1392500
1649528
2337307
1502698
3208619
3698096
1151793
3706036
2460913
1290727
2595382
827301
1270997
1990676
2202493
2935654
43415
2722397
3450259
2153771
1762430
2910768
679205
1579914
1106062
313050
1717389
1632357
1551941
2187428
2096054
2755237
1944412
3079203
2011977
3399969
3140922
2979964
2462030
3856244
3116233
3349283
3672118
2736127
1548383
2982801
1610023
1883745
728872
1425722
2989003
1366186
2161910
1487213
2770689
2754891
1539594
895076
1332881
1028755
3043591
2249050
817720
1314213
1298485
3122407
3074486
2149819
2790400
116289
1223690
1952151
1241871
2729395
3156368
217328
2623454
3589200
1387197
2854749
2103101
2279601
1549098
999064
1528015
3549173
2003931
454024
3050278
1838665
996858
1532430
1913970
3247143
2122926
1594729
1419402
2233238
3888965
3056361
3453155
1986054
2088949
368308
1301680
3568000
2930508
2194797
3030590
3226130
1921230
2841445
2418560
1568530
3471275
744333
1163460
3034661
1742489
1008079
3284120
831035
56723
585433
1505211
3595454
2170567
2733933
57699
919196
2664463
422328
1859153
918668
2036851
962194
3004022
3330567
1970538
1968209
2849182
1994942
2124292
1889829
2833161
831873
3027917
670770
1032126
1909854
3279668
993217
1075781
3246628
1610748
315
1215040
3259787
2686386
1512426
1281729
2510294
846085
1642420
1777457
1541404
3281309
2449777
1393530
123083
770825
1359564
1991379
2162848
2835341
4009857
1769122
2229033
1023795
2381742
1405980
2761952
1869619
18420
2258011
1102401
969438
3219759
189881
2088230
2935660
2799439
1296695
3385968
3435194
3552768
3150011
2753267
1895993
1633693
2381915
3499849
1706332
3265679
1240426
2548728
3300185
3499851
1822747
1431577
1844036
1728697
1814069
2047954
3048223
3557674
3398012
1969006
2543202
2354761
504983
762511
2964221
3163675
787307
2793089
247354
1314571
3077017
3238135
1366188
2221396
266684
2617892
179070
2113621
783400
2195593
62549
1385089
237286
1981164
1855801
1667531
1979601
1818788
169225
1078177
135370
3463628
2199185
2517071
765018
1202150
2352495
1533888
1912767
1207218
1581953
1611276
3469259
935029
3772549
1972480
1633532
3032180
3603372
397746
3032167
2875518
3721671
1950438
2054293
3206416
1512368
1176330
1513195
2320400
3635130
1584604
3072304
3159012
1863867
2483337
2066815
2024002
3423808
2522835
2117273
2118440
1665717
1992976
1805910
1607736
1879782
2789704
862869
2476968
2198934
1417471
796887
2751802
2605092
2399530
3207048
1947616
2434035
1318031
3323510
2149822
2625870
2090846
1347992
1927613
1083221
1929566
1267468
1327832
112942
2419369
2524734
2332329
2096058
650188
2245782
1746840
2701763
1412813
24135
1392411
2083439
713096
1510498
1123157
2054321
2795142
1828834
652979
2087238
304572
1689480
2286562
2223721
3201604
1344395
3436182
1555461
1244566
3264995
3555177
3158746
2940723
2637355
784093
2623386
2344625
3299934
208630
2017998
77802
666498
3268331
2337672
2510283
769395
2281377
3244527
2082715
33257
1319516
27773
1331274
574107
3354731
1949730
2665688
301909
1692248
3150488
1840789
62551
2992796
711758
2467121
1936719
2549327
1980287
2118441
3640257
2668823
1526023
2839506
1932490
2636468
996359
1384505
386995
1856860
1364228
1803605
3400712
1887384
3227566
2547950
2162059
2366380
3956060
2946220
3208604
2279004
28578
3445270
2648218
1928078
3121178
83160
2798023
2625159
3533781
1624513
3218312
3143548
3345965
1714830
3400125
1075268
2004149
1722406
1402948
3072053
3133404
1511428
3969634
897870
2835481
880703
1525241
1879169
2897462
2198659
2820659
3157087
1848706
1534
2380513
1409615
1843236
3347202
460572
2024592
285414
3612215
606211
1654674
2102290
3584737
1310798
2836757
1976256
1830523
3606350
1761721
2291161
1831116
2232407
1025968
1329559
1270764
1599961
1987899
709928
1828219
93956
1923154
1962676
38327
1909555
3244391
2576817
2061022
70379
2393046
3676759
2073335
1556943
655682
267656
1879423
2513983
4032724
3586330
2394576
1587911
1522505
897299
1127341
572051
3842040
2721648
2075268
551273
3553145
1200045
1266192
1360080
2510803
2285936
3323710
2983036
2895676
2997193
1725460
1385400
2170386
1592916
1085207
1601869
2357914
287855
301910
2113120
2112655
2256206
1989198
107201
2349497
2557951
3159014
1974270
1383927
2104361
1622623
2072626
696074
1106704
916628
148317
1546475
217589
1785664
2202719
2743215
889632
2317675
1807507
1936170
1826134
3402552
2329518
1220806
788757
2229549
38329
893469
3909377
125702
2635266
1538382
2522580
3325954
1835589
4013979
2048601
2329586
2336731
3796261
964624
726191
1965649
2697946
56036
1824046
2233986
1315384
3531748
2521085
1185405
947405
3206747
179223
2082447
3227428
650468
3907555
2709722
1399888
2496935
2611246
2226147
1767046
716870
1688458
1839633
1295253
2797763
219442
1592488
2604094
2223964
2411069
2227245
1712133
518792
1510461
3128518
2431140
796046
932078
1180150
2397136
3701092
2105008
1493750
47460
1592913
2456665
1020817
1658281
2862787
1680928
85050
2121051
201523
2587490
190110
2536100
1730218
2243125
815209
2514778
1735076
147226
2116308
389398
1562307
2341210
1529324
1056413
1511864
1818428
797353
1795410
2540371
1253622
1675743
77761
2233171
994038
109938
772563
879971
3707953
1461252
1021401
472822
893519
1522926
1385415
2274687
879970
1922386
2235465
977982
2702114
2061815
2056546
779483
1056415
34529
1992818
2259921
2198667
551960
460185
648081
4499
932077
1220807
725718
458638
866940
2389865
1912345
2219479
2329519
2023935
1527725
1251181
1724319
1651290
2312881
2081000
824329
1488611
2779345
1553461
1907209
1324812
1083470
2249091
1092646
2886461
1740092
292368
1807572
1845293
1414600
1649596
77639
2118442
2666361
838936
1215127
1525200
3443051
2040734
1546538
23408
3182641
1582620
2343975
1155857
234560
2551698
1567481
2012517
1989318
1170478
78204
1782577
2149811
164612
2540956
2184492
281158
3568776
3292268
2020998
1892846
1375217
2211114
3237399
1700562
967561
1589931
2824210
2442744
110638
2312963
3924951
1634933
1501472
62553
24525
2514776
738980
1398370
2160917
3949684
1513237
2421911
687275
2768614
1033563
1529762
1860433
1906398
1015625
120027
2473030
1786254
897037
157104
736216
2602913
3603269
2391463
61285
1895991
2116222
224136
649752
1036230
2447243
2049073
1937551
2302272
1608849
2163252
1978595
2158968
2768615
2681334
280627
1366375
29866
453724
2232761
203060
1520281
2320228
2314662
2605095
110771
1084804
1505878
2507682
167379
2029046
2702189
1582903
1383271
2852292
579765
1282057
778984
299717
2508895
3638766
1179346
2447244
281157
1572870
62901
1474649
1746175
264100
2323866
903280
888305
1531609
1451983
564473
658885
1696625
2116077
77760
2471
83797
3449486
70382
267669
2838093
2339004
1252717
3468026
3009514
363786
3579401
1863273
1291653
3122483
281669
2508896
1652614
2096941
368932
763200
2233434
2075749
2644655
1291656
2068841
2451538
2163407
3911945
815208
2358652
1850887
2417533
2049076
2447238
2473119
1984687
77387
834589
51940
2123341
569737
622607
2423983
2109362
1538777
146163
2194972
2331906
2285988
1569303
889728
22197
2505625
3298813
1019465
3491216
217728
2655534
215630
179971
1442772
2552046
546735
1728216
50340
1662436
652234
779482
391998
1654468
1127991
2060509
3443569
2278247
3272739
3823738
197226
1125406
45660
45590
3470298
280623
300255
2536239
674349
801054
2683901
1170480
1875859
1452595
2481947
3506560
659450
295984
875075
548641
2198932
2019428
2835220
760779
2688677
2650781
770956
2274900
2024691
110848
1984688
687859
1594554
1575364
659477
2411547
2595379
2404484
2235543
2590955
1533
3591219
2445735
1211913
50352
991670
1913099
1265461
290304
2186073
4281456
794378
1252560
146210
184578
134443
1183812
294387
1093107
787790
979202
985471
930424
2321259
2251649
788979
2624903
1822068
1904
53308
2478768
621103
815293
1522115
458674
2576871
3590149
1256806
2933892
839569
725498
2246972
1754266
386138
1597253
1655718
2467684
827081
1253771
2382800
2271598
1569302
1164100
622457
2126494
664095
151008
2512118
1140695
2538882
2056151
1710847
2471791
1298998
1465099
884418
123872
1012160
1980823
2224514
1247976
1699423
1294887
974975
1094910
1083092
3173103
1739633
2095979
2871885
3954695
3954736
Total scores: 5671
Average score: 213181.11
SSH: 213, SH: 1274, SS: 48, S: 436, A: 3360, B: 301, C: 36, D: 3
