1241370
4742940
2323911
2319171
1770368
2059822
2708949
4808112
1582287
3010178
4754217
4791798
917129
2129143
1861487
2511064
1919312
2629589
1588369
2675575
369349
2546607
1714882
776951
2025393
2486881
2995944
2128030
4805580
2659368
1711307
2404778
1944926
888010
3466914
2615210
2628691
2364135
1183255
1925409
1860991
2629595
4803756
2872154
1701404
2185824
1690355
1199955
4772080
652234
2410948
4415584
2824441
1095855
1025210
3071981
1681360
2177434
1946507
3191142
2444148
1892257
2033294
3625849
2789938
1114132
1158434
3746239
3601629
1551135
1571309
4805054
2082725
3619070
774965
2559938
2684033
4287016
816600
898597
3092842
2974590
1395942
2556347
2075704
1990718
2236622
1007403
4762173
1623025
806325
1849433
1829925
203701
4344814
1937747
2999335
1220272
1872396
1636104
1301212
589427
2461085
2266572
1274573
1081059
1158325
4626898
1828400
848159
1610746
3379344
1596706
4393066
1746902
4181770
2410945
633993
2641556
718643
4336505
3533482
1725346
2225036
3650854
133938
745360
256027
4881475
2142744
1183256
1937046
1258642
410250
3699768
1095854
1997307
2559209
2245774
2519704
2437233
1524104
1713939
614323
1053415
4921872
974854
731320
926644
2961551
1377588
664787
2097898
1162425
905745
791274
3884667
2171935
1738018
1498079
314496
2319170
3461188
4382719
2608130
2169502
1001682
732842
3018924
1261191
2233760
2118444
925802
2249387
1756897
2294643
201811
1649842
1808605
1782795
2170386
2477261
1656727
1907933
872155
799913
1947084
765327
1583228
917061
3626128
2255367
2200001
2330357
1189078
2102287
3036835
3104339
1586945
869222
827952
3671741
3020125
2485438
1217417
1286241
4054015
3232952
1344602
720590
1619555
2078788
1772897
705200
953586
2274013
2021776
2034983
3869617
1056140
2238956
3623807
2468866
1027692
4217258
680689
1936713
1271985
724015
818304
2448542
732951
2201460
1788628
308917
2660294
672351
2469345
1709022
483164
1312156
2336704
1992711
4617965
2042323
2267564
1482959
2562794
1315468
3470475
1500991
2269544
1988753
1288341
3042164
2547084
1277254
1397263
869704
900957
2287401
2644371
2505956
1083470
1219213
827488
1130590
881123
1112356
4371968
1553251
3144450
1019006
4614397
1093078
4845793
3890637
635865
3127889
2624331
4893839
3221529
3300021
1710712
2096054
860780
3493583
2784168
279032
1563000
3261546
4306835
2692144
2015483
1694501
1849505
2084862
2932817
4641395
784369
1758255
126645
814075
3851983
2034057
816327
2182100
1706210
1512368
2874944
1851299
662928
958038
1828136
2346624
2183215
1030374
2512990
2626203
1181761
2837544
1046424
761589
1391631
5018461
1814264
879062
1662512
2639521
3170081
1125784
1069222
2288582
713867
2350478
1474795
1693956
275225
4605017
2022718
435273
1018247
722894
460780
4446255
1902624
1811722
1476242
890911
2045107
2510998
770576
2026988
2100002
2932491
3385971
3983866
1635388
2064221
1763013
4130854
1679799
4432937
3899964
2596015
1860433
2610039
722844
847725
3238171
2028397
4787485
1128411
3778960
3890657
3149030
1450423
2657558
1848985
1569153
3276769
1990541
657519
1201899
2331169
1236211
4784497
2025942
1615857
3455868
4417243
1992818
3889346
416971
1977951
452508
3061371
1567645
2102274
2681355
1504336
1890216
1487213
2518847
2530810
1701564
1770621
847592
1791963
1092364
413597
1402392
139652
1302583
1860169
1365637
2015060
1054655
613823
4284620
2116544
223397
4605483
2315558
1807735
1018238
3329820
880761
889632
1814493
2069610
3491027
2015480
1965649
1570203
4187053
3078415
3054701
1787965
1695379
2556143
1306992
1970565
2659369
3547162
3879769
1211828
152199
3466140
352310
4428535
2231774
1474012
2726492
2484994
2106916
1894110
1881833
2282103
1468647
3881333
4386400
4535482
3086275
501401
4512618
418762
1072406
2531164
717632
2504927
1816320
2732387
3873445
1108593
245960
989228
3257742
1863289
1313635
3633025
3369714
4748879
891542
2037761
3284710
1134237
1655981
83975
3643658
848161
2204379
1550335
561335
4397592
3527392
647844
2967789
4501783
3408259
1309931
674324
441740
701528
3397669
789130
2061247
2185651
1454407
3689149
1962676
2149816
3571123
1822108
4313550
2906051
2519706
2595770
1562551
3247754
1021579
2069841
3310074
2008748
4881677
4157223
930307
2127114
3834882
2468865
1972480
833605
1783813
2138577
801303
820481
2904852
2269122
1699423
2530087
2117567
2069999
1062374
3257369
2514739
434189
3136801
1181871
767203
217977
1968148
804960
415479
737100
774293
2939407
136553
1977950
4633170
3751460
555797
2240223
2459394
4203275
844103
3284709
3707958
1566387
1385397
4076864
2799357
1873941
140820
2862417
1945555
670881
2013012
3262862
3020314
3306465
3508931
1596845
2252249
3576899
622407
1258579
2569254
571182
684163
3624213
2002612
3875572
3133241
4622347
2514777
3218863
291285
733432
3161292
96684
1820170
3890011
1754659
847314
3920772
2054965
256840
845391
2383590
2844963
2474574
1819587
1343383
651552
4349335
129891
2719326
122693
1826438
276865
743526
4120158
3180258
527704
855762
1995061
4459294
1378899
2794464
2270137
778641
2311296
1724319
3700995
2564395
702412
1695991
2852981
1013839
519080
1735518
1827864
1419403
1121245
4028364
1498892
4178730
1296370
1102397
173391
66820
1128531
4044924
1366190
2349467
4322571
3613816
1255789
2113754
1043661
1391282
4631919
215906
256839
1797542
4509874
1658399
2283637
2847847
734339
2118440
2324581
1509693
339795
3374928
2731307
3764203
1257723
1126915
688886
1155062
915210
1791372
767774
4190588
1074894
2514126
830322
1816571
2058788
839947
277522
1843653
1454087
2463210
1016169
2238398
1169559
2647601
1227359
1694787
3055124
94416
580907
3347941
318109
3607872
4685807
1485947
2705210
142145
1871842
1578505
1396072
2112898
1461252
727204
3089375
818597
1968283
3455732
978213
1209160
1009022
1797548
4220324
28068
40034
163897
1341959
2226025
875945
3227488
937709
2149821
281632
2719327
3892074
3551549
4377500
688304
98452
3651716
2906054
1619726
2691656
2815870
2957541
893739
1351114
2881612
567103
1004492
1816113
2090723
2388562
1091249
1034836
1643631
663674
4232192
2554676
4425879
142588
1900116
1657723
1770626
2714701
2535650
2299701
2759787
297411
1261879
1659057
465543
428047
1565265
840426
1531283
1869619
1932597
1915794
3545530
1104323
3298591
3615775
2112908
1267198
2301161
1107761
121767
1365213
4929040
2206954
837604
2412062
3872274
1302567
216747
3076004
2973576
1003013
727145
3890723
2023927
1961106
2322888
4817853
725718
1410549
2623831
836339
3946158
392220
437139
2634217
1911308
2941386
385544
3663708
289704
2359099
2168768
4586623
4377067
186599
3662485
4428985
1393260
3798091
1454845
317460
3257738
2067473
47152
33415
1811647
710691
841565
293188
2047677
1451992
1033002
1451620
1518179
338682
4308932
735833
1714637
1646193
1429739
1095418
2240526
3598876
2223338
2677191
1889804
1400252
1964152
3103363
2628834
1909555
1994599
1874508
2976779
137543
4499606
2332178
2476090
24022
100784
2567535
1109793
3779493
2569175
1049962
1056202
2586028
4602531
1501410
4790695
4415495
2275674
3933767
1148303
724474
2493463
4455136
1454085
2072475
2188031
864446
4865705
966203
224132
168504
972364
2968671
728870
1174467
4368642
4636004
1164369
1787964
2826730
4610250
2075541
1981733
3022593
1843236
501107
1895932
108088
2721306
4452821
3217551
2363282
683825
3033861
173383
1253352
1831435
3793506
2025205
3056834
1733305
2836353
1451867
1737169
2078169
2254470
790218
674349
1775315
2014469
948198
1222822
2419371
2966682
318950
2409855
2304622
455547
2107708
843996
1855356
2302135
2805064
2020483
2643619
1345676
1204536
4635796
1026729
2587891
1728259
1828346
1219705
1982308
1582585
1728493
1092970
1111047
1156536
4111667
1584957
776322
785904
1951188
3874871
443270
2857448
119431
2298847
786018
3780811
1152969
1024480
933827
1862525
434243
4535936
3509293
2493793
1605598
3697550
66126
821785
1828342
2863524
3649199
3412638
1990062
3950576
3697747
394425
4524213
2231320
4605752
3122809
2164997
1110532
2643264
1939172
583343
1475722
3020221
2178008
2035753
2237579
4284866
4390260
1728260
2630863
4020786
4804606
1774822
3041193
2485439
1350552
2245775
945157
125784
736215
3730371
1167475
1396342
87171
2153775
3259121
3890721
2785548
1992745
1477241
1168807
1817464
3648544
3467406
2269684
1204537
1094910
805256
2273031
3493411
1345670
3397676
3366906
986837
732318
54373
1398206
1142884
125702
1004823
2794127
127136
3437180
2406461
3022592
2937933
3135149
3572698
3846505
2450838
1640362
3876716
975517
2463985
2651784
1416108
64575
4682910
2351364
2817456
1897316
4567617
3311313
1857434
1527960
931550
1468467
5067994
3034770
929999
4392958
77206
2868388
1569904
2806687
479681
2552099
2628955
1102396
1935389
335786
2669883
3435533
2920787
222278
1992682
1946834
4321114
2132928
4938437
2639520
3105129
1332018
1754777
2778643
4915726
425779
1056306
3415914
2003094
4787484
2233984
2021772
1363365
128718
1210089
2843965
3499973
3517482
3160036
109184
274839
4329889
131891
584885
2024745
756423
3731322
3416149
3007522
1118614
641169
1419243
2523668
1671813
1075653
3813883
3238282
1209109
1983358
3552895
2074851
3796494
3155044
346020
2164601
2507884
65456
2339801
2070079
1154507
3682744
663725
4125605
153988
104229
3727508
808856
1306932
2006067
4740257
2123284
655794
1612465
153857
924759
4607972
3159553
4463706
1480954
131286
722587
1233778
591347
2231831
2248790
553189
4581422
1979344
1215538
3338283
1944228
4124405
3050529
129407
719051
1695382
1681634
1754266
3720297
479812
1784600
2863658
110795
2885483
4003733
4715383
106965
938174
3952312
1115844
3802844
1950626
2319438
1971660
4478118
254656
3438148
4794928
4313543
2817424
1939186
3104522
1915918
4635976
1804490
3339805
2818112
679131
966243
16266
2722655
3262144
126821
2657557
3635192
831241
915124
2739798
3535586
1921069
2368899
2200807
3885167
1827324
3385967
3513620
2867817
986491
1648505
3423826
1301498
741870
1435895
517213
1949535
971947
2391596
917062
457257
3267578
2651581
1714634
3697682
4194071
1794257
3585965
1849273
1825258
4094601
238052
2859822
4160211
1964221
28578
4003832
3846744
785999
1985735
4228210
4007768
4254657
3172759
1278484
3551170
2462245
19402
1529763
2674544
2328679
1018661
1734557
3119369
126282
52862
2242173
2210863
862088
2205311
2596789
112035
2224260
2730824
1865418
2453247
2142037
1938210
4744713
912625
2449729
2490307
2116146
1163521
3196748
4298815
3161211
1659929
1175599
744672
62483
2489378
3192826
3613647
1099752
2054191
4006806
2686386
3468557
4423166
3500174
101213
1691089
3703862
681813
786304
1172819
1559974
1733039
172611
848994
2750832
3833905
2246659
2105741
2857447
2689510
1037583
1709151
1604318
1099759
147835
1087334
2477878
1652172
176960
1815827
3623866
4140160
2403536
3643457
1932649
736396
3676169
509165
1056698
2148690
4293574
1003011
3035135
2962915
1785659
2597020
3699733
3988838
1644670
104842
3481620
252238
1958419
4346785
96033
3573970
2834042
4215344
1524103
194320
4531435
1150868
3986984
3339802
2009295
167718
1948688
1941088
5062973
3003744
1842043
1142960
963885
3019749
3582103
3257370
3214356
118068
40017
3707948
46827
1917082
3782929
318340
3575840
3992307
4376532
858271
979208
217493
4090177
1231134
2479479
2224514
1935845
2028600
1104736
2437960
989244
2866498
1858652
2457696
3440631
1039869
1468473
1631588
1018938
1702971
665210
2389623
2796473
4186255
1956104
3727353
1596114
2205152
2677460
1808741
2278232
31819
1342357
30968
1643106
3150892
2893406
60848
2874408
3385230
1601878
1085805
1360672
3527367
3313127
1809151
2020385
1611251
2591358
2989057
2159143
2820225
3890663
1067513
3954641
2396057
958282
4872765
1417615
3834561
3964749
3003325
462736
2115738
1805438
878369
2986935
2351094
3026248
4630822
3874766
1128081
2700362
2200809
2155617
1889232
3798303
126671
1627148
663819
4492080
4122431
870839
4862040
4682959
4767169
2992855
2331417
3141503
2807033
2786980
1186901
1165848
178966
4344423
1572100
3240298
4061084
4368596
525278
914220
2889130
1219991
897968
271
4003966
3114700
4022867
4346508
3904577
2035291
43589
839634
1399651
952699
1810154
3912663
1021421
3906694
1606115
3638672
2023961
3030766
3097443
3760479
4734139
131009
1607736
1209163
4480795
3129678
3757530
4392947
3595454
1185036
1102952
224127
1082145
3931719
57110
114635
1787963
1690353
3037642
4364775
2229349
2726346
3714435
2633335
914237
2114224
1098527
1802736
4043108
1343543
1251844
1042088
917872
3967023
2101630
4078148
4684398
2376713
4392955
2878235
21010
2321562
4174539
4352324
4665758
3320608
2731312
1508522
1564294
1350927
220330
15800
3067638
2270749
2963216
4872796
2100850
1315479
172662
4184839
1601386
4655388
2870806
762207
1759171
1726326
1245365
1041682
3688501
4460087
128780
973278
1527475
628343
3872983
4207467
2083676
2272898
3682480
1828903
821336
3582938
3384589
448698
4312018
3901300
3674037
3614514
2759110
672594
2388297
447048
3020124
1493486
2277236
3508372
668662
3933443
2442838
1249325
3745820
2740609
1024369
4018769
2180369
3762927
2223077
779567
2146365
109873
58063
3908671
2137969
3354073
2668755
3890682
1294709
1679789
3670023
2201145
4044886
1494944
609619
3712677
3773045
1029677
3257371
63412
3600851
1160610
1715917
1495634
3796617
3636156
899732
2378577
2987588
1528368
2753891
789819
3912664
2483555
2778437
3577374
4665887
3333793
3885402
3707950
3319234
1636879
4171632
1829131
3617556
764082
2737173
3086755
4618179
1892253
755124
888621
691083
4019244
960985
3481587
1060869
1124313
2159327
3023414
3861796
2586420
53653
1812392
2226722
3773248
3400712
1097265
342074
24023
3188920
2200803
3912744
2042449
2864137
4421402
3837892
571291
1827616
1126228
30386
3890688
1350175
4335397
1286225
293134
3131969
2987243
1114426
1665638
511046
3009149
2521259
2711306
1636508
2750550
1320129
3702327
460513
3815259
2125723
2330482
1028733
2143572
1562497
1843481
580941
2719462
861415
2905591
2351351
1870068
2995539
2992705
3458266
1180676
1864175
3064687
715044
544419
2553242
2301681
2200805
4716427
1704915
3580554
3429536
3640549
1231400
4599269
3481619
2222967
3473878
1816243
1137173
1156405
4283977
3325486
3026871
2044338
2119228
2735748
856204
2328680
1005745
3640197
3474651
2470955
2641580
4496411
1788131
1104057
412968
2131582
1345674
4405093
2204720
1137879
4295540
1911572
2338623
572727
2813660
1343925
940378
678461
2046445
2504695
3851855
1820714
2781571
3963274
1728019
2737141
4662226
729619
4380440
792303
3669775
407655
3382326
3008639
422328
1613687
1922293
4881668
932223
2129145
4006786
3285233
2540962
2004799
1282380
890915
1213004
4331024
2365714
2038186
2677498
2999280
4509876
3499015
2502889
4009220
2281045
2249059
2054557
4322403
1148905
1332900
1662097
2677494
2078292
5043508
3086756
1618589
2295882
4182613
828940
887556
3977191
4032016
35015
3819028
2079597
3101174
3039613
1677435
1722791
47970
1989203
1737326
1358921
1964641
4371438
3078877
3612055
3561488
4275701
2638888
1476582
2436912
3653442
1551874
4378138
108021
2078293
1229141
3714679
4047519
2547196
1533884
3656603
807074
1432943
1419801
1852572
4342484
3158090
4172057
4000163
3077141
2561309
3591213
98415
86352
4044653
4231822
1313029
1342612
1579923
4353227
1606114
1659530
4360374
3162126
1820817
4158054
885030
1762937
4042579
4215263
922916
2747295
3755145
1846898
3093271
1955170
2988681
3132824
3586535
797018
1960286
2744035
2710014
1957429
3279045
3965391
4096284
3199701
3833777
1605533
4104989
2061232
1732802
3046419
4334523
742975
2898419
4110015
2179629
66246
1329592
2022237
4276022
4050758
3339803
3980889
3519812
1948378
3396147
2781369
1909554
3237780
784791
1516285
1843231
1095288
2004588
3583583
1697643
4644059
1291653
Total scores: 1974
Average score: 291748.69
SSH: 6, SH: 31, SS: 13, S: 175, A: 1248, B: 291, C: 158, D: 52
