3884667
4064320
1241370
1919312
2632230
2707826
4419700
3895775
1860169
2663986
2759787
1872396
2496720
1754777
4628575
5077239
3010178
2203622
3018109
1256809
1861487
4579473
2410948
4445719
1199955
2194234
1971326
1537817
3851850
806325
1158434
4852956
3963421
1811527
4551712
1221602
2682795
1728042
2411125
4751016
2192267
4247538
4639927
2197401
3885119
4000950
550235
2404778
4665029
3266596
2444148
3970329
3036835
1860433
3708437
1816113
2708949
2005307
4530104
2216530
1514256
4963082
1695382
4033854
2519704
1936713
4286331
3665005
4006497
1172819
1571309
4641263
3071981
718679
2097898
2933746
1867520
2428358
1343792
2267030
3928106
1200520
4975644
696225
1899764
3956011
1695991
2185824
2819332
4702508
2201688
2077126
1576304
2601893
3601629
3928577
4696039
3647151
2629595
2397136
3030766
4710077
1157868
2033294
2543043
1352342
1466557
4702225
2102287
1755497
4724034
804164
2302135
4262019
2695411
2673453
2546306
3526561
4248843
2188031
797018
1990497
2014389
1964460
3837111
2487630
4979228
5045143
2477261
4749569
1982874
4761695
741572
3615775
3805781
2287401
3718752
803828
690982
1694501
774965
3945834
2419085
2530810
2615748
2461085
978326
2094186
4297056
3905266
4857997
1400414
1129193
4929709
1699930
1874165
861415
2335553
927819
1700275
4744347
3891621
3623693
4614397
495633
839947
2477065
969681
1271985
1449416
4455136
2860521
4419724
4684213
1805022
2149446
2488855
3055878
869240
3069848
2802630
1988753
4884741
1569153
2518845
1174467
1556336
1718671
2540399
853625
3628459
5045992
2335757
4771973
2468865
3922788
2394645
3920133
1619555
2861378
1651290
2193011
786018
2509215
4895825
724015
2826730
2431373
2026764
735272
1377957
1249175
1281015
3884914
2518847
2245774
3853713
1862269
2350478
2014469
3206205
2197486
2923026
3844651
3805691
4013412
1659057
3385971
1046339
4277541
2361038
4962179
2706393
4855367
4050392
4771576
2098783
2786556
1625951
1990449
1531547
2983479
1911308
4230097
4480585
676172
1178526
2395518
2423981
4853095
1764213
4249319
894744
1623892
2022202
2222070
4722420
4638742
4615099
2431320
2774812
4518083
4727343
3599701
2596018
3996406
2923644
3906726
2444149
635865
1988911
2552046
4070807
1848803
849199
1744286
1573321
3093271
2192665
2654458
4696040
2598921
5110803
2847847
1808605
2686031
2315560
3919008
3993330
4246493
1843593
949011
2058788
812590
4905645
1783812
386728
3121104
1601387
1031991
2675575
2235779
2282067
1877637
790048
1027542
4776440
4972790
3102022
5012130
2859961
3873445
4663495
2229349
2196278
1419403
4705749
4693758
1749322
4933299
1942387
1482116
2281075
2177434
1623285
2410947
1836593
3957892
4755347
4717744
1609384
1675837
3965013
2587891
4572920
2415690
2560878
5012527
2659369
4415584
895495
3700073
1844417
3970436
869197
5070202
2688678
257793
2600870
4729371
745360
4487663
4036515
2514916
3818726
894090
4558790
4847965
979155
2231774
4464951
118226
5034464
4729372
4319989
1717844
1766841
1796420
2586235
514516
3837137
1534523
4636979
976159
4306835
1848919
2547378
1600415
2678194
4736571
5110801
2328043
4926771
924337
2805421
4056974
4917244
1580160
555797
2467941
2686029
3101756
843155
1961271
4015463
638493
2009788
4803734
3898064
1306992
3563444
4771338
2616981
1994564
4175008
2480902
2900096
2237467
2324859
2486881
4436198
4899325
3121360
3668047
2394642
1158325
2444715
888015
930249
2462356
1925405
4577921
3036398
673787
1817320
4117080
3924031
4705278
2596586
4959880
1032126
2653571
1235495
4203275
3955003
889228
4189915
5059692
2469346
3818422
2485259
1469240
1645698
4977659
3083843
3855156
5033483
3798378
2307722
1112356
4968396
5027902
3410653
1860434
4935654
2156323
4625968
3359653
2979824
1181761
1860991
2061247
1978494
2071117
2045906
2154507
1752311
3071714
2229508
4993785
1103903
766560
2488852
4775989
4664530
1069949
4977658
4862053
3121664
968504
2048477
2131813
1872564
1515526
4689708
1655981
2858754
4682426
1113057
2266013
552068
5012648
2602090
4529168
1712377
5043613
4630599
3881559
3456346
1306493
2355169
4772971
1572198
1611251
1804850
1077370
3686511
2591254
1501840
3852942
959272
4492080
1389624
4397254
4018365
4252927
4608118
1800993
1541384
1956730
2586572
1849120
4394861
4485421
4424829
4170444
764441
4646415
4232907
4708129
380646
1783947
221777
1406448
3975819
2102292
1059894
890190
2287404
4746348
2659911
4984215
4300237
2475907
931856
4426662
2680248
1101611
1900899
3941905
904687
4667149
1899011
915154
652234
3911358
3807141
3648544
5040810
5005624
3526560
2546017
4052224
1237804
5078595
4852768
4971630
4745578
4859785
3291179
1354319
4853271
2298047
4835650
4248264
4216108
1304276
870839
2553777
5076831
2964221
4073452
1918185
1843653
4908630
2638309
4864071
2321257
1620144
1093636
2797918
2689931
2336704
4961639
2138577
784249
4658845
4852499
2410949
1644535
4520278
736214
1969005
2228184
3904523
888305
4858314
4129360
3708050
2486606
4892019
1107102
3320987
1029307
3758898
2062833
2615210
2621030
2626473
3984638
4722415
4672887
1970829
1360672
2964222
4771443
1142669
3254452
1083583
1690353
2618934
2719875
2713369
4025273
2382822
4761796
856738
999944
1079133
4834442
4650294
5072361
4132104
2129145
3967922
4866801
786379
4382678
4833888
4972148
4527610
1973474
2521210
2448986
2201553
4312018
3236407
4774712
901854
4945751
5070199
290581
1868547
3666536
4903183
1670139
3773174
5030795
4946098
1897567
4033498
3773248
3654425
2467121
1612453
2067141
2410945
1236582
1619561
1988096
1893461
3762927
4612355
4501154
2702294
1682101
5019810
1848985
1080030
2332240
3533716
4895160
539909
4860988
4735056
4863302
2492009
2522353
1141858
3584126
2101986
3938365
3892384
4786615
1831032
1294882
2352279
3993826
2205311
2898610
4043384
2496721
1419400
3812177
1514898
2237466
3851983
5028810
2149447
3078875
1968445
2285712
1573320
5003261
5002973
4740732
2060305
1495848
4863831
4043181
2015472
1685634
4726790
537235
2813387
966920
5008487
4709633
4226731
2201876
1071424
2207953
1691052
3898517
492285
1230741
2619743
4992834
2831663
1706210
4710493
2330357
3895710
1716402
4777711
3664708
2328680
740044
2464479
4426185
1714821
4279798
2469345
4789139
4727346
3671203
4577920
4776435
2391900
4972439
1066243
2045979
4833585
1649989
2799181
3659484
2073335
2944289
2530755
164183
4961519
4197953
2619459
3912910
2475402
3074520
3048410
574471
2096054
3919436
4001188
5036289
2335991
4699319
1843589
1270000
2373544
4992812
1869933
1544643
1532662
4553170
2151203
2522352
3956260
4487659
1546350
1222063
3946158
4696223
869222
338682
3880715
4019123
4602784
4402914
4881764
439956
4998177
2118443
1730889
1419243
4580176
3619070
2058288
5016525
948153
3386360
3756814
1405981
2107837
1449536
4425511
4869132
4956993
4905088
1307320
2083425
4978077
3862363
1401254
1223915
1825504
1862741
898575
1752315
1316210
3917718
1863289
4894158
2587040
4640493
4963268
4479848
3968056
1020931
4105346
2423610
3672326
4650478
1854479
156352
1932649
1018238
2317701
4588546
5085984
1353480
843597
2351892
4488317
1917158
2316176
2443190
2690201
4380040
2606065
4233787
297668
1860435
3939635
5001515
4980477
2099107
812161
4961220
1799197
726817
1110483
2274874
1129145
3126758
4640495
2463234
4936416
982390
1468467
5061813
5022611
3917954
4955170
1383825
4848925
3095039
2195806
746738
3023401
3727508
1155085
2133119
4070918
4749031
1218337
4824244
1997307
808848
2195737
2589617
4815225
2497195
3078415
3977348
795988
2023927
4247753
1973410
4912298
1678753
4568096
4055770
3056724
2588321
1570760
2287402
1994597
3483767
4949868
4565364
832691
2954960
1495498
1648505
4113339
5052177
4926451
1591892
4926809
4772684
110874
2902513
2419371
791029
2445438
1828400
2341259
4972953
4786514
381928
1008121
5029777
4888279
5043615
2100669
2468866
1657695
1067073
2467744
4605420
4781763
4613273
3591067
2226655
1871842
1563445
2077849
2761640
3055877
2650781
1454412
1635388
3206402
2798019
2201460
658127
3086756
946685
2420321
1483372
4767169
1463237
252238
4796534
1992818
4445197
2662780
1546425
4553907
1219148
966203
2625911
4438356
1041710
2096921
1766216
2196749
3669562
3939721
1166087
4684310
5046239
3665403
1780840
2699138
4974831
2022874
1783968
4836625
3055652
1407839
864446
2097992
4905646
2755127
4120339
4965640
4677616
4236706
2357806
3152118
2088521
1595191
2686355
1156747
4784495
4833586
1668035
4779115
5008484
1115737
3226670
4700597
881313
3998695
2449781
4704306
3809950
1768374
1245365
1869302
5058555
3933767
1746618
1294084
793352
229695
3978313
4839948
4712466
1232440
1561550
4751010
5007339
1889232
2514777
1966084
5016653
470315
4645011
3002764
3917904
4465093
1493121
3133636
1983406
4900125
2585183
1349766
4919049
3884886
3646710
4669416
4775318
83975
5028366
4743117
844014
3007920
2349469
4761895
4640368
2555536
2274013
1054400
1736239
3621507
2044364
2161926
4751007
4773748
3281757
1694030
4655526
626245
2583616
404550
1840093
1165064
1720423
1053232
957468
1981053
1487821
2841460
909032
4685450
4535499
827488
1509693
3467573
1702172
2492886
3481654
2698126
3428216
4497640
3095036
4737270
4751014
2836380
1204252
2477069
4910690
2022204
4899289
1658695
2319108
4389895
2072475
2067473
2245772
3186699
1804972
481450
4434604
5033291
2779503
609691
917120
2299561
1815498
547566
4019767
4069972
572051
4534093
2114861
4696034
1482745
1843236
1053520
533775
1868302
5068083
3127869
3920486
1578009
1582549
5036611
4859784
297115
3652698
905800
1983405
4343467
1985735
5022445
4728558
4762827
5026056
3891085
2957123
1782778
1431582
2318084
523700
4853009
4346795
2708955
2407257
4037804
4646485
1383389
4445390
4874063
2115117
1402392
4280217
2422207
3801465
1111553
3066431
2674928
3410654
2349467
1489404
1640330
4820637
2258888
665252
4944132
3859785
3287758
2530017
1385656
2413216
1037972
2186185
2584527
4490410
1718152
2719431
1657639
644971
1153255
4526864
1104057
2997367
4468758
905684
831241
1992317
2022201
2569254
4863442
1660602
1440742
2069841
4893637
2059822
3884934
3605633
5101909
4722259
3894084
4598244
3560365
2456559
1925194
2404837
1831841
1439146
1828537
1626537
5025270
4929962
1726917
4119513
2502889
1257298
642163
4207215
4857996
3966231
1609251
1124630
3495284
4696219
3120225
2769651
1513623
523376
1569034
1412805
1869935
4884311
1396152
4277533
2618935
4766627
4921970
4732649
4490487
910147
1353259
4958434
4176910
2655883
995837
2778999
2367179
4208420
2430890
2120587
386759
1810188
2095436
4652442
1047758
1046830
3784712
1864177
1734137
4894254
2099567
3975984
657917
2327619
1605598
2335100
3922958
2340852
2954868
854824
4984951
2970864
3968826
1720980
4443468
1086057
3066224
4585364
3101789
1736332
780914
3932583
2474302
2069999
4383508
3317261
4287611
2558126
1736729
4419203
2054965
4248267
4694795
1289927
4704234
847314
4500364
1093498
1071416
3646595
4224125
4374381
4705082
2349470
975517
1014580
4916540
2802397
4247752
3675267
2779000
4325459
4920162
3805867
4795593
4167895
1659750
3829736
3760228
1503470
131891
1809151
3588981
2780850
1020458
4956785
4598634
3385965
1554502
1566387
4643047
1786111
1574314
1527747
1555717
1989718
4850550
776951
1627148
2153405
1761768
2392458
3599324
4749406
1806154
5049384
4974590
541392
358411
1253252
1249502
4666984
2315558
1320835
4877885
654108
709258
4974647
790218
4107844
857624
4963266
1229141
1055147
1402367
2047629
1805627
4273030
4337889
4478624
1701563
1640115
2518844
4236779
4086731
4276440
4760524
1649528
386760
2478754
4922085
2271162
4081203
4010154
2510378
4020399
4708147
4751141
656337
973744
4105350
1005100
4368580
4298109
4686684
1888198
5017793
714591
295985
1690359
891293
4326873
1476582
3922521
4870380
893739
4923323
2161929
2075085
4773339
1836918
2243773
4764245
2410946
4881402
1643270
4469414
2450629
1543369
1956123
1887992
4195154
3676680
4018711
1957429
2629490
2872043
3902023
2259972
2657557
5050686
571981
1528842
2178070
1819782
4536823
4756059
4884918
2617751
467689
2102289
1289940
2106073
4815314
1863205
811127
1109306
2026805
3063865
1988910
3984460
2283281
2634566
3058850
3874766
1962945
824085
1632327
2861739
840020
2276247
1352602
3887417
2453508
2245373
3595734
1082783
3606973
1073278
1810150
4773561
3707925
1414507
1643386
519080
2616983
3386358
1080094
4565369
4333140
4473186
2983686
4943540
2206972
1500650
2428357
2044368
749274
3983866
1303844
1925407
2236177
4849326
4865935
846259
1628131
817174
1135897
555291
1643999
2596015
2161561
1404466
5019809
3440203
4874181
4246549
1850085
2572102
1596706
4900686
2137539
1783814
1623883
4655105
907760
2594993
1972186
3710801
5010711
4089223
231917
2965854
4922264
820619
3086147
1827323
5105002
3971476
126677
1614506
3179921
4787645
1509460
5000323
3725857
4874139
4795154
1948941
4524272
2896124
4438031
1206528
1076701
4103881
986939
5040811
3894289
1546243
2574593
4881063
4599338
3881132
2933161
1899511
2547084
2964230
1768240
4663156
1291657
4090176
1978495
2789238
2840740
2078712
851811
3933758
2022718
2063622
1837308
1568261
4551189
2421784
1910549
2234808
731975
2690172
422328
1316910
1034482
3097443
4951051
2899197
4648809
2548533
1683307
2039119
2662834
4795025
3989599
2391308
4009811
1628133
4941100
1754659
4728396
3617770
687865
2270804
4507036
5033125
4801528
1829927
4984946
513775
5081883
2201293
161787
5017140
4881934
3962022
478437
4855015
3880714
2176046
1684116
1350134
4635924
4240709
889729
1421048
4905829
2371236
4915061
2033671
1252642
190045
3752467
453042
4098827
2889416
4644203
1093703
1765587
4855807
1441081
1175910
703794
3687154
1882462
4836688
3030160
2590502
2763401
3845644
4907092
1031434
4962286
2801091
733943
4986651
3832960
3551549
576789
1527475
4921603
3914533
3643054
4163550
1869534
1751723
2967837
1156536
2609731
3250587
1726866
297411
4666625
3096251
1650859
1306871
633993
4856705
5015416
3410893
665200
1612454
2883760
1281115
2836976
3912663
2237626
3148592
4798513
4118229
2386287
1762724
1820338
2075847
1403240
98486
4233202
4553212
1020502
2822500
4919048
4961734
2591255
2052447
1676795
1610994
670881
1611276
2229845
856743
3934746
1680481
989232
1096903
4853247
3095404
3689073
1124153
2635981
2100940
2586467
1150597
4644253
3076004
2025942
1921228
3993898
1580335
4829185
1319682
1575142
4973971
2723813
1215688
4193906
4390538
720314
927823
5031555
4589294
2026418
2225530
1764795
4576770
4292832
1554693
1905345
592367
847197
4905934
2250747
4834441
1297882
4749408
5075341
2480904
847199
4728922
5007072
4990986
1083052
1001682
1682373
2983698
2761831
4896083
4504796
2098548
2770392
3520227
815071
4683926
1892257
4404214
1595303
1947230
1827616
1343292
1744528
4974631
2373716
4443139
1313029
4529492
1849505
1620648
1876015
1574296
1983358
2973576
1783725
476544
4330996
5022768
1420671
1273159
2933892
2099714
3673141
681304
2555645
1557471
4676268
2129143
2231384
5033711
1636508
5033953
4698426
3308755
2682644
1557181
4009608
5073695
3682382
1071754
3160676
4852491
4950861
602917
1053233
4793647
3876407
4996787
4725365
4975570
1988907
4458052
980638
4060592
2609730
2742959
4173825
3929710
2287891
1358299
641169
5063795
1988748
2537326
4453839
1864175
1770215
3689075
2842797
3508250
502581
1909552
2757598
1320129
1895073
4247751
1603439
1979344
829336
1092364
2076881
2971554
1910263
980431
1786610
4440741
2580675
3192083
801753
1551135
4970457
2572105
1585741
2068168
1018776
1873941
4921602
4847819
2402670
2444151
5008489
2535541
3992816
1403588
4550420
3372493
1018869
1813910
3141960
1701564
2785115
4230096
2510282
2395516
2245783
2292714
4142875
2441441
5055566
2176591
442206
2606880
3897504
2616211
2669883
1278814
4442106
3884903
2033840
1580161
2505624
1702903
2659371
1127547
509510
1655728
4748688
2660097
3635192
2302027
4106980
4125605
1330055
4132536
2964220
1356233
2465106
245780
3702327
4974636
2801090
2409659
1530159
2324863
4440065
2238522
795997
828243
2022061
1185036
4791386
824633
1529804
2050026
4541081
5101911
4897431
2817542
5062973
4403911
2727036
4781918
4322105
2979808
4942940
4952941
2473353
4748690
667349
4457909
4747414
3911528
2439851
2611482
4659634
4693264
3182535
436697
655686
3772555
1060951
1972105
4782040
1997892
823871
4854218
1412813
4645490
2077125
2318896
1678956
2025941
2399207
2014470
1962182
4055066
2610290
3985592
2053770
4696038
970048
2388297
4947088
2274507
73699
1607736
1995244
2166410
1797628
4927516
4915763
2559033
3536969
4446208
5029542
1138260
2480901
2857598
1464219
4018375
4853096
518331
2072959
4134504
2414690
2173718
5092249
1295253
2522356
2834250
4675786
4920723
2493793
3647694
974148
2058287
4750492
3849677
1579914
809469
2587072
1380717
4265212
2196829
823257
1869428
3342480
2596017
785416
2507884
4457906
4840263
4436200
1029189
2661439
4917038
2156420
830607
4837677
1948943
2552930
4845206
2200064
2764171
2013012
2982835
2407324
3743460
4011285
3933954
827803
1710847
319694
2982769
1397837
2683901
954703
2674297
4911314
4365511
1145169
2258652
1029562
2324858
2460502
3022348
5048556
3932887
3897669
623835
4285106
2266726
3086148
4409518
1729805
1174565
4198575
1163090
4529450
4299276
4753332
2210045
5023139
1897577
731139
1865787
3986513
1274950
2476527
1093507
318950
1675834
2617185
574187
2434035
4791383
2002612
4614359
3582592
4108830
2156326
4653106
2841370
3538967
2266773
633375
4722418
973278
2741910
3105670
2312927
3216821
2537148
1606044
515914
3835121
2092400
2766772
3877400
2284960
1564294
1651310
4815883
4928050
3036752
722968
4684386
2594991
4677287
3833971
4337249
646713
1562551
5005911
4029812
1382127
3951798
4780999
4836719
4862106
4633170
382887
3750115
542640
2041198
4565772
4964043
855762
2651490
2247102
2636405
4918572
2761853
1649990
4833608
4469413
65233
1580858
4513736
4365510
1139789
4872411
1582900
1918015
4906012
1990517
1184238
3920772
2791350
1529189
3030240
5016529
3900708
912722
2522366
2233760
3893556
468994
4684351
1410860
1924025
4693376
4289455
3045745
4831793
4964775
2546913
2197165
2900587
4187638
3667951
2283641
4248800
1441095
1786086
4515070
2044366
148083
1406451
1476606
4335072
2144225
1770626
4555458
2093539
1476903
3256129
4904333
742829
1668949
2549390
2242526
3662830
2468861
2979825
1347729
2044362
1474795
2348869
151229
4893706
3959579
3555643
638551
1066244
4752410
2135058
3917905
1915794
2529598
1666552
2242290
2722172
817987
366142
2688677
4706077
2549105
2983701
2985706
4859801
5099540
2419257
898786
1820794
407788
3310526
869286
3040670
2769649
4140868
5010710
2606067
2022876
1736330
5074737
2490373
5064356
4557768
4731078
558765
4895031
2204234
3984266
4875460
818597
1229702
1215127
4328944
3217026
2549082
3201165
1810154
2328979
4536267
1644003
2601894
4928045
2462686
4841267
987133
4182401
3014105
2813535
510510
2077119
1690356
3986899
3887874
1614054
4642487
367175
1373950
203986
4185781
2356185
473210
4751008
4874355
4526467
3180874
3935558
1527745
1098527
4802622
2325060
4245931
520516
4706688
3855031
4355403
1035898
4728228
949234
4690480
2593880
1996531
2551698
2237465
2203352
2449759
2796477
2334422
2662924
5007074
4677952
3996975
1289926
4951577
123180
3614497
5047427
5044295
3088767
2298847
4186715
4368853
4037771
1253987
1110592
2567509
3323078
3257369
4867543
2460925
2409644
1258135
3290536
1211828
3445237
2446142
5019893
1423240
4454282
4736572
2485993
2461086
1642274
4638395
2170966
2414472
2567823
4921479
2938031
1160295
4903680
1862183
4649823
4940345
1657612
2625910
3435049
3805780
1066890
1626385
2655469
4932988
239037
2626718
3598270
521458
4852700
1166895
568462
3818656
5020546
1160292
954692
3718810
2436293
4588789
614215
4701529
4552004
4479292
3140221
3833969
1093107
4709176
4582640
909502
1573324
2347976
2283638
4636317
2894747
3647101
4412717
2021785
2522895
3882869
3056420
1794074
3941666
2391951
4857948
1623220
1372586
4642832
2558546
4428473
4046200
4458046
556313
2507141
2190058
1725588
734339
4552052
3450697
2267377
5073595
4240473
1127204
3720907
2036467
1019006
1863206
1690358
2170756
665240
4255268
3792435
4628499
1803401
1294884
4593476
3883278
2067117
2693226
4839642
2742960
1871128
1281081
3970502
1675844
4690720
4655527
4892608
3953949
1796684
763294
3121051
4881649
3849288
2090745
2103566
983102
2069748
1972419
925838
329283
2762787
905745
2921013
1109112
4101721
4166302
3495322
4439007
5014474
1670009
4007262
2842757
4641235
1746840
1873147
2672240
1863228
2802273
1649842
4683164
4458213
5068198
4688026
1680868
1609741
4338021
1376907
2476317
3914861
1665716
1069158
4180772
2113247
147327
2254763
4621612
1053519
2225237
4546554
1682436
4630407
4563928
4711031
4614581
3960048
1263876
4191789
2491739
2849490
1643641
4033644
2847457
4451832
4693910
140665
1863231
2579876
1828729
3934747
1570203
2417914
4754871
1148303
485284
2060302
2796473
3237463
1612129
1870002
3729439
4447561
2096053
934369
2729553
1621175
430371
4938961
1436247
4960767
4084861
2622401
3392208
2664875
3069847
4969758
994495
2642879
763619
1720903
1614500
3948841
3930612
1844413
3234551
4722076
369349
4972983
3957891
3040273
4862108
2017352
145366
1100405
1914722
725718
671750
2494808
2409643
3888234
4018372
1281383
1126915
3800908
1718672
26397
418761
3037670
4986119
3913691
4542404
991733
2097994
2438030
4219265
4098658
3743710
1924444
4961516
28578
740040
539090
4859070
2625851
1944228
4550418
805030
1059388
5036615
2597311
4694654
2007483
1509549
2924352
176280
2199381
4727375
4673661
4586055
4292831
1173074
2911747
4158786
4735210
1898475
2444814
4193498
2058668
3148594
754084
1573638
4878950
1702186
670892
1153219
2170386
1898045
808849
4720896
3595089
2168737
2402851
637477
1457925
3228488
249596
3118296
2409230
83603
1909555
2318036
2056505
1642169
4800513
3815761
1988750
5056463
2045016
1396767
1909554
3431310
4701471
2034057
1599393
1669808
1243783
1862266
2829777
1103552
4547509
1491793
4478301
2190486
3784222
4658978
1485744
373781
1650971
2707569
1643862
1105014
768781
845391
3819588
3726990
3381137
4669375
1658431
1573762
116128
5059691
4412719
487384
3030158
4305487
3628308
2095008
2090844
3515987
877312
822553
1762037
3117424
3055880
3804968
853166
3950586
1262763
1030374
4059862
4017942
4444265
1369610
4277071
1154509
2329934
4601422
1826438
1690355
2305009
4890269
1522181
3923233
633379
4166405
2943265
4675675
4869782
1887453
4961880
1431949
3701191
1744385
2475264
1485831
2059468
214735
1979194
4262679
3892050
2648002
764820
4093558
2677406
2332088
1677967
4647815
1893220
4984751
2974083
4487658
2597236
682053
2533647
2856078
557821
4561671
1743105
2477067
2680014
3030156
3852941
2499427
4329827
2530752
181097
1118005
1082614
778730
4869813
1569584
5050419
2517929
1642644
415941
3017372
1568451
962979
2549327
4209531
1900116
3257225
1475981
4994197
2614668
5016790
1690870
2589464
3412638
1547489
893696
2135438
1256136
4918086
1531842
3210496
2249059
1807831
687530
4168098
4509925
1675842
404440
2391305
1255789
1927666
1926881
1730139
132013
2461089
2328342
4140870
1973475
3503817
4916926
2064449
3407953
2486391
1618983
1056320
2571178
3902487
4129831
3826609
2733879
2930635
3917717
4754183
1762729
2883759
3136782
4738745
4929459
3138313
103281
1480224
221950
668780
3695448
4980421
2920787
917129
2283853
2373558
3874871
1898580
4878497
4610491
2234657
1185311
4806851
3990587
4530522
718643
2802324
3189824
389698
404910
1397493
2778998
1592917
2088589
2686234
2245775
3843126
2897135
294225
728870
2609733
4869473
4282977
979684
1385399
3801212
2799073
4492625
3626627
1796685
979208
4783741
1605533
3975818
1494828
2591379
181253
4748019
915210
3217027
4918964
2161658
4478631
1004492
1696087
1607370
1506911
762864
2997438
4339979
2541870
1974323
4857998
3989709
1521304
758233
1572367
1103520
1493486
2468864
1952177
2142611
1094998
3130125
3095041
2328679
2791506
744673
4682910
3895384
1367999
1607369
1952486
4731535
2627957
4171923
4009188
5013782
1735858
4231382
5028593
1055987
796012
2399144
4897578
1714833
3493025
1639736
4880188
3030590
1658063
1942388
2193364
4452212
4139122
4085207
4951680
4114290
1051486
2484994
2598926
4836716
1696846
3949761
1010850
2101014
2322685
2077848
4065511
3802311
3876196
1054525
2137969
4655439
2625237
261725
3030161
2077121
3905667
3957764
4209533
4980422
4622085
2785317
2874408
1070639
1898692
4355278
165439
4467199
2148690
4092130
635679
3758896
4032758
4473185
202756
2028695
3990087
4843952
888018
4517932
1397494
2648827
2974590
2354363
2374428
2078042
2198659
780140
3647296
108314
2097124
1295867
4950862
680703
2251947
2333303
2969237
3015347
2570595
1163867
5044245
1467741
3789610
4835258
3098623
1348658
3934020
4762350
3666599
2071921
4129561
834587
2246465
4734241
1759602
4266652
869142
1060683
2895822
1826135
897968
1083458
1809491
1304049
1974685
4863107
1966099
4868016
1437528
817929
3642620
2988681
2831393
4258288
2068783
4300137
2468000
3711613
2218881
3020638
4043390
4793476
4635925
733753
1639738
32832
3885633
2554595
1290855
1608832
1073250
4380918
3948588
31258
1683784
3879524
888383
106361
719594
3819343
3784907
1610022
2483158
1850898
4886794
716176
1569904
429989
596161
902086
1468472
3966213
1385396
4056072
1857258
4231421
4875407
772293
2205163
1451282
4556835
3401213
417880
4953893
3839114
1820965
2299955
972457
1055818
1621068
1073277
923329
1307401
3880716
4547796
1740360
891294
899534
2399861
2503599
4988433
3267809
2096051
4166299
4083438
1033154
3653690
4723768
4074648
413141
2277298
2042429
527440
1534639
4937668
4579540
2113285
4985483
163639
1150882
4641177
1104323
4019500
2457333
5019243
3428348
3010882
25016
1392016
896480
3554008
4748330
4334720
4657389
4388237
1498892
2199786
2317700
2010006
4658979
1400763
1937456
1416272
4134502
1414527
3141504
764082
446612
3792329
3076104
525849
3926178
1498091
2151200
144737
2045115
3561625
1670456
2407203
1584957
4073963
5021528
4230707
1850300
4926908
2315562
4060901
3835740
5033616
2717891
569225
5007177
1695209
714506
1242785
1762727
2754191
1492011
4933254
4764561
3942019
5055565
1149925
4288523
2688706
830250
4022867
2066988
794985
4942832
1621319
4061653
1408296
2538345
1543159
3852943
1313278
4793475
1754721
4971218
4791384
1133991
4677921
4121726
357381
1283463
4436256
1126965
1944898
1613232
4766114
3962232
3792564
5014706
1705675
2242173
1694583
85128
2899187
614323
3098079
3028781
3311073
4750699
18801
1829038
724360
1891659
1907310
3657002
2113851
3530613
3907327
4768777
1397316
823873
4901835
3964264
207659
2855627
1676687
1727980
4988317
2004269
3317368
4937446
5040809
2682467
4364794
2818779
841101
1859185
3945114
4037656
4927515
878369
4159745
1091511
4304137
1028006
2770394
1825833
1903496
1694787
3737401
4904540
4750431
3178543
2149448
2260983
4499209
1474956
1474946
362940
4101851
1826587
4924354
2256759
471829
3980481
2073587
3937149
768459
1587405
3752290
2506721
3495401
2854062
688618
4852497
4740733
4969074
2202224
2232194
1473776
817334
287269
1490978
3736119
4610736
1412760
3959112
3371047
3900789
1382659
4904663
4658575
3439308
822656
2680677
1316638
2245784
2517295
2062325
1409810
2170342
4990264
4982143
679771
2156798
2982943
2022724
1528889
4825744
1609695
2984647
4263376
176347
1654061
2930631
4913726
2792200
3063228
4676267
4143665
4289689
2132924
4173548
3319133
2306585
2357752
4836718
2865523
3216669
2083683
4422926
3823124
1675841
4899677
5059693
1408709
3226510
3949619
1083470
3724719
2208203
1614714
4852515
2480215
2869288
2206921
3842589
3090815
4680969
4579822
2149819
1182213
870707
3743708
1675838
4976301
4631995
4669009
4704217
3868481
733755
3888384
4672274
1361273
1413077
3772513
4708638
2873301
4029000
4316383
4325842
175693
1672165
2096262
728877
1618411
3662511
1640362
767924
2317124
302238
4507771
4893611
2303909
943399
375836
4691035
2654033
5030973
2640145
4347160
4089879
4901839
4710619
5038463
4922077
925540
2499869
722448
1836239
1574312
2608679
1668496
2014567
5054404
703905
2875696
2997067
1191921
2277474
1511837
3795382
1351114
4152466
4163553
1697722
3851238
81742
1551961
3595088
4415609
2596008
3955064
4965307
932223
2221627
691083
4545084
2089376
4818353
5020021
4917607
4457827
3941663
4919463
2316005
4458267
4239460
2121136
2341837
2580525
5049383
3993306
2702129
4106816
5070363
2643118
2428270
1968209
991043
4389188
4943539
3242265
244781
1503914
859667
293224
483186
1116528
5068082
1230854
1370029
1571082
2320451
3888965
4265109
131564
5093058
4580794
1866415
307872
325654
3272643
664388
1438557
2367340
3192826
2807261
1699423
1656879
3971135
1521481
2455670
4685922
2509341
3967124
669570
4638672
2685718
2819736
4304139
3598607
2102290
4050391
356182
945157
4018742
3653088
1071210
240689
1519885
4630405
1452718
523575
2685040
5006350
1544460
4486330
3744130
3903344
2295386
1885531
4053889
2281078
2173693
1517726
2768329
1593361
5007075
964534
4997379
4036935
2848843
4937176
3010370
4198574
4157494
1978280
713328
1986845
2848846
2532230
3152714
900957
4915726
3845627
4962285
4192964
4845432
3902488
1853285
4351584
2917229
1229110
1157717
3150892
1803114
1659078
147030
4091822
1519137
4562542
4554022
675330
2983699
33895
1009012
2282064
4000665
4092128
1821081
2686032
1226524
2663988
1572868
3557474
2040201
5008488
2094906
2171890
786021
3006043
2064452
3982097
1615502
234535
2893406
1345343
3885326
2768998
825256
5080935
3641435
4714246
4969774
1636988
1280280
4884523
5008486
1925409
3949962
5046953
4753901
3989743
2923287
745115
5026913
4858510
4105009
1636565
1183811
1883863
1419398
4176841
2779001
4392029
3323076
4520280
2443188
5021530
1733445
1033002
2111279
4758433
3816750
4709739
3782267
1244426
3858473
1814702
235879
4840450
21010
840686
4836714
2306843
2245860
1906336
4943930
4671406
4467958
4865705
2692365
1946522
714001
1525129
3698071
4091065
3563494
3418890
4922668
2450995
2284958
1969212
4183149
1350672
1511760
4168047
869285
3064811
1762728
4028088
2223259
97783
3171376
1979601
1937409
727145
1524581
700321
3629621
2067454
1315479
2985865
4139302
74057
3654033
2703521
1750943
4275964
4833456
207174
1035901
4873640
2076261
4005957
3703331
4896057
4778352
1587275
2526249
4684721
3102460
1649480
3939244
295097
1283710
1634984
1081806
4289473
4985480
4081326
3095040
5013890
4213425
4551540
1514253
215238
2459932
1838165
48067
2643119
4862134
1935353
1401283
1962758
1093245
3555098
4624736
1249039
4664733
2523820
2659724
5058302
107410
3418164
4637611
4466873
2087332
2448404
4385844
2384193
2326286
2118444
405716
4295357
2552715
5044268
3093276
4855016
2534559
2837528
2682465
5038680
1250198
628637
155914
180079
1391631
789819
814293
4951502
4569982
3992108
4689055
1968148
5048628
1532044
1264343
4572469
5009204
4835799
4022724
4899393
4225332
4996692
4922768
2402673
406970
32230
1675384
2475939
4767515
2025940
757386
4681120
4398779
1243782
3323514
4577913
3094956
2764581
3223086
2444527
1580334
1252651
1801873
3238877
1724319
1618980
2679663
38332
3901145
1967262
4007123
4944607
792950
4849082
4472564
1993172
2047086
4603927
4280192
2992705
172611
1987152
4276022
4256235
4968269
1717798
4889235
4859959
2516621
1659553
3385969
3480124
3907023
3228666
4713855
2162847
786315
2065443
1740159
698529
4270110
2711306
2935781
2947395
3684868
1518059
2143040
3075535
1545076
4217313
2354365
3884985
4437850
2820129
3969698
557987
1140801
1676342
2114963
1797557
2537499
5009202
2245766
4881932
3136499
2953364
1694393
659423
1613687
2967833
1950880
2239240
4594762
3839568
2580634
1899839
128718
4876676
4054436
2362712
2648459
2573530
5039099
2594547
2069207
4904264
1252022
3960318
3792563
4317181
835314
1229107
3146323
3683829
1055833
2274462
2698188
556757
2882382
4988073
815857
3903974
4191786
2260816
4480752
833605
2273016
3726442
738231
1553251
2149340
1844492
3944057
1180209
1836772
1613624
1991349
206845
3860268
2273465
3245026
4171530
4684406
276596
1149638
2505187
328098
2242774
2162080
4973362
2487454
1092361
1726474
4682193
5074152
3895496
1955170
4674304
2979585
3255469
5070201
4669914
2129147
2279950
1752313
3904950
4405929
1682946
1596625
529080
975519
2932023
2510779
1889138
2125362
1516778
4929959
1305415
2524959
4781028
1304814
1602634
4552002
1480862
2205164
1609590
3390136
995835
1317186
2528262
1033430
1950290
3085497
3685433
1950959
4176723
2975356
2369469
3422765
1885461
4876675
5002972
4899442
1872553
3933443
1869937
2514123
1366185
306255
4928547
4548752
502574
1065898
2777737
2095424
3076066
4267495
1943749
2486019
645847
4176948
4529390
2212541
3430044
2683573
98623
354185
4281004
2021335
3208830
1962198
4132501
1626968
4769552
2017538
4230189
3012571
1037478
623699
1247976
1686044
4912091
2921706
3678555
1218409
4277498
1524103
2583506
2191153
4876930
1153237
3236329
889632
736213
757003
1314102
1988751
1448567
1052899
1962161
1043089
4412721
3073983
2530955
1891490
2117573
3780491
3231554
789815
1256532
4787441
2347017
3927817
4428239
3275936
946773
4392934
2868674
3939245
898969
3696791
1499387
3967119
2825599
3801649
1528368
2361328
665149
1097096
4267493
2112454
2339362
2589321
4298214
4037405
5043510
3459056
1160293
3907769
999720
1762628
4951837
4920326
2456779
2868389
1164100
1992567
2199470
1477261
832140
1149713
2873280
2392545
2112910
4900124
4518862
208776
2875860
1211913
4332231
3720541
4645282
3038366
2813274
3784709
1656882
2768157
4865840
1104798
2853902
2368085
158587
4300635
3649199
4183614
1605510
402026
4247992
5081063
2003640
786842
2470527
1506912
456214
4825260
904307
3011874
3929092
2842861
1074427
2972551
1844416
4902122
84964
2868388
1700102
766475
1517653
679779
5071422
952620
4906803
1440018
4218515
559071
3093274
3643188
1655726
2589788
4419204
735021
4867198
1654062
2719326
2152479
911001
2517470
2511144
4849357
1669955
2716040
3977391
239931
4907350
1073275
4856586
1875292
4443279
4942831
4829781
4178041
1462875
5031049
3407380
4674774
2474809
1949551
2964438
2905784
4717507
27637
3233296
1934326
1607321
1578503
2750832
4722417
4120341
4113743
768453
1688154
1651150
2658469
4906498
4123998
1588368
5071897
1613615
4121098
3965630
1608414
4664126
2560692
2019661
1845585
2021990
4626500
4388888
4130321
4499334
3759286
2474860
983680
2966498
4927184
4832395
3980435
1645699
1849148
85986
987096
1864006
4893634
2220743
4537459
4302852
2739798
3923858
1657066
3885167
1866907
4944921
602547
1054503
1335815
647685
4360908
5045148
4218952
4462029
3153536
1678850
2827835
1385397
82962
2161977
754991
2514776
4607972
1084804
2269191
4134503
1620344
3782046
191423
3989708
5002975
1275831
2414791
3669882
2062581
1137065
3975825
3385967
4146644
4428237
2270951
5024950
2430049
910124
1700562
1618417
2048478
1590239
4218569
877335
4065519
1853975
960985
1134549
4184679
1609988
2050696
4947118
4683051
31995
1295250
1400687
1294881
3500223
3795381
4091291
2457803
2329937
3723310
677907
1246449
870152
649686
3885475
5101912
4954819
4049440
1452758
4051812
226563
4700911
4881328
4857995
391522
1843231
1744010
236572
3135912
1027560
2106248
1925406
3807600
4149857
1603621
4009807
1365161
2451721
1215683
1956104
2002605
761641
5071578
2728162
4056372
4101719
4943538
2666261
821086
1702281
4376395
4200548
3862467
95733
2590758
751180
5039482
1603081
1928078
1846226
679131
712376
3439129
507099
3085420
4235907
824622
4153690
1657949
3601026
1836302
4772430
5071425
4113742
3805908
4789709
2464481
1052871
1851468
2330632
2474770
4421836
2601641
4842580
4985482
4089677
4684404
1857519
4937453
1346121
3849012
3961915
1649466
2366034
2488019
4886923
4791389
957154
539789
2575935
3640199
2206744
1783813
2301681
3872972
1725369
3471735
4881930
1501684
4415871
242609
1080849
1961270
3915991
4902123
1962723
4289471
2891924
2455776
1636304
4853249
2030843
2245856
3914047
2199189
4288530
1925556
2984646
2034967
974378
4556153
5086956
2383096
3983342
4524268
4115498
2201814
979405
2564395
2899188
2505946
3466635
3879530
4325297
127138
2409645
3682872
2222887
4949926
3139150
2156980
1398002
1592915
4133082
2674489
4582321
4613709
2868385
4529671
125702
1828634
4685124
3121730
4769683
1832316
1889660
1317124
4697664
2219880
1258440
870481
899221
4025274
1863290
569590
4133726
2283280
5029627
1695876
4565418
3380173
3914634
772983
2521314
3028465
1267491
950679
2130269
2040812
996357
1730526
208
4968872
1082882
3371048
2121925
1770304
2198034
1810372
4920178
2649160
3407111
4445391
4250431
4920667
3262337
903718
1644937
4612353
519940
3034595
2036650
4856585
3595027
4860851
4933275
3684331
2041153
2378549
1512691
1587533
641439
2445664
3069102
2331416
4863851
342711
3152717
4096689
1220665
457257
1088292
3100786
4759715
1662480
3645482
4885520
3540699
1071565
2777735
2290564
4330314
2078195
2842942
1041481
1408544
1827879
4178950
4427646
1771721
4049612
4321114
2691257
4836717
4915895
1530057
3011287
2376642
1256373
978213
555965
2792203
1838026
1610854
3976887
3045279
2784484
87171
1659165
1775026
2203213
4233182
2710278
4702434
4024631
1183569
4975480
1175841
4883531
3157087
4929999
1711830
4610839
822682
1879644
2453128
4922678
3133404
95382
1171239
3119737
3990712
2006067
4791394
1815796
1704915
1935352
4658530
2549282
1290934
4791391
442170
2550067
1315116
1797692
2688823
1297136
2036905
3489502
3107332
1242790
1803208
691163
1797544
2391307
3572237
1863291
4160156
2876871
4737933
1979226
2628834
4576240
2635006
3988384
2281076
4182402
4780963
3861178
2194261
4199616
1994456
2786387
1980823
1373874
2915798
1079540
1692260
3702308
1605059
1508380
4240719
4769688
4984838
553131
2399477
3929510
493373
283593
586761
4319382
2798020
2258687
2287405
4187659
4463243
4141145
2401113
4923817
1082872
4448167
968220
2335045
2548638
3796888
4804345
1187687
1462807
485109
1836274
3210497
999566
1839276
490154
912492
1793422
2443187
1964722
3110665
4107640
4957833
3072830
4091819
229180
3901896
1257855
1827864
1155987
3931740
4041950
1932016
2040486
1541243
2446007
3119428
4098711
1732926
1700933
1932720
174916
2108468
4224742
4936779
2281077
4114758
45211
166624
1954260
4107641
1869619
1403276
2522270
744672
1991986
3366726
916788
1233411
1041727
1382091
3426503
3964439
961907
4916227
2825695
454289
1843708
1826136
2049457
2018290
2457802
4399056
2486596
4234940
3181562
4867264
240730
2861729
4795878
2442176
270536
981641
2597330
4129563
3273371
2049842
1762730
2259381
3724557
2465585
2430914
4893638
4468167
2058789
2551700
2245786
3942020
3141505
3140220
3119830
3705040
2649095
4703622
3920671
2063785
3886940
4231220
1778356
4811053
943246
1669990
1007546
1691360
954254
1799101
2025938
4298178
1460352
2184521
3366722
4724521
4113977
3792954
3960114
2843416
4555888
4834702
4412718
658120
2128030
2577842
1807642
4706238
2278502
1593847
3916371
438328
4607045
3989705
2199472
1639281
4943863
4041675
5009200
2352543
4249701
3323075
3136801
1726062
1579673
2113120
315835
3265319
1570183
205941
4386516
2238398
1236756
1223770
2535249
2530376
2126752
1897317
3907940
872885
1217419
1522662
978965
2132926
4681118
2904100
4502009
1121504
2776173
2489378
1556943
1632945
983692
705654
2161305
2518842
2848773
3071309
4943649
1979227
853926
517432
2360258
4337246
2223734
4054229
996356
902709
2606069
4378949
4463244
1659942
1078177
2453247
4134662
1482959
4252020
3813017
728878
1907422
2011210
784243
4868014
3104522
4254655
991015
1691293
1911666
1607294
587547
4425088
1675843
1153238
2354366
4386841
283705
1442773
4754448
2546607
1768636
4274766
2089678
1826476
5063849
4388362
3952453
3386365
2747701
4686547
2958956
1552896
3307042
3109786
2062030
30570
5019653
1797548
4880511
1495657
754990
1605048
2359099
2828726
2079481
4384633
1269232
3003472
1968115
4499862
1093392
1490015
5024915
2154734
3905683
3028380
3904548
1797549
1580330
4095893
3075536
172619
4341777
4542585
2756887
1679885
3967918
1006822
1802636
3766116
4705585
4202292
1855449
3684873
40017
2025589
4042753
1583484
4407787
1758674
2265685
1694392
910134
2820901
2382179
2198669
4403969
4177278
2196522
1185276
3638672
1272209
1181933
3998870
1459804
824634
864222
2245777
4675456
888010
4931826
4458811
37074
3545345
3095021
4719804
2622332
793350
4922279
5030884
4018467
3606982
2679351
2940596
520372
5039100
2313419
1785659
1308048
1702971
4173682
2287845
1264070
4763857
4803203
3105129
3648315
1665564
4374348
1451019
2102288
1301230
1593031
4630402
4086394
3137141
2744034
1952051
1962522
611349
2139172
716955
1661486
2751758
2580981
1460972
4755041
4753270
2972848
3815218
4187139
3989706
952069
2613076
638017
2973848
824329
2532167
2274932
3889557
2610040
2868387
2373706
2976729
743818
744675
1594554
2083431
1862796
4943112
1317500
4535471
3750003
490367
1149303
2808698
1844294
4642310
264439
1665769
1637465
2245776
2535680
929999
2659368
1819160
4753333
3902497
1951094
928868
4777901
2036851
828242
1864566
975385
717133
5030971
2730376
3865522
4431154
4834921
2136959
3920033
4845178
3155044
4064324
340652
1931141
5009966
1658615
1576174
3802067
3552451
1648055
3753007
969668
3259719
1785888
2508896
2016274
179666
3644502
1496794
2318096
2031676
3952829
2710969
3813999
1997316
3422764
3156337
138552
1675840
3687075
3031685
2245781
1104260
4926329
2770057
3112233
2036902
4538347
2311453
4545302
123417
1592913
4098441
402031
4150055
2174441
869310
4095894
2534930
4149856
5046956
3921750
1844019
3994301
1358482
4432521
679817
1257663
3986514
2567738
2161023
5026119
2289943
2277236
1142884
3845645
2967835
2002672
1944926
1839305
712972
4776434
1656000
4747925
2419195
1619564
2066989
4136734
4266651
3027402
2400965
1331749
4794928
1330566
3667132
4962066
4704307
3588248
4237535
4415873
1902818
2015092
900576
2118445
4325844
4836720
1856299
2226722
4286980
638383
2732588
2223074
1571863
146360
1257627
1169773
4873969
933105
4421970
2123262
721014
1883745
1858652
402494
3649350
2244838
1181330
3141191
5002749
3251761
1040044
946711
713935
786108
4324823
4972951
1258137
3130926
3012810
655680
17909
3004787
1785887
1992460
4913075
1809107
4184799
3899162
227666
2088758
4916011
2020602
2458056
1777497
725139
494114
4866300
4839924
1639315
4053095
2328433
4650466
4886270
4117082
2060306
399977
5081057
2604568
355154
5043504
1821561
3982536
3749509
1561819
3036753
2123909
2038860
2317127
2676385
4450704
4736724
2547566
3979108
545555
2245771
4920201
3957036
766080
3970938
943403
1272842
4017110
2693312
1883717
1494944
927754
25953
1655719
2570167
3969509
2900597
1899100
707187
2952972
3769401
4276902
2669841
1730178
124275
4819564
258
736215
2836433
1802637
3020100
1264763
823869
3700881
4724992
712147
4238695
690778
1651309
137296
1072328
2420455
4867444
95583
1432041
1489207
2047632
3135913
2083422
1911665
4461903
1258217
128366
4534858
3822978
4378923
2772367
1059390
3815421
1854034
1021579
1016701
4721743
1294632
4552085
4006415
115586
1692944
792365
4672163
2495109
1328177
129891
1895607
3941047
1786960
4037655
1040942
4153686
4360286
4912467
938402
2816504
3502636
2719334
1868096
4240707
2590221
4064327
3903219
4192175
1150868
1714819
3156742
1627149
1025210
3713370
1763159
3734887
2420454
5059698
1863198
1985415
2537479
1623092
26235
2768155
1921070
895999
4477087
771496
4028613
1170505
3942018
5002971
1067074
1306747
2325387
2510533
1679686
1267489
4352324
1366190
4852495
4497441
1754266
2689030
3627857
2066867
847315
64066
4900457
2306930
2648634
2664458
2103101
3041371
4123021
4758431
1800249
2495113
1936561
3703273
2849548
3915989
1168783
4867197
4086363
3103580
4166404
1095854
4487849
4001085
1493332
2245768
4370986
1608726
2245780
1310748
1286459
3048462
1691288
2078232
4963270
654567
1157344
3714679
1566637
1242792
2245705
2156120
3539055
2562794
1523371
4368338
4209387
4982055
4317180
4951839
3742334
1850948
952068
2234986
1944412
1610745
4091479
4213424
4325843
2269544
3702674
4490711
992281
476149
2221292
2316253
828940
4983591
661124
2613334
2236174
1317090
1940243
2290441
3307169
2416656
53340
3924131
2460926
557814
823870
3066988
3055938
1212291
4871350
2222861
26272
661705
3907765
1021592
4411838
1428949
657519
3643550
2064450
217257
2200195
3158362
4800217
1701400
4280191
1850585
4176602
2643619
3711612
2338617
1995061
3863235
3130927
539578
4847015
2714494
2063419
4212435
215906
2474185
2310601
1295717
1762733
2328042
4535435
2331330
2590482
2113754
1517793
2056998
2278105
4398778
1291369
2046116
2628955
288177
726381
1655441
2833172
1176958
2454972
136400
1227359
4328469
2334519
1253771
1849433
4618107
4166793
4330315
1694395
2569027
3164032
4140873
2937933
3972414
1644648
1786106
1675832
1492012
3915987
3911878
4894717
4662127
1358921
2060301
4393425
4856545
3754876
1556636
3908671
2721644
1741093
2265686
669374
965524
2004378
1095855
4231655
3906952
1888359
3727392
2162848
26726
789816
1639737
821785
1618987
759056
4579472
1093704
153857
3135149
3736223
2113440
4550417
940378
4898608
2911
155877
2054967
3777362
331594
490910
1475918
1524357
1839762
4997583
2523668
2194972
1940584
3375221
1787848
3729717
2242223
2020385
1507125
2783902
838482
1889174
1372702
4451176
1478355
299167
935997
2372012
4883762
2332758
2751787
2184125
4771947
1740092
3600797
1948942
4612257
1786703
4468170
25990
2609485
857586
3613647
2223073
767203
2651508
1128455
2152484
4708805
3853735
2402671
1951721
2822369
4754261
2685991
3746164
3145415
1492008
827317
4143861
4623512
770354
1681634
3959663
4518097
3802839
3104529
581623
983896
2226486
1053243
4158054
3041193
1261879
4271030
2284451
985141
3139947
1059292
860486
1217004
178489
1139277
1309215
1281681
4894258
1708266
1465147
4120004
1568884
2641806
3229091
517308
1850329
4145598
1366280
1783726
4094601
683970
2442834
155931
4612267
3211681
846907
554287
768986
1506887
789818
5063067
1690124
356030
786345
4331387
2395895
4027752
581401
1369375
1843594
944722
4420176
4957982
2172809
3953710
1518913
4982056
1828834
300198
3853594
4235140
2052974
2744035
2267564
1943984
3095038
2250774
5006347
363010
4753267
1961323
4360903
300689
356818
2565598
979547
1103330
2519124
3315396
1617640
1981142
1243846
1182331
1267468
4673162
2304460
2397591
2098880
3237374
312098
4397592
965243
365922
3888920
4803733
4662519
1762937
3958966
1496486
1370595
2359453
2528447
4942317
3889455
4521745
2915332
413428
165347
1592916
3290808
21577
4532438
2588797
4907592
4108094
1182462
2106916
4111667
1993287
784369
36658
4238418
4944678
3379344
4144818
3783036
4003471
1952042
1083054
4769703
1575381
4568164
4931093
3829939
3941664
4985696
4235139
2514918
4744973
5026057
4570593
2793345
2413710
3863164
18170
903357
4912108
2009295
2925556
4921872
4451177
830322
3899964
1634985
4053883
4468168
102891
486513
4982054
1734082
34045
2319348
2470660
31994
4430993
4829130
4134924
1730179
3385966
4140263
4924608
1692474
3851543
2726346
1355247
1917082
2387517
2088272
5014834
3443974
1083053
5035509
2007934
2719429
1481624
1729807
445177
3556115
540798
1603084
3705480
2484271
558049
2677191
933666
4522973
73546
4577924
1474649
1947084
1155253
4559792
46628
3798298
2179472
4577926
1694106
4576238
713442
3112494
2064221
1580331
2395915
3967210
2577841
2495568
2204642
4718650
4623511
2019478
3752975
680689
819531
966243
1610746
3124280
1776723
2688254
3854321
4876674
2141101
4014382
2670866
3385161
4722257
2252983
2200063
4403711
1397838
3967920
2670709
4747733
4734240
2283639
1830300
857353
1603957
1569488
1570489
1584261
2250833
4058449
1663107
4626647
2248980
83974
2428752
3582938
4918949
2791233
4951682
1513237
2101630
4288226
805855
4816701
2917787
1954900
4106914
844058
1059410
1674513
1974048
3023414
2164315
4956321
96684
1417119
4371241
1468970
1898297
1183810
1073279
1349686
2917625
2269187
1245830
2848842
5083829
4234921
779452
4466096
4955810
2187303
3125070
2273031
1975886
2462350
3072831
591347
1567435
1989839
2114276
2357751
1586892
2570594
2125305
4954476
3441410
1046951
2623831
2030431
1634180
4524271
4916181
1658081
4003740
2564428
1843659
1349346
4687815
684163
1595667
556312
4689249
2058833
778603
1587090
2347706
3050529
2009902
4694276
4376532
958098
735356
107434
2294389
2195728
4868650
2245785
1975855
2870806
4419660
1084742
3715945
4001453
1047864
2690880
3797967
2990225
4669413
2105741
867819
4288711
1862002
5070035
4240722
1793090
4643612
931860
4577927
5070460
2047084
2863658
1282279
4982315
1991136
4670418
4120003
663725
2262286
961692
2589292
1761412
3824438
3798036
3151808
4982052
4225846
991214
2696280
2333933
2245787
933875
1625592
4880612
2425598
4274308
2300083
574107
2099955
143853
2367515
1723473
4121596
5071869
3245438
2514126
2342256
2245767
37185
2198494
484890
1229108
4532430
2731312
2761854
3959862
2487962
2086442
846105
1863199
2282063
2556209
1657917
3680277
768454
1135157
3366724
4565975
2222967
4419503
4734139
4567074
581185
4056699
1618988
1186901
4148400
1828136
2060304
2245778
3652821
4344423
1921069
4899449
4750701
118068
5075798
2012527
1304831
4441018
3580348
759823
4694048
2234210
1618985
1922465
721922
1649596
1714161
4510284
2324862
4334908
2647406
2399458
5042421
3073370
4163899
4904114
87570
1627157
4982053
935029
1643106
2638888
4059150
999064
1733039
1949561
3847722
4708806
1266192
1907826
1328735
1184359
4184839
1682464
4577923
2168434
453358
2094987
223397
372170
3915463
4480795
1827558
3272855
2721654
2084862
2453918
102736
161686
3401839
2504695
2311948
1526792
1707563
4042175
2017880
3591213
2304622
589969
2012311
1641323
117424
1759171
4280072
1519914
2218609
3912664
3011793
1817450
801158
3886233
3609956
4630404
2200809
1897316
2599514
3700995
1994789
1968440
2842174
1073711
2851636
1188172
12945
4415585
4928198
2626469
4351958
1053231
1929035
1221541
3521564
72585
2202413
860870
4597307
3592622
75843
4886194
4636292
2556347
3629942
1474944
4059152
3408413
3902737
2283348
2046445
4816704
2469254
1453452
4577915
4860096
1131984
2809623
3118604
5081061
3055124
4425089
1516343
3622831
2262204
4740745
2471632
4015407
4076282
1481747
1774124
4027058
4893780
515360
2224855
3495617
1910433
4386840
2202603
2753891
791274
4488745
1602635
3886514
4425879
2250658
2843965
949888
3049239
4321070
3301849
2221441
1658401
1392757
104229
318340
5045144
4638674
5053229
1213004
3886597
4384629
4880186
4690175
1989198
3864073
4855568
3165996
1968674
2476319
2224514
1191209
3882205
3760479
2283640
3433106
4415583
4304136
4136910
2552935
1729177
4392985
2174442
1851299
2271070
3600798
4059151
4140212
2111505
730865
4728719
4340999
5043508
4769698
3839123
2743756
1451703
142588
2233275
394069
1884623
3996843
1603596
1850200
1163521
1290095
2003632
3613662
3807785
960875
3112792
4387323
1797542
1809374
2644371
3257371
2184492
5069929
29718
4366467
2598068
1441943
4668002
1899581
275259
4418212
3870286
1397146
1538589
1474947
1121435
2170905
4536214
4971753
297812
1887504
1067032
2603745
3701092
2078680
4490777
4579245
3104194
2349954
1982146
3093275
4794190
1009456
4980107
3743706
4773447
4861771
1836680
4808856
2728977
1732618
672259
4262783
891542
1185260
1539202
2055575
418762
2716029
1657952
1849273
5072973
1731489
1714634
4500092
4339610
3287767
3963168
4657100
4334715
130800
4403972
3837892
2960101
4374452
1883681
4677695
1711326
1356870
1656604
1256930
3580367
2649521
1009047
1187302
1764288
1481149
3946378
3641172
2065514
4716281
1759915
4803347
1863931
2509495
4483599
4598042
1879955
3897222
3967923
1697643
4633867
1180080
4059156
2668755
5028212
3891316
2447014
4610204
2719427
4412990
2346183
1607371
3730354
3275891
1524104
1191920
2823539
3735247
2898419
2889995
2816117
853694
3924007
3436261
4738889
2578746
686421
1582339
4642244
1769267
138549
4483426
890901
3190595
1559974
1118614
2593669
4059162
4017839
3601518
4665887
2044722
3813237
2333273
1242427
4204086
4584624
4634624
2589997
4459177
2599601
701018
2692144
1744843
2641652
2583617
1205372
1382561
3103322
2101126
3453570
4133367
4940126
3977191
4363082
5030972
4668783
2514739
4809711
3653052
4550419
4166623
2187771
3921649
721406
2414830
3262862
4087113
4368642
1478218
737408
3387212
4646545
2553242
4542403
3947837
2635971
2388298
2902129
1502221
4317534
880321
4376495
2994583
655682
1554602
2581860
2285354
1010596
2739658
1714637
1126228
3980676
2720302
1286241
672594
1609602
4517618
889634
1544509
2908767
3591499
4602531
2582524
366140
4380619
3590149
1348158
2439282
3306465
4713808
4267496
2450838
958819
4793617
1895004
1962676
3891584
1760666
2824646
2562698
5017795
3109277
113897
2269122
3905267
4334523
4388135
1240783
3041566
1366188
2422429
2581610
2039839
4355592
1892051
4678853
4657212
4810919
3740431
465548
4636426
199044
3230906
931859
4609558
4620313
4810079
2293349
4816255
4883689
3532513
2316008
2557466
800237
1584604
4747365
4643871
1706834
1691294
1571448
4751681
4852517
4726119
3553714
1549739
4906145
4791385
4582490
2650616
4055578
3669885
2050084
4394873
2320454
1836484
1120537
4473187
4415495
2308230
1827324
3136528
4874327
Total scores: 6601
Average score: 213142.95
SSH: 109, SH: 1176, SS: 30, S: 165, A: 3605, B: 999, C: 420, D: 97
