2301351
1083470
2187211
2633231
2257346
1199955
3104339
2444276
1861487
2331169
2249387
3147541
2128030
2182100
3405760
2437233
3582938
2059822
2631078
3509293
2457532
1704794
1776723
3306465
2863658
2933746
3258645
1492911
2610039
2049467
3592622
3752975
1838426
3992307
3019409
2624331
1845585
2658147
1746902
3411122
2046445
1274573
2097426
364532
1514256
2535899
3208196
1110827
2660646
2914646
1010596
1566024
3019859
821785
1828400
2731892
4028364
2958102
2102274
2535650
1838625
4795977
2995944
2269544
2854691
1782795
3724573
3887983
806325
3256660
3874133
2785254
702412
1808605
2354378
3707958
3926567
1640225
2332088
3968196
1709022
4204889
683970
2209202
1656727
2791233
2304622
2310700
3995173
2457197
3236099
2662784
1955170
1157868
2141888
989244
1890062
3823798
3090005
3379344
2485595
3145415
1407152
3122902
3885119
1563000
3066712
2524196
4190588
3238447
1943046
2274874
745360
1410549
3149030
4045152
2282512
2799357
1872396
905550
4908668
1746492
1286697
2365752
3692446
1793625
2495792
3604997
2095311
1344602
2964434
1414282
2020385
3904615
3594959
3351262
2625911
2226722
1125642
2352279
2298473
2523668
3397860
680689
142954
1816113
1108593
926644
4944707
2677019
1150868
1031991
1660820
1306448
1306992
580907
2741954
3117154
1603635
1759814
937709
1217417
2514739
2613334
1296370
2829376
1796309
1214421
4444067
2971241
2237579
1720465
2540399
3772513
3982549
3975545
1782802
2368489
1786515
1995061
1997307
989228
2354761
3493411
3978225
1169773
2502643
3484856
2204720
3543942
3551777
2336310
1103903
1644535
2843304
3909739
1204537
2267564
3708195
3968194
1226524
1028733
369349
2107519
2050696
1871842
3533482
2048191
2069845
2843965
864446
4027448
3825430
1127798
900957
1941208
4013493
2622787
3733949
820481
3582303
4009812
3536110
878369
1989203
2183215
2097562
784369
3195618
4469359
1245344
3844552
2808871
2574259
2874408
1091973
2565986
2627968
1990718
1919312
3645519
2562794
2335160
2237466
2134458
1899100
828242
1817548
2231706
2887070
999720
1706210
2131333
3349882
1385964
947477
831241
1809151
3707948
4132560
1181761
2097882
1077675
2014389
924337
966243
1874165
3006996
2660053
1160278
2553242
2549401
3385511
2306594
1241370
2249059
1231616
3301339
1261879
1709121
3623693
1172819
1102101
1257580
2097898
2367340
3719813
2495790
2819522
935135
2495788
2512991
1565265
2273031
1839044
1112356
3392208
2240526
853779
960875
4275946
1855356
1315479
3438148
1788628
326864
3371802
1949106
2937933
2824441
433005
1849580
4213933
1392757
3965324
1715917
2961551
3335934
3644151
1341646
2803459
2818772
2750832
3238236
1400414
3018109
2240223
2962206
4131462
2281045
1518125
917061
2978571
2244060
2752284
3826008
479812
2078788
1162425
2388297
929999
1941064
1366190
1700220
2285682
2229689
1313029
2169301
3494038
851255
2138577
2410264
1380717
1365772
2569254
845378
1945975
2502692
1555792
3062908
1041481
2169142
3230981
3006997
318340
2290717
764082
4252607
3907916
2703055
2068146
1839474
1384053
2404778
1626537
887621
1370029
2670208
896753
2450838
1527747
2045979
1909555
2247825
1646193
3257722
1988899
1126915
3834998
757912
2326754
1569904
1021579
2200809
1985735
555797
1983406
869222
1760666
129891
1462886
2200806
2199220
1451537
839947
3545864
2457470
3607872
1163521
681813
3905645
1583147
1702971
2713369
3093269
1969946
1142884
2103968
2133576
3626128
1576147
1142669
1385398
2546607
2503284
2328679
1754777
2489378
4321070
2201307
1231229
1600415
2608130
1353480
3030766
1988320
2801254
959426
3461154
4167879
525278
2205152
1494828
1462224
1643106
1029307
1714882
1419243
894744
2229349
3089375
3756074
905215
1625858
1219310
915210
1895603
4302998
2184521
2597311
4948245
914220
2797470
3206007
2784168
2245772
3400712
1599393
2190666
1992818
1066197
1860169
812161
803123
1343292
4315945
2654458
196977
777074
2373569
1015966
3745820
1895607
1681634
2497064
857624
2025205
3351795
3895698
1911308
2037204
1872564
4321000
3879705
3300948
4506589
1304831
1428949
1703420
1544643
3460940
2387549
3970401
1003013
736215
901854
1620144
2060305
2234484
1925194
889632
3127889
4108340
3593095
1802456
1131896
1044728
3257742
2106925
1133984
3514241
1679799
711758
279032
2881890
966203
3104522
2493463
3001532
1774124
2106248
843996
3520227
2535249
1569153
978213
1481747
2051305
1409923
1083052
934110
1890216
1185036
974352
1862525
3917671
2101986
3055178
735833
1295020
3057801
2008748
829779
2710212
1874853
2014387
2444149
2058788
1321823
1681810
2494157
1257669
966160
1218337
2307015
1182462
1258579
2349497
3309668
2084629
2696829
1812247
3707952
4105538
2281409
221777
3081319
1302567
925409
2482032
1507125
1932597
728870
807074
4968087
1286726
774293
1993418
1210660
1695382
1529189
1509693
3709823
3377474
308917
2082725
2958956
3203942
2911355
3048043
2246659
3863122
703794
2477069
734339
1124268
839569
3237678
2316176
3829891
4160827
3201572
2266013
1087334
2139556
2222880
2995539
2168419
3206043
2988681
2633754
3985893
2844963
3862594
1451703
3333745
1692395
3715371
2764026
2021776
907594
1733305
2379656
679131
2929327
2383590
1396342
4112691
2225765
1074806
3435257
758579
1706407
1391928
1551874
1482959
1019544
2192665
1812660
2022061
2200805
2471434
3831330
2728092
1257660
737100
725718
3833439
4125888
1926301
1813910
812590
2223338
2156318
2202603
1603596
930307
3238282
2585550
3034593
2205151
1869619
2108648
880496
2264767
4284415
111680
2565674
1949562
1679789
888305
2543190
690461
2504695
386728
2413619
2693244
789765
1294709
2612742
2547527
2035370
2291305
104229
3534950
2486881
2882501
1331610
3135149
794899
1539723
1914981
2054198
714001
2677188
1257663
890190
2218881
762207
679903
2170386
4294727
2616981
3409202
465543
3301849
1410548
3205642
3899964
660247
1822108
1851537
2199094
1596706
2670866
1606115
1440018
4393036
103281
1199180
2340924
3608737
3572698
1656911
2507884
1653519
1010549
2101630
1574509
2095312
3093814
2677189
3853099
2774742
2321562
3517482
3688439
1457148
3711241
2848842
3783036
924759
3937963
3363659
3160036
589671
2282517
1083583
4013881
1412281
1848985
3217551
2552930
1594712
676017
1785659
4131039
4295540
252238
2987243
4186804
3186728
3551877
107410
1891376
3036752
1530797
2635238
1134237
2388562
3273140
2615297
2161305
4837861
3369861
1529763
3078717
2679663
3290202
1369375
2458212
1067513
2479479
3747453
4594280
1535062
1392016
2769032
1640253
1839789
986837
837567
1084804
1825258
2208453
2155084
4117682
990527
2183287
3276565
2623831
2640535
3151808
2054204
2220885
2348869
2753891
2443190
1612129
2254470
42716
2630863
1935932
2460779
106965
1156536
2921554
131891
1700933
1056202
2778653
3365585
2581632
1706834
3403124
38768
167819
3420529
3041193
3484572
513672
2574880
1076862
837014
1991882
1592915
2739798
3510560
289704
462736
2794099
4276792
2731544
2804276
561335
4288593
1500058
1302583
3337289
131564
2268730
4028888
1428267
3118383
2798826
1227359
1644670
2035761
544419
2116237
3229091
3697682
3145600
3093275
3976192
3832625
1329592
4243836
1543580
2123284
1137173
1392411
2277236
1578784
663725
1578505
2932798
1603081
3073972
2054191
3500105
2655718
1472242
1598715
1013839
4059151
1583277
3034396
1186901
4243834
1915340
1946834
1165848
2376713
2451189
2135493
572727
1770368
1754266
4027058
3182052
1612465
628343
2431627
4445221
2127199
1395074
1408449
3578634
1914037
3313127
862088
1563135
3767017
3773045
2809623
3577374
4075825
4214499
4313921
1393783
3037642
3023414
2902384
2223077
172662
2084862
404663
2521259
2796126
1632690
3914213
1926958
2514778
1870068
3765522
4059149
2512990
1716034
924414
1399651
3034391
2044338
2813660
4019294
1606114
1636879
3707946
2668755
2075545
917062
3041566
4047519
2863215
1935058
1642274
Total scores: 966
Average score: 393477.84
SSH: 5, SH: 7, SS: 12, S: 268, A: 622, B: 41, C: 8, D: 3
