4897206
4835404
4742940
4214779
4111035
4735162
4828509
4177434
3854743
4187053
2209202
4520510
2079597
4019149
4768112
1064976
4886597
1990718
4383664
3070066
4866452
4641395
4061167
4298765
3058489
4850086
3946158
4443814
2100822
4651531
1808605
4070109
4318971
4641389
4944707
1860169
2228387
3548649
2708949
1943817
2573914
4565459
2520220
2176404
3579281
4529872
3383316
2294912
2460718
3737197
3700073
1754777
3926086
3884667
4591775
3648544
1714882
3668020
2323911
1866087
2319171
3773248
2078195
1083470
3468687
3361951
2041050
3946327
3586535
658127
1681360
2659368
2663986
2458202
2959945
1582287
3131107
2798282
869222
3849847
2201145
4055410
3357329
2060211
3310074
3296856
2627079
2660294
839627
2839813
1737899
2671379
2419085
2099491
2183206
2684033
1256809
1770368
2557979
2574090
2518847
1241370
2759805
3666536
3115758
3551549
915210
2546607
2241579
2126752
2511064
2743756
2034654
2315558
3284710
1073279
1918978
2828520
1811722
2364135
4109500
4176938
3071981
1869182
4748878
2935781
3010178
3306465
2256823
3284709
1816243
1836593
2428358
3866017
4924798
2204234
2319170
3191142
1282960
4862040
2241580
2552099
4940126
2657557
3128003
2444276
2628166
2468866
1911574
2335553
2486881
2263415
2437233
1270000
1158325
2298047
3038997
2616989
2274013
2034057
1514256
1907048
2993974
1279361
767203
1919312
2185824
1062394
1566024
3526561
2512396
1857519
2330482
2331169
2863215
2088427
3130993
2297417
2026805
4836714
2896983
3405760
2624331
2470194
2510998
949029
1895604
2059822
2568117
2485793
1946507
4113363
2445954
2594347
3257742
1725588
3385967
2958102
4793476
2802324
1990449
902259
1001682
3086100
1636104
2249387
1872396
4189841
1793625
2257346
2581428
718156
2622483
2368880
2750550
2035291
2530755
1920872
2073663
2318117
2335100
855762
1936713
2246465
1911572
2410945
2231831
3355394
1829131
2659724
3036835
3623693
2410948
1736571
2055393
2593620
2236622
1860433
2445438
1977528
3746239
2872154
2203622
1082260
1791963
1505448
1860991
5010080
2128030
1002940
3093271
2675575
4543721
1746902
2354378
3397860
4905829
2933746
1805627
3574500
861381
1044728
1893461
1769144
1246395
4844348
2404778
2279621
2189687
958098
1630299
1069949
1895602
2164274
2033294
2103968
2315560
1936782
2129143
2044362
1770623
2444148
1690355
2078961
2040582
1695382
2469345
674324
2981463
1649842
690982
2802630
2180369
2068681
1621068
1849580
1918413
675734
4921665
1537817
2609731
3526068
2365443
1828346
2490307
1462180
2149446
1103903
1738018
1701404
2083422
2330357
4074165
3928577
1892257
974662
2847847
2828362
2102287
2824441
2514739
2154507
2974590
2468865
1679667
827803
2479386
4143861
908042
2541735
2796473
1709022
845378
1727798
1840044
888015
2164997
1783947
2610039
1944926
550235
2613334
1874119
683970
2201460
795627
2485595
2382377
2022204
2028950
2185224
1861487
2496721
1642274
4127115
2496720
3665005
1778560
1115737
1166895
1332240
1213856
660593
2269544
1827558
3236099
1911308
3034770
3040104
2122460
2595335
3018109
1181218
2629589
3970329
980431
853625
2731892
1969946
2394642
1889232
1734750
657509
1758255
2492022
1867520
3092842
1893432
1199955
3043732
2118444
2620911
1997307
2492632
1820921
2367231
2599450
3385971
4101443
2020385
2673453
2615210
1843481
2629595
1949106
2460779
3710704
1895606
930249
3257738
2196278
2689931
4415584
3397388
3415914
2237466
1183255
2132836
1319547
1046339
2097898
962500
713594
1128411
1860435
1816113
1961233
2058788
1494828
1626537
2628159
2495917
652234
1838426
1812660
2684029
696225
2565674
2530810
2633231
4731228
1852572
3055878
2367340
2282103
2168768
1776723
1843653
2546190
1565884
1627148
1694501
3802844
2596015
2726326
4867167
816600
1573320
1425809
2200809
2397136
1031991
2552095
1692395
4899325
1385397
2578200
2829376
1720423
918415
4914436
1838427
1289927
1947968
933875
1571309
3614314
2562794
1097891
820481
436723
1869933
3626128
4791387
1890412
2058087
2084862
2775397
3954641
3022072
2564395
3215934
1651290
1814494
3628459
2131813
1886839
3509524
1842675
3012582
3493583
1989203
1251181
953586
2045979
2677494
4862037
1836484
2674297
3379344
2035657
2022718
1742483
4905645
308917
978026
3104522
2791233
2064453
2961551
1231616
2628161
2274737
2937933
1331237
888305
2511561
774965
2053094
2112908
1580814
1095152
1989857
1621319
1155085
3030766
1343792
1217417
2142744
1027065
4634840
1768904
1796309
776951
1562486
741572
1849433
1985735
2618935
2825441
4351425
2485438
2055394
1091249
2225036
2553777
2050696
3118604
2874408
1831032
2457519
2250747
989228
2201553
1508874
2423610
2596018
1783812
5006488
2301351
1983406
2608130
1682475
2108217
1313635
3873445
1925409
1141858
710881
1181761
1384053
2332088
2784168
129891
2615748
422328
1640330
1453152
725718
3006996
4855807
780914
2224998
1706210
2025205
2964230
1993380
2249059
1401254
1003944
4921872
2245777
2138577
2589292
1529839
2550203
1262433
1829925
3708195
2496646
2044366
2149131
2485565
2245783
1172819
1828342
2226722
1546425
1549772
1400414
1021579
2132775
1912276
804164
1026729
1489207
2245774
655686
1053415
1788628
1312375
794670
1871842
1743930
1843589
2587226
1507079
839947
1848919
1413257
1302567
1577751
2779000
2133576
1595191
2794354
2008748
1749322
1162425
1140087
2141415
2627179
1955170
1185036
2169301
1302583
1045757
1473301
3127889
3240784
3232558
1561529
1925194
1637380
1126915
2021776
1419243
1822108
1938974
1189078
3963421
1677737
2781369
1537566
2071117
1501472
1157868
1150868
1261191
1262434
2230498
1848803
2118440
901854
2654458
4885549
2211018
880321
789765
555797
1659421
2428357
852986
1630904
1218337
888010
2861378
2567509
2631078
974352
828242
2022202
4992898
988726
2245772
53554
1656727
2195737
3012798
2550204
4874355
2238881
2516329
1899511
1554502
4039339
589671
2304622
1973410
4900284
3601629
133938
1995244
1142884
1609180
1623285
1820840
2298954
2603107
2041871
1963713
2406120
4724072
1804553
1704794
1111047
1304276
1409923
1211828
2328680
4054201
1702172
4246671
3688094
741870
1978494
1002613
959406
1826438
2485259
1961271
2264342
1831842
1744843
2451721
1319699
1858652
1898518
2150733
2815870
221777
4273030
2126990
1289705
3301339
734339
1809151
4905646
2399207
500183
1092582
3333745
726381
1506561
3238236
620789
1344602
1314987
2547084
879061
2049362
4531245
994495
1046830
3706935
1917082
646713
3001532
2556199
858241
2725039
1121029
2667802
1301354
594963
2619459
4916330
4852495
1517511
4199237
1627157
1060869
1509996
1016169
887621
752980
2544136
1017991
1029562
1529189
1015966
2108925
1761422
1609753
1569153
673787
1247238
1655981
2082725
2693244
2818772
1947687
2444149
1530185
252238
2789938
1030374
878369
1099383
970048
1893431
2024002
1786111
1705327
845391
1074806
2732387
2187211
4851922
1827323
3006997
680689
2834042
1946834
1646193
2860521
1586945
979155
2274874
814293
1053233
2173528
1351114
3107506
1810150
4225083
4435254
831241
834589
2004799
699391
4791798
1168174
2550944
4857996
1610746
2069841
890190
2238072
1032126
1553356
1556336
1341646
902048
3048043
1053520
2988681
1409810
1607736
3591213
4215279
735833
1763222
2463764
1028733
967546
2995539
2314336
4140323
1291657
2326754
2102289
787430
1844417
1627860
3098371
175693
1097543
966243
635679
2443190
1063907
2843965
1509460
1563000
1514898
1406011
676575
2696829
2120083
412288
2483555
2026941
3145600
1208673
1670874
2992705
1709121
4673439
328472
1263789
2267564
1260832
974378
816327
1118311
2417917
862338
2044364
1405981
1120405
1181042
1013786
707187
2719326
2222070
1114721
3683363
2628691
880587
1677545
3592622
1851537
2178404
1810188
1650477
1474956
2085794
966307
1736333
3572698
1774124
2333525
1131424
737100
761868
3350992
2048477
3030240
1770619
3772513
3501901
1028755
1454087
2327132
1210660
4630407
1846270
3978225
2799357
889632
2514909
1255789
2898419
2245768
2242173
69405
3926567
2503284
1345670
122693
111680
1398110
2063622
181253
1519160
1723142
3369861
2897724
1899581
176280
2941385
104229
1895605
47152
932223
1296370
1095854
1414400
4845231
2657705
773398
2061194
2906054
1702971
4272569
805798
1541853
945157
784791
1383473
1525053
1819898
4772080
2719334
2941386
1740993
2104881
105221
1527960
3439142
1215688
112922
1313041
2367179
1258579
525278
3283681
644971
2184521
1610745
1400195
1843086
1454085
1220839
1574314
2103101
824038
1020746
2245766
1563135
757003
591347
2871206
2238956
1654883
1940633
196977
2179629
1211507
1610046
1815397
130500
2330574
1451282
2654506
1839701
2249401
4734795
2245860
2863658
2958956
1410549
1343383
1076862
131891
1914037
3019409
847314
4425879
1962161
1902818
4881796
177162
1897317
2247622
2158925
2518844
4652324
1679789
437139
544993
2403677
4376495
824970
433005
2077642
329283
1125647
1783968
1675844
2333933
1029307
2574259
1214421
1858799
2545604
2156318
839569
4090447
3890723
2512990
655682
3286045
1289675
129875
664265
2153775
1385964
2463143
2340796
131564
660247
1414456
1302552
2484994
617825
4197563
2113754
1014580
2476072
252836
2295882
1872563
2640834
2987243
3462322
1047758
2254470
1396342
837569
4791388
3135149
1431582
1187302
3301849
3220698
397535
775624
478437
1234720
1005624
1897316
2523668
1992818
2332178
3298813
1065224
1586754
675330
467821
4883846
992563
3054484
2291305
3089375
1718671
3081546
3497649
1231072
1115844
2141888
3320181
3814186
1754721
3688631
1395749
1451992
4541862
1932597
3039613
2268730
2388297
660244
1801873
4440053
905745
1366917
1350927
1687642
1008998
894744
1935845
3051162
1711830
3697682
1787848
1805910
21010
2809623
1010850
1124313
837567
1427556
3273002
1828562
1320129
3644156
1954900
3912664
1757109
2134823
1644535
833605
1256330
929999
1413258
3082601
2839767
4101954
2986935
138008
1492011
4792013
1711307
4710115
900576
1306992
4288226
978213
3217551
4919168
3313127
1295814
3377514
1366190
1415466
665787
2457197
2069933
679004
756423
1618799
1383988
3001448
3688644
2364004
1578505
2306594
3976192
3745820
785904
3322526
1541571
3735961
2590119
301658
71571
3172728
4694276
2641751
2046445
2296022
2459145
2637029
3844651
39076
4842367
465548
3110728
1332018
1639261
1374621
178506
4017088
3680721
2679663
1075653
2255524
1529763
869704
818022
2044485
2575008
3582418
2628955
1625191
3019857
1353828
460513
488470
4074058
3352759
1157344
2677191
2245771
1079972
1082245
1681634
1321823
3853594
1142960
4583712
3744361
1369375
66246
3438148
2061192
1595667
4605501
1609590
3037642
2579665
1817464
2643166
2759110
1710792
1056202
1768802
1509639
847313
4855256
1402392
4059970
4810017
1415582
4294727
4009159
4536514
3149030
2108648
4302884
623699
50712
1789204
4075825
4809580
1952037
45211
4988693
518878
736215
2495251
1754266
2545437
2658147
2691242
3946759
1095855
1313029
1962676
4760462
4039338
969686
1569904
4975261
633993
2722432
3967023
58064
1158474
2134538
1067513
2737141
2677188
1613623
4754028
1134237
351189
1683874
3283445
4860513
2152153
4876550
2545898
2407575
2240526
806325
153857
339058
3595734
1909554
3034396
1186901
4726119
2330438
3121361
1926301
3500105
3578634
4480795
715044
479812
2300083
1724419
2634649
2596016
4001404
3874351
3876086
3764179
2245770
4031440
3010986
931672
861415
3549213
1474949
1889804
1589931
659333
3151808
1956842
4095763
1539827
593301
4001494
1273299
462736
4284486
117426
1399651
1053802
1697525
813751
1802424
3963274
1921231
1075797
2325387
1720675
115604
128323
141722
1605598
326864
2282512
2344571
402511
4039341
2737173
2553242
1451703
2521259
1099551
2102290
4896646
4821023
3056420
2735748
1699304
2760263
1465464
2643204
953900
4985596
1892253
3767017
259
943403
924759
1639739
382315
817929
1462224
1636879
339059
402516
932935
3577374
3927904
983609
3885119
2035753
616795
785901
2630685
3564083
4796915
4415495
172662
722235
1083052
1245883
1163239
1056413
862088
4059151
2058787
2036467
932904
624041
2479479
2044338
1166947
974148
2668755
1840160
2635987
3700995
2201675
935029
4874327
3934310
1346404
1649184
663725
2352279
624133
3355432
1226524
1725782
1286241
58970
4675618
813402
1909555
1442134
1690887
4085207
3034391
743318
4059162
4886194
4047519
315
4981161
3125070
2781571
511046
544419
1231400
1200799
4172057
1180149
4790484
679131
391261
1414282
933105
655679
1870068
1115820
1845585
1860287
4059156
2108926
83338
2389303
1554602
2240223
1728019
1990545
2802736
2901666
3194798
1941208
4978004
2496318
2540399
3262144
3704761
4689249
3862357
487384
4054200
1629635
4784320
Total scores: 1558
Average score: 299030.60
SSH: 8, SH: 89, SS: 18, S: 167, A: 1011, B: 197, C: 62, D: 6
