1199955
1861487
2276210
2014389
942522
683970
2352279
2327962
2933746
1603635
1010596
2240526
2898419
1410549
2540399
1451282
2519704
2336310
2365752
2346624
2778643
1955867
3927904
1371599
952383
2295882
1261879
1353480
999720
745360
1849580
2017366
1816113
1157868
1949106
2079597
1763013
1377957
959426
861415
1554602
3349882
1028733
2179629
1995061
1702341
2409445
2294643
326864
801557
1400414
2237467
1546243
2360152
1583228
246397
2008748
1911588
2282512
1893461
2238881
1860169
4113363
1498618
2037204
2185824
1808605
2069841
2073439
1981872
1600415
555797
988726
1828346
2060305
1226524
1721685
1969005
1797548
2264767
2325387
2106248
1187302
2410948
1909555
2083425
1218337
2084319
901854
790048
1462224
3335556
3093275
2587891
2026764
839711
3665005
827803
927754
890190
1956730
2461085
2964222
1047758
2843965
2330438
1476606
1805627
1669990
1839649
899732
1419243
1983676
974352
2298847
1572830
2176404
1570203
1402392
1514256
1816243
1752311
762207
942085
4189841
1258579
1626537
574471
1970829
1706210
2590221
822384
1871842
2078195
1551874
2692144
1995114
939714
1059894
2249059
910124
1155062
2484994
757003
1158325
3517113
816453
727636
1131424
1529189
2017880
1201636
2781369
2137200
2659911
1783812
1694935
894744
1804553
1168018
3814186
888010
831241
1567645
2464479
2596018
869222
2505956
783860
1282960
725718
1474012
1400686
968065
633993
2603107
2118443
1733305
3111877
2610039
1270000
1848230
2201876
2045979
1162425
799788
1909554
1846270
1574296
1935596
1112356
1483372
2468846
1385397
1640362
646530
1537566
791274
2496720
1474946
887621
1843589
279140
3011287
2496721
1644535
1299236
2530810
1656498
2304259
2157587
3385971
1391815
1827558
2092400
880321
3213722
2077121
345189
1846898
4360113
2480902
2361328
1874508
1086050
1054416
2627179
2449781
2136676
2444148
516322
2069999
1459343
1702903
2111505
442905
2564428
1822108
651155
1754777
1689229
699318
2461086
1893432
2101986
4189842
2193896
898597
1702971
1466471
1695379
1985735
3078254
1795805
969681
2932491
2277139
2126752
1581561
2083421
1889232
2449792
828242
915210
764082
2444149
1969946
847314
1862241
2169562
1385398
1289927
1954900
1749322
2449784
1695991
1742937
747082
1001682
3659920
623699
1373950
1840093
1255288
1741498
2496646
2120935
1007642
1131747
1861781
360925
4093216
2911355
1860433
655679
2593620
2022718
1693828
1182613
1350927
2993974
1156405
1975912
2236260
851255
2962206
2172903
2477878
905800
2109843
1029562
1783813
68909
855762
1597247
2239445
2449791
1304748
1577009
1263180
621703
1742470
1355247
1893606
2514777
1129145
1241418
1813044
1945175
2665294
1845874
1345365
2699196
2599514
2377492
104229
1169701
2619743
2328680
724015
2833785
519080
2706390
1520526
970048
1110320
2461089
1024480
1211828
1655981
2492890
683409
1971099
952215
1272504
2646080
2095147
509510
1544643
2051592
281918
908042
1084832
350132
2726464
1595191
1789204
1730868
1307320
2058088
1474956
2477067
1915983
998438
2020385
2702693
1053232
2004799
2467941
2565171
1518416
1367351
1797542
1390392
1121435
2245529
998644
1783814
1879176
905436
1155253
1927665
958098
31819
1140402
304602
2988681
3731617
966920
3216574
205282
149388
2127114
1969488
927819
1519282
1021579
1897567
1854588
2132775
1937043
1556336
658561
3415931
117182
2504668
1436329
1179007
1124136
399221
888015
3669579
1699423
1848919
983410
1690353
2485387
1353828
456277
408378
902259
803402
2449782
1258642
1918015
2171675
161159
646713
1267222
2684855
541044
2250747
1125665
2206542
1610854
1126352
52245
1725782
2039544
2316176
141776
1343292
733943
1210841
215906
2959550
1341957
1562874
667685
4376532
754084
422328
323769
2471173
1555610
824970
884664
181253
2415041
1035357
676172
807074
1876016
1829927
1527725
2185651
1675834
1706834
1659421
1050390
857586
2950420
2044368
1992818
2509341
2654458
345701
1828835
1233051
609741
2184608
887252
3252518
1641323
550235
1128411
1703567
2410946
1410815
1859166
1032054
2717343
983165
1528842
142954
1701404
1655728
1927158
3874766
2860521
1069773
2803005
1942342
846105
1169559
1304831
918415
894090
1245365
1170084
1640466
2202288
1618986
2022204
2503194
2640348
1827616
1506561
1527747
828243
2002595
75987
1934139
1476582
957468
1642274
1861763
1511837
2728319
813166
521687
1479714
1722406
2469254
1948941
2854099
1078718
1736727
2603046
1598784
176280
3726990
1351114
2077119
891542
2336704
1627148
793846
2164599
161787
45544
968220
1814702
2117567
1645523
2716139
780200
403050
397864
3055878
915097
1975299
1644934
1321823
1221423
242822
2505985
898576
2032559
2449709
1459734
1284220
1315468
1039869
1286241
2360155
2914811
1306992
4135169
2062325
2007483
837877
3026871
431064
3759286
1970401
1691294
1966699
2475939
2768222
2258752
1093605
2022632
1121834
2824039
792989
1531842
589477
622407
370440
1503624
2182567
4156264
1848868
611753
921840
655682
2593619
1194389
1460444
860793
1330828
32230
1840159
1578946
4234714
3673901
1680864
2075704
1717798
1716714
1658063
1972186
1786086
1911321
1566064
1657612
1593361
2021129
1582549
2640146
789765
2054965
1219563
1831270
2569702
2574308
1892790
1857258
726381
1897802
3415675
1909553
1460113
1869619
1552342
1704474
2086978
2314614
2689510
214735
1187506
231825
1127861
3200539
1670366
357602
1345731
1610994
975418
2082447
764560
1971774
1024742
2201675
1494828
2196978
860780
1342406
2057057
1341959
3725254
2755633
3137241
1723257
2073335
1582863
93705
1091478
1363671
2184125
1587909
1043348
46016
2439524
870707
155404
3947224
2502889
2581265
3834009
1053231
1927666
1690778
1567588
1424776
155744
1072897
129664
1907051
283593
830360
2047227
1881835
1804825
912396
657509
1752313
806584
2510638
2036340
3286045
1451540
24695
1594726
759192
2648002
755717
41320
1840739
2787826
424554
909032
715345
1601387
837604
729460
834587
3508931
2156842
1590496
2885482
1286225
1842675
1649916
58632
1183810
2829202
1873831
718156
1974023
1648055
1691089
2049430
487384
1674283
836339
1651468
1621319
1649546
389398
1165848
142480
827932
1487213
874939
267052
2049072
3160946
1908334
1777803
314672
348605
1794985
335041
2622976
3159553
673821
2161929
1660231
628755
1104057
704360
1315117
1289675
71467
2330482
53479
1543159
1517974
823324
2123717
1464219
55071
1420353
3018109
677903
1354319
903567
916917
722674
1170505
133127
1148303
922916
865167
1804851
1727798
2156120
966177
240488
1827911
2820230
726817
1962676
1982164
1065224
1070249
1816320
2162084
2546306
2772606
2205163
569636
1970659
312910
89171
137111
968350
2733779
700546
307618
1895993
767280
369921
2325564
2010902
2093936
1383552
182613
2608162
2644766
262034
82766
701005
1900002
1863231
1898045
1775840
1822957
193513
1796219
2514776
2134409
146372
722224
2022202
2342557
975982
220245
1069966
3295345
1732315
783127
1486576
2302024
2044142
3152082
1038573
1419801
1017975
203986
1084804
1014580
109479
684913
2475433
1709556
2282063
1770620
2294527
3874871
1093703
2451194
1800994
3265482
1131984
1809909
2475898
207304
1917359
3036752
1147
252238
1939643
2506180
1786703
378781
4105494
828065
1714013
1126510
95543
946016
1256875
1170453
2041972
2034862
1634897
1603084
1757929
39801
2340907
30219
777074
965243
87266
383536
551348
1601880
2058789
658120
3125026
1538458
1686507
1958594
1824921
1369985
172501
1478254
526292
641387
498051
2274905
2670759
589965
763946
1215580
1609526
748505
1831116
1740092
588523
1625960
538765
1949793
2125399
1450182
989493
1680650
486513
3037670
1476242
1768387
806325
630591
3728625
2313561
2486948
2635971
2246145
1762727
1349923
1250723
2217436
710881
187574
855724
2039543
2787416
84826
76663
2205402
1265816
1215777
2665692
1423969
1879802
1589231
98923
2174699
1701773
1601948
2242167
2042935
2096799
1605969
515359
53650
1220803
82033
1008503
2060628
2949363
1508083
324614
2870245
2040981
2022724
984714
72238
3798036
871027
1007403
436277
2245905
97976
2285281
404024
413446
1477910
2254815
577517
939197
2063570
2744119
752980
2908767
1282843
701033
1866909
2708946
1716478
1220396
2620913
4457542
1149295
1827630
858241
1843236
1013224
2223259
2054205
1475812
45546
2054204
2388562
1434589
1504230
179050
137166
1526606
1825834
1738518
1484413
1583545
932223
1439489
691083
1356117
335628
1172667
909391
1468467
2391392
2603758
245924
621291
109939
1726994
703584
1863228
1485947
490154
242653
3063239
1693956
1918539
4123557
193523
162009
1812828
540796
2342273
1961517
784773
1927500
2025940
2198467
440820
1431005
1005957
1404171
1205372
2098245
1554112
2149811
2349497
1349346
2021335
2233986
2781761
2154168
2346532
632363
1777804
1933865
132946
1519424
1789393
356182
994893
1008998
798932
1770101
1028755
2110653
563946
1891659
2102360
827835
3161292
1636988
1826966
1067358
329301
2128218
257973
582773
1500554
2043017
413597
1501236
1697643
315552
1962348
753632
418762
860311
450079
2277825
1823248
199361
1242820
1469240
2022203
101356
3087082
631413
3275191
164013
794779
1759698
938044
2281242
2129097
20305
776749
1482039
249257
2986417
1412805
677872
1026639
223397
40034
1671799
1948943
798368
302645
411291
255417
1759171
680703
1718672
811750
1007896
1696678
698164
786379
1085669
1697436
2150847
1712369
135109
828806
2337162
2033075
1687369
2811103
3119903
1531791
939983
1181761
1091649
1815453
1372142
2613076
571925
130754
365060
47152
687228
847288
3173269
906489
1229141
1396072
2341738
1273685
879160
821238
501107
950170
2042978
3521676
651744
1135202
2098786
2098787
734339
1524357
2063785
2970999
1804399
2458056
171767
2050415
1753990
869197
756941
2819167
2604568
2264160
132490
2283346
1988971
380353
1803069
1612129
3062388
665369
1978458
2467931
2517071
2525471
55743
3873445
790843
946497
136400
2228958
2134895
889980
655467
545933
3834882
1805910
2290419
2258888
2608679
365637
238648
399026
2364104
1476105
2114965
1047256
73833
1245583
3051900
1700408
1739191
1112521
966513
1730270
2669883
1719454
291523
2156070
95590
2170685
666874
3252516
1940584
1613615
2233760
1594009
144182
1525209
2467744
3142035
1782343
54062
3621264
1881813
945157
2611482
798246
1933250
1562892
2434726
2135515
580941
1858788
1432485
1316638
539909
1541292
1605059
1370805
1567481
179224
1520055
2314757
326550
147751
300266
257793
517308
1750359
1099369
828154
1807831
3573099
1734232
2062581
870295
1193128
291562
146784
3682212
2209234
1952279
2049075
105978
2182863
197225
1829878
2411541
1309290
1053233
3569414
430543
1672387
1120091
833638
125838
1799945
1964162
2283574
2737143
320025
1931521
1720784
38845
2085989
915124
2227960
660594
224387
823423
1914722
29106
94244
736172
1974367
2042794
2239636
2202252
2110312
834588
2060276
1847154
75068
520914
62535
1815321
350238
1682373
345600
1282891
1748365
1032374
1389961
653568
82962
163054
2203625
1066243
157623
1290855
3371534
1512594
3901299
1980365
388588
144034
933228
2128222
1831435
1343515
168504
1693959
54641
245284
2084629
2460424
105265
381500
1115737
96006
2736442
80199
1366185
103299
1233773
55475
2743889
783789
2072287
128568
1391282
2546017
3035151
2015472
1074249
95070
1268010
1937470
1534639
2137969
1696238
896480
1359036
918668
1276997
49926
1804912
992437
3119245
2047676
472562
2225391
2256206
3151114
1695292
2312963
342543
975588
1873632
1513428
2874944
2732588
1764731
96763
2702508
1088292
1101627
2749370
1782318
321336
563814
296794
297115
2477066
2089608
1635117
1056891
3317517
1921483
120486
2120489
1342593
1959680
3891007
285108
4095180
515953
3370181
1860938
2061307
1468670
1802969
1109572
1458377
646391
733772
847370
169760
1419815
217396
1751100
2303909
2335845
960875
1864566
1932206
214547
679242
342711
232720
124433
1088963
1023481
2157775
1083722
3025593
1889829
1694222
705329
2054201
1559974
2195532
3240488
1653115
95279
2228813
99846
2085772
1218926
384395
1580333
1725906
63559
785889
84485
3477052
96019
2324562
1700432
3385968
2281639
1536686
1572134
664436
1655153
818728
139310
2678637
2045616
2537540
877872
811751
2719326
2026441
1329626
2847667
747459
240539
1442920
176817
2240221
537650
763348
1186057
958640
2404484
1918232
348550
4098826
2744018
1219892
2024690
153920
821335
2179886
1523320
2209232
2582749
494818
2536716
1693175
532242
975518
1468472
164268
2294750
2751441
1038473
2547566
1149925
999726
499344
3308877
1891348
1542373
63604
1531315
3355353
1510351
93962
1075199
1503731
520372
2167576
2518666
1603415
151008
2285924
1734140
1923911
1577479
2968609
2139854
864446
1219148
2044365
3171424
3163286
2394643
102242
309198
1267468
1773540
2019117
1241841
363638
2078473
240689
1351562
3440632
1992682
116856
68998
1318244
755964
149310
2200173
1778346
1454089
209285
1636811
771349
1678973
3062972
289131
2106156
1715859
1636972
110655
1415666
190951
1579914
2666261
3924827
390057
1284722
3336420
1654644
1418042
1961221
2160276
776730
1502634
2202719
793277
814049
1351585
862124
3834007
2844963
2617203
1838666
2234102
1781697
32611
1080436
35274
1359927
528710
137165
293536
2089376
1989203
2058787
537529
1342054
1858150
1512691
723039
1695181
3075301
2028093
970190
3131277
1586754
1407003
1741492
116006
477029
1912766
815846
1230854
517104
4392410
1158805
2282065
1828556
2068147
378131
93283
917119
2134408
434022
2857513
1491257
814872
1909233
674553
2483791
764517
2565986
2060304
1043089
248991
2048652
3344780
1288860
1890455
1599046
1677982
1696684
2747324
421107
1427479
1208673
1937042
1174838
2312962
1653528
264370
1716712
273573
531216
1591949
91257
1481150
3834883
2743813
1378156
2731342
761641
269773
73780
1218731
864246
1265016
1105592
743318
298842
2820234
1083220
2313183
787694
2407549
2039868
953900
1851141
956355
56954
1418205
142145
2717892
1941066
2730459
3257979
299316
919962
3013523
1464220
920146
971947
2507883
2171682
2261963
35288
125245
528155
710169
1919574
1769426
2591729
2015392
74222
176004
825243
1079540
1764244
3105772
1566610
2229033
1884545
1353781
1972772
4348346
1081153
2902675
1699347
2360154
339055
2763072
353989
961907
35831
1257558
3117062
166140
1224773
652027
1333149
1073279
1357040
2044611
1576773
387164
1318243
2136409
1082980
814600
1770622
1896733
1598181
2197250
1483773
897968
3735976
46629
3066749
1675173
1416272
149327
155236
455935
1839789
664075
1267489
608879
166779
1487640
784973
2171102
1597642
1647248
2009111
220394
1314571
1908510
2290835
382275
2138273
1349207
1251844
3373756
2235626
1033043
369017
2227897
2014391
2655437
2049457
1295986
553401
1078904
105659
1164385
675241
2168735
1804199
735273
1936561
1780781
179758
252994
888017
1943817
2197366
95949
98409
1376555
3122678
1805101
1840779
444808
1194237
2184559
89719
1200045
732468
4365261
729987
1701249
300771
2776718
1827920
1950290
1255850
1158221
1783278
1884546
2924731
102457
4097131
1045662
1850887
1831726
1674514
3162348
213513
2751787
2354209
679205
2664322
1044694
1648054
281914
1217908
1615498
476693
849500
1856597
87044
147907
1704365
575169
2885480
832611
1962834
1390577
1703878
1864237
1827843
1955910
893877
1170083
1694584
1589834
1725355
1628055
2583188
653699
2351606
1686291
1652189
2163273
1119384
1612458
3359226
3370179
445671
1094092
2107599
1134165
2063419
1804341
537033
2182324
649923
2195343
2338618
83975
284083
1391940
859693
1658729
2540956
1505568
1593031
1195146
2739117
1704475
2238812
2004536
637623
674278
2753267
2253531
1826136
2820659
603075
2559903
1426926
2087734
2158085
1282842
1694107
2145708
112385
273059
865491
660247
2109995
3150465
149102
1967266
1691288
2022200
1760861
831126
1892860
3877398
366405
78741
1601116
2337917
2085794
2351565
2753520
1887137
1232328
1694866
1939787
2740455
1207218
2906628
2646750
2614777
2825958
2116801
1635544
2232950
1957844
177874
146985
146785
1465099
2124786
1462807
2141113
2658276
2856086
1675758
155405
427342
2174629
1203993
318240
493373
1715956
2955646
3440971
1261432
1799876
1572436
2237468
2223742
1909854
827200
735458
1687642
1620058
2011456
3194957
1889455
286970
2296876
2432921
3124823
3119698
2190125
2197068
1243786
1220138
110394
1158083
2496925
442244
1454086
2606015
871446
109228
298731
402494
1746445
3433360
651348
1139239
247537
799377
892477
1425112
1517062
2223074
295986
60743
859607
2681802
739906
1130281
2049343
1556931
630649
2265857
1997314
1722791
2823273
703011
618691
2394644
888715
756324
720159
1257955
82549
1043901
1004492
3008139
1900903
1631570
178039
295256
1696394
1296370
64905
263384
1249002
1518415
2156324
719282
1131132
2016038
257334
2120898
676193
819557
372891
1288474
410359
1838660
1374621
1738076
1689730
3329482
1524240
380935
784972
63116
1294878
1700989
184680
82799
1414527
1515487
1857003
763201
1456988
2608677
1705561
2054194
80858
891651
3573668
2685037
1538274
1372515
1804182
1355254
1969376
562867
119888
969100
1506971
2911775
35832
53653
1537582
2295687
1830523
3706733
32022
836641
1965731
1802225
2020978
1955085
881997
2316007
2202872
2125385
2296909
174720
120027
2296481
191942
2188427
2477065
2178007
169299
2284484
687271
1916942
770956
581185
1068384
608461
1634767
2250229
46628
2640143
1620014
93361
857481
2754087
111680
1069772
2640349
1907737
770825
2096523
35063
1601115
1065865
1160810
2108061
2507884
1752312
3265894
1363782
2211074
249233
3203952
2027383
103153
2007268
490679
1309271
2963700
2324864
1803610
2731892
2169268
2176572
1685775
100884
3551703
484036
526281
1547403
2341937
95589
1956518
1832212
274955
424591
1650440
1464585
1647158
1594729
789959
2289271
56625
2820217
4457543
716270
548973
1481076
674347
523532
322742
1655332
1909546
3063098
270490
1109178
4885798
85840
504311
652234
783394
3707397
1071072
1644473
43979
313508
320273
391521
1661504
1456572
132034
130593
1805538
801614
3370177
2608219
1533888
2286137
1911786
820483
1690887
2193259
87045
2009902
2619729
518068
62523
1696288
853096
2097291
1679267
1695858
1755395
179432
49336
1524581
916788
1883821
131891
1668450
333209
250890
161902
1008504
1479545
1714830
1830933
1994942
276915
29312
120900
312959
1188131
1769978
1892787
1848456
2123715
2735331
202004
1294632
133614
1775312
107035
680712
1705732
1599851
655469
1094366
796777
3272735
2374464
1837747
1855449
1560341
124434
3085065
1755858
44727
367963
1148379
1509786
964133
2274354
785901
1713930
2092395
1366921
1648053
204971
1480694
1049018
99176
1309079
196713
1291373
164519
36657
1881785
3670
2046499
371386
2296609
1922425
936412
1580735
1277891
3106936
1831197
2110850
2612498
3137123
1161447
755393
3055881
511864
969698
1694170
784205
2644463
1618988
1608069
1722479
2081397
2044908
404023
1698327
135271
1030052
1831845
2141407
2020602
1237137
1605412
2050683
1722306
1562171
2525042
1207462
3123163
163117
1941522
2025939
1596933
1982626
1494764
1611009
368932
1860184
2267950
1613466
1790806
2606014
1196254
1994629
1213579
1577413
1288858
1985210
1485457
1665829
144181
424382
1407272
981047
1754049
1383825
1919053
2286234
419194
135267
100183
1644684
3411436
3008239
1256622
804882
654103
3760229
1574064
1576396
1411450
1349921
666498
763295
1649030
1414071
2397627
1938195
1116527
1674585
56603
1829024
1690782
2156077
2017538
1581745
1840160
1744286
1294402
1728722
218902
1917356
2641869
334843
2772363
1675761
978407
2115739
253722
454123
1996753
1674972
1219689
1992698
1149294
1186397
2167714
1036133
1120614
1871262
1736664
1722407
223036
102455
784369
2925638
1751350
213935
2505247
482161
632361
1034621
1626300
457833
799106
1694566
1891350
956030
1412674
1223690
68851
1165781
2350600
1784482
1864395
1218409
779482
303246
2568611
1010288
1078177
2544867
1298998
919033
2273301
4140403
1282503
1553179
969668
684515
2059890
1623397
1383387
1212632
2288380
314436
339054
2244811
114651
3495104
978321
3834480
4060150
175693
41840
1843242
2747688
1252650
86451
254866
1332881
2054203
2042873
1170457
67086
1628134
1605112
2010506
1254392
1366987
1956842
55759
1869936
683766
1522129
32021
1314716
1752368
1381993
1147329
2353380
2854816
698742
1414915
1843200
1696087
1954784
1581350
1639134
220395
1301738
1159678
1500600
700759
52109
2282183
1766811
2031019
2723529
1564927
1913607
1232377
822507
1806804
1189150
306207
1662134
1069836
1870186
2061247
2149892
632389
98402
1468455
144850
1654392
640501
1357553
1634735
2030805
390889
2244852
3068940
3270033
3194958
1890864
3354256
1287590
1934192
815259
36658
2019345
1070793
2735333
2018263
1828834
1873634
2038017
1741741
744707
1177860
366688
1445845
1690354
1802631
1789000
2161153
1705649
2129146
1948210
2179888
44468
2236090
1427503
1069774
1606243
837665
2823272
1935354
2133172
1944714
48582
2752041
1731137
1347663
1725872
1627149
2149358
1036104
2227344
302644
450080
1203638
84307
1399826
751181
164457
2535223
140470
2022199
134565
1553547
943403
4461903
147226
120395
458280
1936181
64144
1680653
2173502
1826474
1969904
2040114
739684
1655999
1980045
390058
1353275
3412274
2794355
207133
31359
2102089
1577254
2640352
1845323
3834881
2791233
1881640
1544629
822592
1965732
899086
2628158
785908
1900116
827051
2223075
185611
905745
531526
109644
2849353
2640147
1922719
20042
1250722
1786750
96037
525834
75895
1989097
1579230
1839305
1900629
1612562
283157
2634976
1630268
122542
2698017
1807643
130500
1921993
129784
87900
1830027
738145
1799889
1103294
2003219
2009791
149639
325955
1101982
76782
1803605
66359
1652233
1383553
2090270
2150738
1678628
687455
1895399
138550
1307319
1596104
137878
1909963
164269
1078676
970140
774787
3369825
1299360
1689412
1454329
96218
732859
30771
536299
1566297
2272134
1613942
1678056
2014596
2134947
2461088
1603393
1599392
1686512
1992635
2162081
1569587
455936
744417
67836
2018883
796524
851613
3002811
969667
465760
1624513
1347992
361624
969323
1657611
1752314
121114
152820
2272149
2053797
1730973
1864744
3875931
1789369
2712642
1240759
1431201
2044361
1435203
348555
118464
1352576
1128262
346991
29292
161151
1871615
2986512
1323227
879788
2698682
1581999
1672243
1361042
863992
2176260
1631180
842392
2364396
2627175
294834
264420
3367306
672227
2460201
99160
1947615
410820
1151026
1627255
2090319
337240
1189930
684985
2885484
402752
1181644
65376
315553
363640
1486833
315630
1919052
906953
1575271
189881
24373
1544581
1828836
2335023
2063043
635403
572061
1419101
814465
821354
700320
1514919
234605
171799
3282190
1965347
774713
1586865
1609429
861314
1947948
2190178
2279985
1489217
622781
1748498
1456748
1892495
1228311
2156121
333984
2312576
1207463
107298
1863257
2165823
1777059
1928277
97603
2412141
452267
1772636
1644311
1196610
744042
2108322
45227
1619998
1644399
977709
175212
166127
1083076
289999
470316
2011173
2732591
589547
1544811
437711
1930334
351514
1521210
149961
1008123
876846
187941
164651
1961434
1510009
58316
66477
154594
2022410
585185
1884547
1543094
136231
909625
1118550
1767685
2523728
1973225
1004224
820884
1882824
872885
232664
1574313
1526390
1698981
51681
1017974
902091
1762427
666552
1206074
164026
2120676
945107
2434285
712932
1145452
1056415
304411
69406
299415
2449790
298037
1631650
1654074
2199783
571602
37053
1811909
1022195
812804
671786
1642902
2072299
1522598
166474
619853
471830
334415
1576192
363958
949094
35289
195121
2274687
1988752
204321
99638
2232608
371540
1071073
72419
1864745
29244
1602905
1897757
437328
936323
2021703
794602
217589
1899211
1709822
2189699
1700020
1876597
86751
1617643
2437089
1632296
1180882
2276455
2207038
1406011
65604
229181
1462835
1918198
1657682
56065
1901151
178040
1669952
705330
1706045
2963701
1954342
1853234
2716017
1718228
492077
1028434
1877636
2358792
100109
1857321
75894
2024053
261577
326191
1682104
1619178
450627
1932784
2388297
2051919
36646
85419
2114797
1236583
1545865
361886
268851
2037394
1634031
1841457
729927
2804906
193927
569738
1937747
679694
127014
2373739
1064727
867512
657519
821790
1961111
2266415
2815474
317552
2202788
1870007
1713272
144035
1705266
166889
162522
89964
937467
2226976
1695926
433304
2203159
82473
959259
1245574
147169
2048915
838803
1549465
956668
153681
523787
1675831
785909
558332
3125027
1020012
1933464
307062
793254
172611
1676048
1724655
1377582
224617
115604
1814125
324848
1488905
1796416
1955973
995583
273978
621907
815299
2474087
137870
2258030
1876353
1989768
1843490
2338612
152909
123417
2776487
1493057
1516110
161616
1909247
760686
1870937
1796454
2182320
1646081
1758985
112245
1559316
1684965
538364
123120
372629
2493758
2768636
146872
785380
1702172
2126071
297667
1868066
1722435
862506
203280
634961
2313185
351347
1020858
757168
219265
2097661
1929140
1048623
1021401
2024693
2287324
2096605
271035
1537584
2253534
2396531
472822
2327793
230468
2323128
1788317
98859
1149296
346874
1662440
2049007
1337685
804920
2150130
2017788
1661468
2506621
1641089
2096995
1377780
2009758
2348645
557647
24517
867397
355257
2005306
1964992
1667879
105303
1366790
1745023
1323313
1680556
2270070
404025
1651230
310366
110656
1349622
1370266
1991692
93160
1644652
1040117
1932953
136493
2977098
1939675
286004
1724906
3063099
336330
1988817
283061
300421
511980
1399951
2583151
829606
1049005
1540439
1071975
1425695
2060998
2704234
897517
1517515
1891351
60976
545390
188463
1759213
1509539
2316004
712859
1115630
703941
760779
1900436
454976
102243
975164
1522650
1628057
1571246
1249018
1385401
2747493
136518
1698551
109369
407149
355673
395566
2336386
2060684
397714
2040878
2586770
2025310
35907
1594969
3269996
1009644
172024
163984
1570243
2357714
309352
641217
1947419
1996530
2421270
1255608
1269810
1784143
510731
106161
1787473
961776
1535573
146203
437327
1610299
803404
1374034
116857
326543
64915
1689137
162239
1520629
2065108
2806720
2339070
44523
97977
861255
1483782
1874015
2096059
2191418
848313
1813603
1702220
1475149
1901785
1477829
232500
2327849
208429
865481
144022
80865
1051233
283346
3363337
249491
2036901
2153345
1703853
1712156
174937
1601132
1844415
581583
369754
119887
156320
22621
327791
1979942
1939514
2638531
374286
2123716
229656
161788
1656166
380507
1583104
461254
974423
992563
1539044
1927813
538302
19154
1402510
232639
2217245
136651
3411435
1654469
1414509
1937835
2263838
2113972
3099626
733454
551776
437036
371937
1520642
1734543
38329
1943747
382624
1811540
1002309
1103596
453759
255689
735358
134030
122582
48141
490611
1815245
3370180
1092360
1739303
97434
1291324
2066530
175326
108148
1869015
551275
1610046
768552
1987815
324709
955734
166020
1922424
1306521
134505
557815
2094904
1454626
1766812
1712548
133850
561070
1257559
312821
692966
201145
157268
1996754
1609798
835174
1730226
753633
442245
1850849
2279595
45355
893357
142335
1736665
2204908
82767
892476
1500584
1552381
1576398
1382311
57783
17906
1731881
1283492
268123
2223258
1413804
1802010
1127100
1816272
2204367
1773873
315826
397300
138640
1930320
1597469
78050
1802103
1095396
325956
1993342
916696
1393783
1475887
1804248
414606
796647
106541
385065
1592196
111227
294859
2320391
537318
1919573
1800683
195039
1588627
2344791
102164
1645545
647871
910866
1602996
410473
1181920
144286
1265962
93708
1801259
668550
1037058
328879
865639
1322261
324781
253723
1806042
519012
1639740
1725391
843077
1769735
799758
1789398
1390353
814398
419190
1960283
559401
490368
31618
151845
2752039
542331
566435
1637370
2749371
2736506
88059
1153285
183385
130440
1640372
1249004
845391
767743
1715970
659943
1993064
1561699
132717
69844
109097
743847
365589
479328
1955016
42527
765688
2208982
767757
1879793
1041726
1570809
571139
453124
1477386
1675134
869146
533597
1447682
149019
1712134
2690868
140578
1315800
752055
742978
69197
666332
3066988
779015
1412786
1066765
903356
939142
903256
1222595
1018662
421503
866940
1824195
1564423
2607
490803
952070
2274112
1977379
270366
1618462
75830
1639212
2167377
2202126
1025476
799387
1445261
2085888
290304
164826
1509546
1520847
364639
821890
148043
248763
1843970
516395
335491
1388437
1835769
2038902
1367258
1469483
1609622
196775
135110
1361483
633553
1656912
724319
303256
1784037
2499633
447039
1681557
240555
63114
26688
1036394
461681
333210
1354105
1675757
1342009
206846
1705733
173120
1383390
2238066
2686387
184235
1119785
129652
2254277
2040863
324309
206864
2535955
1793683
150165
1843243
2329585
365514
365488
92187
3258000
1554247
2200082
2102148
1288560
2505235
68932
716271
2109635
47057
1955740
85819
177669
728364
2577107
1253222
182320
944486
1726568
193316
1967180
115550
1320348
1948944
53485
299238
51100
822683
1926269
174515
1179673
35830
1397403
129875
1592383
1594737
2359143
1082775
232662
2183455
2145648
1605180
575377
1602890
1693757
950233
706395
1358219
1972684
170464
375899
1805885
1997312
846907
2635583
2312577
308909
313628
57374
2089676
137339
2507882
1363625
1619859
824528
172035
666304
507466
734146
31516
1180150
1432762
1969818
1801936
1501844
85186
737182
1696100
1786253
1415157
238684
100971
1618981
1986004
1554431
1491441
1521206
767837
142826
1781545
1898550
1445843
2328291
1529636
974078
879655
286068
916570
347280
1939640
96574
212046
132332
226321
117979
93960
19369
2241479
4457541
127232
1272701
143029
2647068
1708786
417886
2126721
77034
141941
1179939
709269
1312253
666569
11515
1679265
311108
804942
382286
480200
168801
946534
141670
87799
909516
69200
162598
495143
2143993
65676
52912
2412690
611243
686781
162312
1759261
33851
881441
1444812
96586
1127618
390984
1567562
944649
1085634
1432510
425403
2014427
1358945
1643997
281158
829723
810010
1919734
1845320
1993085
1481849
1911797
537698
1066257
1446001
919819
377740
2939817
2085475
643621
1764543
499778
1641332
1980177
784970
1068065
1750365
1252652
74746
1074006
1064374
1581998
1479998
2219039
419193
901553
79643
1543217
212884
1494301
1777058
2115626
1021854
1200272
739825
1168775
34529
66027
689845
33930
1595347
329617
2219941
1357082
2253282
927127
1553202
333871
1628132
806275
2010180
171739
1522115
2059939
102450
1710523
141109
1161823
35862
1736355
1253820
111245
144023
719158
2514618
1072335
84903
165937
328904
791318
658885
942074
177875
1633196
1234400
2187427
160276
194789
2788510
830081
1901152
2188629
469471
2870666
994953
636543
1314274
175119
28520
140068
1896762
1837915
137353
1291654
78221
657881
1913602
1283144
1088309
1860302
1321419
81340
481966
1863204
63616
2680440
615719
643921
1615990
121212
182612
1363096
851610
2321256
1773498
1313276
773094
384051
401346
1848443
1850366
1675577
417242
116877
89162
728546
1783727
149683
1778029
723342
1799869
2735328
1178017
831724
218814
1405337
1293724
785647
2003881
105037
2039304
16264
225186
1888030
847369
317950
1818815
1114044
522398
1091468
71466
162993
570571
271724
1701162
1693528
1613641
1573040
291881
295695
723020
2134005
1142621
650281
1123887
399449
1242829
1897674
2078826
54316
2038207
1346542
781869
1945006
1575974
1971851
1826138
239629
138637
140788
85895
1839756
523589
360725
1367824
66099
1222028
2451498
2096499
1677157
333763
56020
345603
123606
833605
372954
1526020
1712155
830582
1273000
1962268
1071361
381336
2823270
2016654
300219
1591913
917139
76819
1391730
1232222
1753388
1134565
1833970
187406
827381
743192
2693039
1211443
1484421
1817449
44304
2060953
336082
260493
976890
54777
1627102
1430327
2149875
1407927
1582595
1841187
38291
790047
1988906
941844
264158
1526847
691191
1456552
2032549
1183803
1605251
1119473
593303
1080235
2575919
123119
257165
811676
657520
1560165
2104308
1311344
92985
46473
1951847
954561
252182
1696439
215028
1522128
1081045
687926
413445
254574
1954351
54763
1059410
1857850
1632045
667
1955083
1496253
1801801
995803
2419372
737818
370972
995838
769313
334755
2617330
1404508
1119527
1863293
1579927
1610986
1431575
2353457
2045331
1367387
402932
1226362
1886979
76577
1492015
1518414
136321
1680865
623273
1421453
2158480
554957
115940
1811899
1961380
1483941
1652570
117425
1236917
179225
2211017
2364103
145917
932426
1814875
2238811
698253
1401607
119889
95426
1693209
390128
1822962
2090722
820559
1601112
1649676
1126459
942001
541449
1330801
279827
1438586
776224
313486
1085583
1484344
853735
2449785
1369064
915485
1650666
1312363
366689
1331339
1171944
447507
2087511
2494462
1512564
2549326
734706
1863200
704970
296787
2413347
133547
1246923
1350353
547827
1622739
1637842
25294
685089
295570
679229
511901
961779
395873
149973
440790
1713931
40560
1056368
1707534
1176158
1588082
1087739
2070439
1910827
1772896
118095
2603446
723197
696697
1571864
1101983
324389
1347842
961947
822644
862437
291432
1657948
1707443
1179704
1217000
145809
3708195
1779085
1841729
154468
1572843
1773001
374019
1468468
75888
1178355
127983
927338
274076
423985
271961
733477
713689
445934
630589
2063004
1750076
289359
1724963
1628217
1659050
734525
140945
1030841
646565
654405
262157
1625678
1438334
2756905
696510
1055747
1116568
1526960
116968
412171
2123714
95432
1891294
207263
1094653
163637
1844829
1722008
138548
227384
2132551
975516
1076788
1839531
1388078
169852
298911
800263
1158520
554865
1649004
1351693
527081
796522
899389
481900
2104518
1098052
1488230
1864885
628351
336868
665639
329530
611769
2608676
775624
769747
1050018
127935
178905
1531189
777702
1496487
1031519
55699
293983
1891119
1612049
84692
618687
947304
1696708
1373316
28385
102024
2170504
1060926
59821
1773402
361627
1794747
551673
435719
1158419
943470
778396
1637607
441368
98367
1181882
1118549
670329
698626
64102
75401
3132748
144062
661909
29293
831167
1869934
887386
1963528
117794
181637
2070530
2753268
1878490
1513314
1670942
1533236
873294
1937471
389718
1525931
2284959
1655724
1065899
139758
1417256
88732
2738242
649771
1561984
799365
44399
370523
2121405
2540954
2076935
220393
185458
892534
1184106
1349918
636491
1093844
484945
1027496
1603225
115380
1070635
1071585
1362809
979035
1230701
677243
1412627
898823
2536224
1484933
1822452
233824
2112992
956504
1532200
367011
1537287
904805
128320
2098590
87093
137310
328812
1360632
263830
492858
508410
1213587
443180
166433
267669
1696237
1012593
1027700
724342
2291307
703445
1672672
386263
1258909
747858
1552360
1451983
90510
2090843
861313
2299890
1323427
149736
506336
675999
1475927
641255
282140
253721
94243
719281
287028
387163
2152167
334413
1854077
1323285
103018
224277
1244567
1741038
1644922
903355
902581
1322072
1577865
968064
1662096
533599
234536
1152832
1413442
169593
1779848
1707639
1193003
1319721
2493962
234377
767769
95588
362245
2183438
1599961
298178
71066
899928
1261691
115813
316148
60230
1194748
1221800
1537581
210515
1281680
194684
123183
254877
1557346
1563004
159953
1257855
1818649
2853953
1822428
84785
275265
1215684
40702
2124068
656104
1865498
2054964
394440
1582611
277318
907300
297943
920991
883529
1523015
110002
382315
652931
2584036
2106550
117762
87581
1911345
1267493
188572
89289
2599119
901472
1774929
66682
473208
1118895
251124
970928
181576
96585
1732940
1496706
1179892
1045500
33386
1105430
422503
685361
934598
1082979
191719
1934869
1492356
3147877
2169875
1568700
1661795
1573595
114344
874323
1705377
148717
2732626
1084300
1736328
45320
442889
146783
47945
920798
149351
2243872
1863463
1020094
546016
1991369
1492031
42019
63132
1502840
281543
44465
919238
1081808
451829
251446
1053503
964064
1982307
96220
1517535
803112
1530670
1536550
1018898
1267643
195266
1655584
1973826
167495
966134
728958
696222
1006036
683865
109981
89840
279395
1786911
1952102
350893
1018465
1028441
1559741
289133
539809
1699349
721404
1443509
1907200
162164
452184
1375577
443575
117612
497693
1477705
1069082
841587
157152
1013307
444371
841464
2506620
271418
93574
497766
788270
46968
775089
1410104
482158
3269994
2690687
133185
2156122
1942911
2361631
254650
111104
1066705
406060
714330
1056577
1022060
1678360
339059
400187
1396904
649922
272495
1510013
1370306
89571
275929
2244880
1901388
2022691
161743
2329583
1506844
354198
462168
69628
1165772
898407
2859856
1625689
1020287
1619747
1804847
790847
1460992
673056
240009
1525735
2421856
290583
1619299
58142
665550
225660
110201
709048
1145855
1157639
238393
794254
744038
974193
101349
943987
1063867
26727
110326
334726
1438174
98874
1744629
758426
432836
154369
2176576
154208
926747
94993
762136
818771
152573
675542
93988
1773539
326542
2060307
175362
324455
1072455
466620
387425
1815465
1568516
984945
105615
1621006
904133
1204380
241429
1002370
181491
447724
52533
1391984
147537
688720
502234
934120
318612
588745
742504
166571
949010
138148
371828
289749
305877
164321
2337942
113977
1735075
510300
763130
382963
1847492
1177825
1589876
1567626
1862295
1582184
635067
958155
705966
382914
1707225
732861
380817
585933
977706
438059
1740944
97467
1831279
88816
1035059
284082
933647
1200235
265595
792478
1995446
141110
1227261
205318
1588137
1841479
1627072
217789
319103
1382040
1039533
682549
452041
1419399
80443
969284
1992102
745274
1128757
434709
361729
124840
2963699
1658080
131868
71570
1036654
638593
1185697
1104632
2421268
1277249
1433639
2730871
927435
1743858
1027411
546081
627959
333343
514820
130337
714980
1466169
514513
827925
1151025
778974
2396071
298036
2020270
1584113
318537
984922
716610
48231
225070
138985
909623
2239572
85413
879001
1485088
166633
1568930
782478
155241
994567
1480576
634019
840789
883798
80196
1569153
647707
761723
279165
238499
1656602
2147543
1026028
521490
1341680
124079
1705118
655681
1091416
340311
2221932
1604331
745752
208855
308072
1573971
1275090
1077542
2258751
735390
1183260
1201550
388250
153197
1595091
1086432
888948
490152
1890977
821029
1176331
666529
797129
865982
213748
1580332
604283
190043
346295
1907581
196842
909309
176548
1805907
793188
221507
1715817
813757
974016
216938
397474
540954
1206075
266524
1645554
1766661
674556
2047075
758800
1120087
801602
1161145
1576518
1433923
1148247
1066932
1771627
833043
1484355
317550
837688
1573532
1466323
1478540
435707
813341
1888892
1744081
629765
2202454
1442771
1661767
1959808
79044
1250717
822095
2191804
533313
243551
1717795
214394
794153
544372
1009154
1710939
476541
171124
120739
1674192
787707
737681
361885
1874271
331352
734996
93159
267977
572062
1248771
2853906
1244449
920231
174333
1660762
344617
1796218
182259
117557
106750
688324
159107
2116602
1900627
336571
1255606
371644
409530
636663
1713298
1745035
116926
56684
545783
1102149
249060
164189
455934
241563
302241
203367
635487
536977
1387924
232877
246716
1018919
1539843
1370957
754201
2290338
1077524
1348390
1028435
716757
2550288
2280079
264228
1617291
263383
61285
655468
2336858
717938
757822
244453
217627
673595
1207823
1349922
1135383
800243
1949810
160208
698692
289257
1381995
1256135
454537
687273
1955663
174918
1006782
476031
1417123
703041
118469
520371
1119000
440434
81550
1395149
308447
299510
1418537
1521579
1380496
465761
1099223
240093
221917
2127689
140562
1530946
553247
435501
210705
918484
750363
2096052
434446
1834922
159314
538750
2250267
1679988
682476
86748
2284936
472184
1965539
174615
1049387
1823464
912060
487166
186257
227280
2163527
761473
1772633
81764
759676
474943
2008380
1255529
1490281
1270443
133760
1795390
319596
1160578
2204692
101850
1854033
1362495
380934
985777
1806646
351357
848233
1274967
869482
181453
490114
251630
1064967
391409
278264
1249356
752312
375834
152345
1130763
78190
1612058
280769
1262040
955000
1628734
1397391
389693
644467
344746
258363
112322
159081
860189
457746
1296085
2223072
136000
1288293
79202
1022193
241844
526280
541429
960783
92080
704866
110542
1675742
1102453
146087
2509169
975534
123781
202759
729955
95921
2040747
177139
518070
1104645
289107
1857981
1181915
136075
538112
2022478
783398
984053
132543
385561
1373622
1166979
1019609
487592
149101
186520
563474
165228
670515
920989
1862550
983409
462207
770569
1003857
73716
513243
547588
1102828
566002
765565
77124
481343
280867
581819
150273
479518
1656878
355611
285638
442462
459605
540148
170557
1592896
155234
325919
1018714
872821
738962
745138
70810
1355890
770972
1358865
315046
1388435
75069
917121
350539
655898
211432
406434
737126
817307
1594852
437619
329217
679339
119765
980077
153198
679460
674126
1020011
1092888
660248
698873
402974
783426
46626
1324682
470021
166791
187226
1911074
827120
1012281
69403
1544810
811753
921694
652467
1014240
880178
882614
786333
1323508
213934
1996778
130527
547760
193924
46645
258465
951148
659730
1145040
501272
966308
2177706
1799866
75361
1409523
306571
375186
114202
1763070
2231839
226318
1196651
2858360
1528788
1100740
785925
336913
685913
25162
1447108
961652
1652521
402516
1346132
303436
207662
1731879
795556
228105
672240
1031483
1515561
1455981
678088
1716498
166017
1562170
1712543
746816
191249
1498489
640069
1666528
261859
2575936
103559
1225316
1123756
1481747
521482
525103
520732
190994
178613
2628955
619959
1537120
835538
148906
1883264
1523049
1039765
1596748
476367
200293
275566
162523
261159
354118
1074709
382626
910411
854125
320350
953393
549628
1051360
395355
1415717
270362
114600
166486
155930
137960
1547673
1543302
1007352
60666
1104357
1190633
704049
1148665
1541289
309623
141678
979661
2132924
554625
930451
103298
375813
144033
2202413
586443
1922423
1667417
1187920
1278977
784255
120933
1491540
1010847
1687643
1398812
417913
3125025
1164121
735354
1107212
1215537
678016
624153
680360
1189929
980329
1084371
137109
249635
921179
1325177
1716477
856291
323084
155555
291521
556179
303104
1419100
128903
803401
332850
214300
1288449
1169582
85977
930373
310871
773384
185902
519402
1582901
78335
109960
793935
99499
279263
1535346
680660
68681
1592585
2449783
945972
2396529
1071273
1064725
127068
340847
1395956
1276748
297686
1021846
517594
54874
526906
41088
105263
1687576
579027
114489
1924476
1661046
1072766
888009
221812
673360
1119784
1416951
138369
1898419
2170634
867642
937458
1149619
1831062
3117364
111954
743317
149597
823868
1469284
142333
1469482
2328289
172736
348549
871794
526790
58193
122602
1726559
589867
45802
716656
81420
906485
1601345
135284
21674
733751
1517562
1525364
125700
545388
1136505
1041738
95167
1026678
1021247
845841
568329
271036
493345
3370176
306046
1427574
71388
96018
976316
919818
672199
199419
767836
338971
821789
50846
3354033
1115629
786438
256629
206626
537528
1702215
516754
938627
134564
660593
209893
1310795
800367
1830054
1729203
663818
73984
864951
1383386
475436
1160829
525538
1492355
1463940
2333525
1494300
230362
164175
471782
268807
1020107
120901
1914037
2450951
1564643
43676
799908
367759
53398
1492030
142949
176005
107409
1534522
451665
2305315
116129
324516
106048
109961
150271
994523
1469353
386138
1723473
57661
233692
164176
114208
1469481
40017
3026898
843477
84550
2961551
3520087
1873941
152982
661705
593825
2870649
2508518
1481149
2254470
3322526
1454085
2779000
888621
1134237
462736
2966215
2623831
1787848
2479479
3333703
Total scores: 5590
Average score: 144808.37
SSH: 3631, SH: 554, SS: 51, S: 233, A: 1079, B: 33, C: 7, D: 2
