4914436
1736329
2826730
657917
3884667
1537817
3970329
2225737
1990449
1911308
2315558
2316176
2164997
3018109
1972480
1571309
1702172
1843589
1419403
1628131
3873445
1642274
3385971
924337
2640144
2796473
3885119
1178526
1020320
2237467
816600
651744
1892257
722909
2802630
1836354
1983405
1586061
4905645
2673453
2569254
1609741
3665005
1925194
1595191
3654660
1495848
1737169
2360153
2237466
3726990
2302135
4857997
1800993
1690355
1032126
2468866
794670
988793
2608130
2663986
2779000
2444149
2360152
1860433
2240526
4127115
2014469
1343792
2485668
3623693
3232952
1450273
1632673
1851299
2330357
2643264
1401254
828242
1263997
2801091
2520049
555797
3071981
1897577
1474946
2599455
1843653
1608832
1849505
3121360
2237465
2651771
696225
747855
930249
2102287
1575386
1988963
1644535
3874766
1797542
2404778
734339
2459394
2150737
1354319
2338610
2632230
4862040
1762724
722844
949011
1918979
2569175
1782802
1932923
111680
1848803
1041481
4839948
3128003
3036835
1991177
2025938
2596018
1890237
2468864
2657557
712376
2419085
808848
3553951
1258642
1859185
2305393
4921686
432839
2659911
2118443
2760656
1065863
2596015
1142669
1603635
1827323
1786111
1796420
1720423
5043510
2025942
1649989
1321542
1783812
1282628
2389623
1893431
1970829
2778999
1612454
4857995
397299
1512177
2653571
1868131
3654817
2993974
2150733
1262832
1790044
2469346
1720903
1642169
676172
1695382
3126758
1784600
1949535
3963421
1764213
1286225
1858799
3566528
3588981
1871842
1573321
3666536
1705675
2059942
2628162
3102108
550235
3967160
2165271
3793450
2530755
1844417
3257742
2304140
2090844
827803
1650477
805798
116128
1541384
727636
2611482
1643270
1962182
4921665
1044728
1372542
1623092
1749322
4915815
3668045
3357329
1092090
1968836
774965
1172819
2139557
4558862
2245783
1413113
2350478
1897567
1772262
1490581
1632327
1476606
1289926
998769
2529598
1969635
3637802
1619555
869197
966160
736213
1630299
1872396
1770368
2596017
2237470
1977528
1610994
978026
1648055
1181761
1909493
2097426
1635233
1577751
2272647
3157220
1893432
1229141
1033154
2245766
1778560
3789556
2776489
737100
957468
1241370
3891621
2803332
2034057
1454087
2222861
1746722
1651290
3954641
2138577
1586059
2899197
1829038
1758255
2021259
1736331
2064449
2045979
1590373
1256809
318950
2283641
1351114
1899764
2025941
816734
2530955
2077126
2034439
3257737
3623106
2269172
2357806
3483015
1595303
805797
3258234
1512179
1199955
2995309
1420671
1610022
1972662
2444148
1398002
1594726
884664
1809107
3257738
1614054
1993418
1157868
1697722
2150740
3928577
2135403
1128531
790218
1255495
2097562
3399735
3802617
2149131
1734135
2017162
1760666
2030843
1797549
1893461
3231039
1055147
749274
1519160
1843593
1474956
1744385
1762730
2455670
2628159
308917
1797548
3582303
2962819
1657661
2249059
992281
2030431
735833
1725621
1804553
3704687
3671629
1762729
762864
1725575
2069999
2200811
2382179
2192267
4919168
1046830
2178087
2201553
1415007
1934624
1706834
3962022
1113332
983680
1843595
2654458
338682
2044364
2079597
2349470
1436138
1278814
1271007
872155
1849433
2272608
3468147
4905646
1029562
1020931
1580814
2025205
2473353
677938
1909555
1988753
1854139
1716732
1396072
1840736
1612453
1610854
2225036
744740
1621068
2778998
1860169
2579405
1341646
1588369
2835408
3479713
1742483
2663990
1129261
2090847
2254470
2651508
1621175
609741
2998025
1725588
1306493
3623520
1724319
3385230
1836484
1541907
2163138
3543744
1672165
221777
745360
1785865
1769144
820737
3675450
1030374
2718073
382930
999944
2954960
1813910
1101611
2245777
1736333
3148259
2245860
2059943
1482959
2078042
968220
1046339
3933767
1589444
2847847
2677019
3481136
3010178
1701404
104229
3572698
2455484
1869619
2123262
2365443
2861267
2874944
3199701
1648053
970048
1498618
2166311
1208710
516322
2044362
2967837
2104699
795627
3552839
721158
2486881
1970401
918415
1639738
5064281
1251181
1836302
1869933
2077125
1762728
1836593
1343703
620789
728870
538214
733753
2293429
3586535
1264503
2064452
1816113
1566024
1645699
3257740
1029307
1885531
2468861
3615077
2466369
1956122
1911436
1602802
807074
1962198
2719429
1969946
2324949
765018
4874355
337500
2628163
1821081
878369
4372879
1611251
4881796
964269
3635192
1899511
773195
68581
454289
2208203
780256
888010
1791963
239265
3238282
3535897
2112910
2585550
2131813
933875
1962416
2868674
1574296
2168425
2146365
1869935
2710948
961695
3459056
2836353
3087082
1860434
1836274
1004492
2628164
3301339
1031991
1053519
1657612
95583
3441256
3040104
1690359
2112992
1690356
2762787
714506
1696846
991733
1659421
1385396
1857524
2606065
2195806
2352279
1862525
2753990
2245771
2923026
764785
3371802
556312
2274013
959426
2964220
2962206
3852942
1894591
1637380
2952014
736214
2270137
3658339
1736327
2482032
2757596
1919312
1851366
1911445
2124919
1988434
3222123
1505448
2388297
1843597
1949715
3316195
1185036
1829878
2231774
2484994
2564395
1746492
3983866
1594116
1240611
1613232
767774
2964222
1222822
2357524
3372710
2874408
840686
2325316
1645698
2161305
3466914
270394
1696087
1918978
1059776
1874508
2496720
2502643
2512372
1801586
954108
1869937
1345676
1111047
658127
131891
1565265
2315560
1462224
1303587
1385399
2684029
1313029
1768904
960875
2933166
1896298
136553
2791432
2780888
888383
2898086
2596292
4042579
2044368
1810150
2990987
386728
2791233
2291305
1655981
2060305
2786980
2948501
3002764
816327
2016274
2583506
1892411
1066197
2604568
2443187
1060683
391522
3111877
759192
3339802
2046653
1494828
3647939
2204234
869222
1827558
2471434
994495
3648583
644971
1852572
907594
1621263
161902
2211018
660594
2692599
784369
3206205
1380717
2750570
3736423
3756074
2336250
1974323
3583414
2331984
3349418
2486391
2069841
1769121
1778069
2674297
2202862
3256129
3392208
1139789
1023029
2133576
918723
3889346
1587677
3697747
444356
3645144
3253226
2086442
3607872
890190
1514412
1383825
1831051
514516
1287979
1578505
2521210
2413216
1874165
589671
2508711
2841370
2185824
1746536
2211017
1345670
3562509
1902624
4310045
1593252
1126915
3266252
2861378
1636104
588523
1134887
786304
1946909
1257732
2649062
2610039
3104529
1468210
2759110
2642744
1383389
1845874
1437528
3351262
1855816
2274737
2533673
1086057
777074
1762727
1797366
2565986
812590
1145198
2113285
1466471
1802456
1363365
1635980
2117573
1169773
2625910
2096057
1537816
2278232
4313217
786980
1925029
2493793
2593923
3655971
1796684
1729283
736396
2331367
1909552
1527960
2854691
3260996
329283
3077757
2593619
2233760
2363005
936800
2044366
770971
552068
2660646
1396342
2729594
2063622
1157945
885030
2485437
736729
806325
2669266
2932817
3606457
479681
2231831
1397263
786867
1166895
2628161
1796685
2060211
3333745
1902818
943246
2829376
3073983
2364768
1594266
1165064
1936782
1995061
1220272
1274573
2234808
3772513
991014
943399
1686476
3145816
2941772
2485259
1115844
2837715
525278
823257
1715917
3300021
2517999
828806
1039881
3666656
2331169
1881704
1814494
1607736
1873147
1389135
2736778
3645338
4001170
646713
4683658
2205311
2064221
2277236
970163
3232558
1809151
2598214
3338949
2096051
3619023
403447
989244
1762731
1461877
2306594
3557474
2295594
1316638
2684033
3030766
4197935
2446847
3044298
3370177
2269189
2509215
4843902
660593
1594426
1053520
1989718
688289
1077675
1770626
1701996
1487213
633375
4476311
1476582
1754266
2073335
917129
966203
1313635
2570037
2115117
2339801
1063717
1669990
2721306
2628166
1183810
3127889
927487
2489378
3385965
3724573
2017880
3309764
1849273
1655999
1439403
3499728
3329211
1464961
1344602
3670023
3388797
2937933
3237678
1727980
1861487
2069610
509510
1528015
1053130
1118296
2628955
2335553
1273122
2193339
3262568
2128030
1128411
1270000
1709022
1848732
2675575
2360394
680875
1180753
171256
1073275
3397701
2599514
2593620
1563000
1514256
2861739
2485565
1972327
1924025
1219310
2988681
2893406
1059263
929999
2553242
1554502
1850300
3054701
2995539
2741954
4793647
3142477
2679663
2058351
2596103
3483307
2628165
1053729
2790399
1709121
1936713
1797692
2242173
2131333
2829118
2658147
1839474
1021579
2722655
3339803
3267000
2935781
989228
2274671
3613647
3846505
2458212
2625911
1965550
1065821
2335100
801303
2183206
2095311
3424510
2025943
1257298
2830058
3135149
2795857
2532226
1977950
2125715
112922
966243
2480930
3206043
2409645
1969122
1943749
4236749
2004420
1073278
1872563
738980
3173795
2142744
1569904
900957
1387259
2301681
2961828
4146007
1288341
1656727
3076004
2044485
2200806
3493411
3337690
1915416
1331610
2118444
2474570
2782702
2359099
1062374
2196278
3899780
2252249
1348658
1489207
1949561
3468294
3592622
2946220
1828340
1529839
2533281
2269544
628755
2462648
3443974
3104522
3930006
2233205
1710847
914220
1746902
2201576
246584
1200757
756423
683409
3313127
1481747
2061192
1438557
2185106
3217551
4278011
2183893
1983358
3050529
5054932
3351793
2623831
2958956
3119369
1906615
1709151
1298998
589427
1849580
1429457
3992307
1093455
1682436
2590221
3334163
1128403
2921554
2468862
1302567
2296022
4795977
1150868
2512991
2546190
3337289
1860287
652234
858241
3912664
1706210
1968283
2663988
1660992
1027692
3908671
894090
820481
3649088
2169346
910147
2048191
2113754
1506561
3160036
853779
3056979
2883759
2615795
1109306
2139064
3534950
1935880
2106248
2127199
1121032
1227359
1399651
1206499
724360
3030240
2523668
2443190
1498150
1596752
1569153
1854034
1332018
4133726
1118297
2439848
1665829
1108593
4694276
3782929
2273991
4134856
1720964
661243
1118614
4313980
1948378
3238236
2730458
839947
1115737
1785659
1942546
3274710
2657705
978213
1714634
831241
4855468
1204536
5043508
1142884
2573493
2044367
2291788
591347
3582938
2677191
1754868
3145415
3185679
2902513
855456
2200809
512000
2469345
2550944
2775881
3145600
3977190
133938
4011404
1125647
2046445
1204537
3034593
1378619
3926567
1627860
1489536
2602433
2562794
4341639
1398110
915210
1897621
2345714
1131896
2987383
2530752
2426435
3725129
2870806
1833818
3591213
3689083
1286241
2267564
2798374
2726346
2809623
3041193
2321980
623699
1899100
1681634
3718674
1221423
3438148
2654506
3229091
2082725
2512990
879062
680689
2037761
2123284
1743443
2410947
2789861
2264767
2465901
2200807
1826941
2980379
2486606
3526113
974872
2863658
3340682
2281045
2696829
1457148
1866555
2021776
3078717
2535967
3369714
3030057
1566064
2184521
1679789
1787848
1164988
1091511
3301849
2168434
1860435
937689
3573970
1831935
2065514
2799043
1702971
2290441
1881584
1186901
3023414
1124313
1643106
663725
2004799
1180676
3338304
3089375
3343060
2479479
2514739
1134237
1148905
2201307
2300083
1649842
3365585
862088
3036398
2813660
252238
1206361
924759
1530057
2449313
1083053
2725342
479812
3216536
2774742
129407
959427
1252022
1125642
1828903
2200841
3064687
2794099
3665950
4352925
4372575
1595667
764082
2451494
2638692
1087334
1519137
4032016
2750832
2240223
1484989
1925633
3577374
3564083
2668755
1590374
2132928
3783036
1231400
1636879
2049467
1927666
3071477
966177
3578634
1451703
2303916
3288402
2182766
3591908
2457519
1056202
544419
2781571
1083054
2473923
1138938
2844649
2876751
2719334
3921649
889632
3290808
2575572
1013839
1162425
2153775
1477910
3530608
3132824
660247
1019544
2906211
1602811
3708312
Total scores: 1405
Average score: 292368.88
SSH: 1, SH: 7, SS: 6, S: 20, A: 1138, B: 211, C: 20, D: 2
