4376495
4897206
4113363
4543721
4176938
2689931
4541862
2667802
4985596
4189841
2753891
1075797
4246671
2201145
2382377
2403677
4440053
4480795
2460718
4690175
2735748
1313029
4585194
3802844
2898419
2843965
2743756
2573914
4425879
2557979
4792013
4655948
1816243
4605491
4298815
2624331
4536514
4583712
3415914
3814186
4851922
3438148
4272569
1125406
2301351
2078195
2241579
4059970
3149030
2189162
4187053
3383316
1711307
1069949
1582287
2786058
4462023
2323911
2319171
4351425
4093216
4167879
4802426
2775397
1083470
3128003
4349998
2257346
3884667
1811722
2241580
1655981
1199955
2659724
4111778
4652324
3185724
4569104
3926086
1754777
2295882
2603845
2615210
2675575
862088
3147541
3849847
4466096
4859703
3586535
2562794
4452319
1935845
4629404
4704854
2511064
2315558
3814944
2574090
3093271
1872396
3645519
3040104
2510998
2267564
2904978
1919312
4205425
2069841
2470194
4507477
4468621
1828346
3357329
1656727
4608291
2128030
2126752
2331169
2059822
2263415
3003399
1776723
2684033
3526068
2486881
2304622
2863658
1563000
1800155
2670208
2021776
1969946
2574259
1889804
2581428
5022053
2484994
1044728
2726326
4225083
3115758
2185824
4224418
2552099
2469345
3544927
3093758
2781622
3501901
1162425
4796915
2445954
1838426
3306465
1918978
2914646
4754217
3926567
2298047
4641389
2559938
1701775
4546446
2628955
4415585
1842675
4591775
4095763
3873437
4199237
4977600
3145600
1892257
4269663
2187211
1955170
2249387
3388689
3284710
4027448
3688094
2472334
4791798
1838427
3258645
4553375
1843481
2064453
1701404
3019409
3550762
2629595
2164997
2780924
2933746
1596706
2485793
2404778
4607880
2460779
1829131
4719888
3071981
1782795
2444148
2894212
4644712
4310021
2679887
2332088
2034057
2274874
1714882
1890412
4917244
1968283
4897819
2364135
1942812
4316941
2040582
2691242
3037642
3896863
2495792
2599450
1315479
3695440
4157223
1537817
1828400
3708195
1274573
1649842
3257742
2321562
2708949
2559126
1922277
3666462
3666979
2485438
3042164
467689
4856302
4766041
4429012
4728369
2958102
3707958
3862594
1736332
1862062
680689
2297417
3745820
1076862
1655931
1990449
3041577
2565598
4472749
3848354
3579281
2497064
2802324
4803756
1064909
3773772
3173880
3627858
3663670
2666060
4480846
2282512
4134856
2097898
2164274
2102274
3145415
1013839
4019649
2423610
769590
1450282
3411122
4087988
2629589
4322110
2058788
4855367
2783226
2185224
2969988
2796473
4134503
1805627
2226722
2077126
3714304
4049497
2597616
1869933
767203
4143861
2731892
4375028
1783812
2658147
1385964
3994597
2802630
1157868
4520249
3151808
2589292
3048810
1484776
2281410
1737899
4415495
3036835
2545437
3601629
774965
3010986
4609930
1899511
2514739
2887070
2657557
1627148
1166895
2361328
1911574
1895602
3257738
2628166
2129143
2066867
4403715
1844622
4393670
683970
4710115
2012871
2467910
1507125
2621902
2158670
2058288
3568573
2791233
1082260
1971822
1125642
898597
2660646
4610836
3751096
1142884
2609731
3100786
5053359
3956153
4303991
1462224
2317127
4479242
2033294
4631634
2384875
726381
4743347
4931910
4119513
1742483
2196278
1816113
4053095
2872154
1016701
1031991
4455734
4795498
2237466
3963421
3928577
2485487
4906153
1827864
768454
4947043
3697682
2495251
2133576
1961763
2625911
4656077
1609180
930249
1168174
2924687
1679667
2245774
1788131
735272
2544136
3626128
4468528
345189
3497649
2824441
3920817
2047629
1742484
1802736
4549357
4194968
4095759
3773045
4681625
2564395
4432591
4028364
1565265
1581806
4134502
1941208
1603635
2518847
4938203
3433046
3844651
3946759
2834752
4054201
2505956
2565674
4882735
4600394
2397136
2005307
1737326
4834442
3082337
2338610
4926061
2674297
4897886
3039613
1736571
3802243
4762173
3870286
3992524
4008892
4507398
2258084
3623520
4917671
3570177
3644156
2530755
2325060
3641547
1911308
2478053
3215934
2443190
1989857
1746492
3301339
1319547
1021579
2082725
2801077
1992711
2208487
4869656
1946507
2671379
1843653
2246465
764082
1091973
2069845
2803459
3873445
2596894
4215507
992171
1243117
1489207
956483
1518125
4913782
1784600
2626473
1172819
2596015
4921479
4992898
1886839
5052145
2223077
2041050
4283549
710881
2208453
4832173
2796126
929999
1734750
3107506
1764213
4208513
992389
1512820
4912563
4929463
1720423
4867167
1807945
2944304
1153465
2369202
1563135
3746239
1097891
2904484
4856888
2050536
2165641
2596018
2266013
3392673
4724992
1556724
2545604
1989203
2829376
820481
2102287
2008748
4794536
2342739
1860169
4450888
4644689
3131107
3222663
4944540
1410549
3257722
2530810
1600283
2162115
2616981
3240248
196977
2138931
1925194
776951
2140133
2346624
4723768
3271767
1816648
3043732
889632
2455484
1383389
1969005
1859841
2238881
3228439
2478408
4989720
1500645
2201460
3502982
1451537
2703519
1702984
3365585
4760012
2014389
4988693
3206007
3405117
3103301
1623285
3631644
2840138
2867817
4444067
2988681
1809151
1993380
2316176
1977528
3651944
801303
3636156
1882794
5013782
1142669
4085207
2231831
3996361
2558580
860022
2195806
1809113
2014469
4353143
2551654
1602636
3237584
2461085
3472479
1632356
4273475
3272896
2628161
4961699
4225617
4244777
4644716
4623040
926644
1672165
2240223
3860691
2598547
1869935
2586235
4683926
2896983
2097882
1398810
4461914
1086267
1988753
4203851
1424610
2592159
2245772
1808605
3340977
4893480
1041934
2618935
2044366
4151072
3278257
2306594
4189842
735833
3006996
2088427
1783813
5062269
24457
2053094
4883689
5029383
1828339
1912276
2629588
770744
1796309
2684029
1108593
2245777
5005203
1621068
2016359
4655527
2518845
2237467
2609733
3093968
3592622
1956515
2396159
3692695
4926951
2710346
1952021
3038020
1610745
2986935
3842586
4889657
1659421
1003565
3668047
3646595
3179921
1827432
1646193
4499311
861415
4902666
2177340
2482886
4726790
2189895
2025942
3514136
895997
1371436
3313094
1728259
4445221
4294940
1917082
718156
3947122
1155062
3507715
3256129
2285719
1345676
2060305
4807912
1909555
4952141
761641
3198222
2150733
890190
2098787
2166311
2737173
1679799
4490286
1831435
462736
1425283
1219310
2338623
786304
3812596
867055
4225619
5040710
1640935
2117773
4903183
2742959
1911335
1515526
569590
2826252
1760666
2340100
3436822
4537141
2659911
4017839
4955187
1802968
3014649
734339
1487213
4772684
2177594
1532490
1970829
1918152
1306992
2738017
2530752
2120083
3209690
3336643
4628531
2990619
2245906
1177094
2291027
4208512
1620144
2269172
1056202
1983405
2583616
2116804
1686503
1474956
1215958
682053
407788
2406701
2021991
1561529
2328679
2237579
2353869
1256330
4881967
971528
1763013
3382326
1228840
4564320
3108552
1824511
4943540
2468864
2262937
3510655
2485565
2274905
3279110
699391
1226524
2587891
914237
2250747
1559388
2275093
1804553
1731253
1557461
2227344
1059894
2150740
2118443
4029246
1373482
758579
1675842
2603107
2580634
2638309
2506983
494114
2482032
4206333
924717
1361572
1075653
2354378
2023736
2025938
1895607
1932649
1743616
1829925
525278
1544629
4867901
3760228
1348658
1401254
4054197
2222070
2028950
2580525
5067996
3582938
1893461
2327792
3350992
3494512
2113754
2054965
2403285
1632673
1321823
1897567
2659368
4043879
1911333
1610746
1065863
1858652
808848
4956647
2024765
818022
2409644
3466822
1801734
2731307
2416573
3438221
3888376
3593780
4009623
1539911
4698084
2336731
3750319
2449773
861381
3396147
727145
1720903
2514909
1949083
1763222
5028329
3239200
2136676
5062506
896753
1540091
1361650
1600415
2156318
3116534
2585183
2942367
2015472
3081735
3613816
4797258
1894931
529080
4824657
2058087
2409659
4804490
1804515
4086364
1768240
2463764
4975261
992106
2440918
1508668
1702903
1315468
1761768
2088098
2973576
3162075
422328
1733305
2150737
2106916
4428914
1690353
2992705
2616983
3144690
4079778
1074806
1353828
3149839
2569254
2297100
3514133
3514137
3888378
1610994
1989448
2132967
2619743
3109204
4994205
2474574
2284401
1092980
2650707
3162072
1914326
3381911
1640908
1804490
4398852
2037502
1626530
1617365
4090673
881123
4994740
3215357
2382343
1956104
3230245
2546607
3505091
1983676
2218881
2034983
1707895
4633100
4722416
2500691
2798826
133938
4136188
1514898
1939586
2356514
442905
4647815
2628159
3664712
4986119
2020258
737100
4928198
2201553
2500162
2444149
1926301
1584957
2987243
3020123
4885627
2326447
2627179
3651278
2333525
5025270
2132924
4834441
2388297
2677188
2937261
1701711
2521210
1668357
2409643
1146443
1972662
1839649
37249
2719326
1817464
526964
2282063
4885626
4970187
3018672
3665950
964941
1728103
4805791
1289705
4166521
1353480
1619555
3027671
3357309
862506
3311312
4179442
1983339
2238336
1286241
3842032
1512691
581623
1793684
3258401
2440742
4694622
3707953
4865079
1862525
1054416
2981278
1828342
1572924
111680
2078169
1344602
2514777
1783814
2618934
1855887
1546243
5009202
3756314
4926063
3738131
953394
1165847
4822475
4971977
3097451
3858338
3497331
1537198
1783725
1924444
3514135
909032
4912467
4754028
4958652
2377917
3684244
1627873
3739354
2634559
1299791
3298813
4943285
1565884
4308532
1675838
4799375
2177557
3595027
877765
2368575
1895605
2441822
3243427
2082487
1092364
3369861
52398
3165996
3238305
1726994
2013012
2262846
714001
1762724
4528224
2185879
1988748
4955293
1863775
4770471
2242925
2122932
2449784
2017352
3338304
1385398
788488
4562351
2972551
1893431
4982143
2622401
123180
1681634
4782683
2367340
1827323
3311309
4215550
1968440
3737854
1468467
2221441
900957
3690454
1289755
4660961
2143883
2316225
4571865
2360153
2772636
1071754
1374019
5053356
3333706
5052210
2140220
3905550
4978555
21169
4895585
2260821
1952051
1126915
1869324
2132775
4897109
2327794
1985075
4395411
1715917
2019428
364532
785902
3103322
4972983
2783225
2139064
693642
4850148
1373950
4753332
4902383
2957958
2479386
4981754
3668941
3409304
3094069
1490015
676575
1786515
2237465
2285947
2041399
4249701
5029813
2249059
3301586
3063660
4633330
4902119
2053860
4987035
4642832
5070491
2726346
2232066
1770626
5063751
1799197
3424967
4898035
2779000
3030766
5047648
4345352
1217417
2483555
4750684
4969531
4208603
2117756
4835412
4919069
1639738
3195618
728186
2229508
3755226
3237780
2187014
3270246
327496
2245784
4460277
4557010
1945175
2564769
3467890
1679127
1628762
3762985
2293349
1232706
4206934
1298486
5053881
1714197
784791
1981429
2367231
3329210
2078291
3937149
2449791
5050870
4956321
4569851
2557466
5010531
2742960
2530754
5007074
4911437
3502985
1948941
2625674
1702172
2420455
3718615
1911346
490185
2222862
2059455
254562
710228
1643270
4950838
4989722
141776
4807907
1951973
1150597
67526
4921281
1150868
5069753
4830796
1004556
2078621
3204097
1512177
1403678
1033154
2627177
3358774
4938001
4652048
2939350
3514134
2347052
2328680
4901835
1031434
2237470
4845206
891756
1290690
2653213
270394
2064452
660247
864446
2268730
1894933
821273
3311088
63499
3514870
5014122
2609730
5037565
1594009
1828562
4172057
2806598
2445438
4951052
2550792
2634584
4928087
3322065
2580675
1255789
5044855
1071416
1452457
1113246
1018869
1501840
1777060
5055187
1894929
4726127
2480902
1636988
5005757
1541853
1655728
4884699
4684396
2274013
3471734
3693821
181253
1836945
3212224
1643386
2130516
2932583
1990718
4764077
2203420
925835
1797544
1768264
4057685
1117251
4331310
1618411
4834439
4794834
2777604
3516090
1889756
2104881
2443516
4946919
2078624
4005926
4964157
4976553
874939
4690480
758461
1796685
2689434
1253987
1396152
2065883
2881025
2757565
3294721
2038190
2034654
4836718
3888276
1628302
4478301
884418
4603640
2004892
1751423
1535708
921252
4271052
203986
4248266
1983406
176280
2360155
4540169
4764602
953586
2518844
2885708
1814702
1432556
5011547
4754871
1605142
2680097
1095152
2067473
3307411
2778999
667730
3823095
5040813
3230247
5020599
3521696
1826561
1643085
4879107
3608801
3500383
222278
891542
1320835
1607205
2449792
1071060
2203594
5021144
1571507
1635857
4645077
3162074
106965
4968002
1894938
1354522
2409645
1733519
2485595
3162073
4171667
4903802
5028593
1377588
1687641
2451194
1934828
4994392
1331610
1894940
1627597
5014474
3329199
1607736
2116802
2330574
2102289
35015
4651145
1836484
2030431
5040707
4877559
258059
437139
4006291
4924292
4999597
1103732
2067117
4937181
2040756
3619388
2588639
2347578
4023105
4914437
5007073
2860521
5021944
991014
3331833
2254470
3848736
3854204
38800
3265457
3487556
3716950
2968671
5059140
1968674
4908754
4936457
3499973
4954084
1126510
104229
785897
4959460
3969164
5046801
1405980
3969490
1894939
88251
4913881
3419874
1655935
4059151
40017
5002709
1981733
4662818
70050
3609347
4725246
1385215
3164758
4767763
1291565
5045153
4573441
3578634
4916227
537377
4943539
962950
591347
1461692
4736032
327780
3159497
2209234
794985
718643
5067639
1757005
853166
2221478
3930999
1815839
51907
70878
2407575
2562756
5036331
1512179
1762728
4387937
3054688
3594938
2060301
1383388
307872
3466157
1263997
2060304
1983417
4753333
2165938
2025941
169995
1857880
5047643
664265
3446204
1396342
4969081
2150735
4875678
1477910
5054622
4907689
5064754
4936460
85079
949029
707187
2270951
1844492
2787352
3031225
1289606
3433483
1786610
2061081
1465147
1569928
1523138
1797549
801755
61674
788219
1914037
1289183
4860851
4878484
131891
1329592
87717
786680
1696765
2742961
3961596
132716
785898
5025268
784971
4972961
27211
3252228
2619262
4805185
5041097
451612
4971754
2081436
47328
1556636
1278814
785904
674234
1970401
4937179
5011826
1185311
4978017
4969074
2463459
71080
3029339
5067641
1304831
4978100
817334
2777337
24745
2737141
3822375
2077642
3821207
339055
241739
3763691
1209775
1675834
2338619
4252965
726068
71597
4707780
2245775
1668950
2598993
1098608
1694787
3030240
2245785
2409661
2010902
4845790
1911588
1039511
3787482
2419371
2206599
239265
1307291
1398110
2820225
3961599
5010500
3077974
1584210
3428348
4447218
1639736
1726474
4457322
4948767
5042197
637477
2078623
692031
4888430
39076
285708
932223
120921
4843345
218055
1070639
2514776
5062318
4893577
1607332
1829728
3455906
5018012
1765825
2150739
4808850
3466156
2598994
1724319
4768027
1685438
5412
1828298
1153466
1694738
3635433
3919328
109939
5072011
4984113
2842174
1317500
2569345
728393
3440632
3341879
1612454
3940504
1610022
554080
983692
561335
4999891
1107104
3351262
1351585
3208604
32440
4819748
49672
1680849
151030
4976069
4940958
1010879
3031011
3051162
1621035
3023414
4890908
3620312
4940682
1174603
4937178
2955802
5014703
4902118
316032
1271476
1903676
1288858
2283411
1844624
783127
3275681
5047645
1448059
4423730
1033430
1777057
2939352
787430
2505289
3499903
1512180
2525841
1400414
5040708
2376713
655436
256627
3133584
3403538
2209235
4072459
2401871
2449789
3667416
4630665
1645698
2024745
783860
2660638
2542628
2175469
1943012
52527
29035
3613647
2269544
2420454
1033002
1997264
201522
3160036
2457519
1686506
1257217
4931171
200670
4719395
2458202
663725
5012524
2191826
3454018
1009012
1711830
2623831
1846226
1288860
1827558
192506
1461270
4983335
3739678
1009047
1100231
2449781
5018216
3739633
4975322
110175
1686499
4989718
1762730
70979
92980
5047168
1403948
4964170
393953
4497349
4108490
1805108
2825599
4989925
3698071
1529761
1624522
20420
2084319
915210
5054075
1119026
4811464
2661211
1354320
938015
2273031
4913880
5021005
4813225
910147
99009
3947001
4723960
4305931
5020166
1894928
5023402
588975
141775
3227200
2316799
1271397
1567435
1927444
4958654
971405
315
1404052
4917401
1797548
990527
2101855
4231846
2102290
674979
762573
26436
4967729
1065224
161787
4939326
3141635
1797557
2783494
3700348
4963962
4982926
18682
1660682
2196522
116876
3947914
2234222
4482096
4943364
2599592
971403
2335845
1153467
3914047
2596017
1328177
4873179
1523995
2625105
3447633
2209233
4951180
2634560
2283817
2338617
21115
828242
2277236
691083
2054967
5062278
3498553
554935
2263835
1026548
1279361
2295854
954029
3615458
3105129
4724993
4978557
4977796
155557
1984690
4809622
4076745
4524932
2339801
2514775
4859314
5046351
4745689
4617057
5020976
144309
132432
2674402
2232607
4982853
757792
1413257
4504798
222620
1927718
18801
1970571
4215552
4252964
2629590
4999159
5009203
1290691
4722617
4487053
1655719
2064497
282027
697276
5025559
1696207
1981570
4607160
3140597
22247
3666371
839293
2902384
1367259
3224506
1992682
1168083
84571
1909230
3910320
2368758
1762937
2171679
1529763
3628345
3661436
217728
47327
2697946
1741989
3367241
4783485
3718616
1676227
1109513
4131156
3579611
4794041
1849580
2107577
2837528
640037
2736085
3669938
2696829
1612465
461153
797353
3946025
4231914
4029245
50484
370801
2142075
1517511
2586025
4679109
2445239
1383387
4925154
4298178
1109849
3109657
1413258
53327
3518
1846052
5057326
4244
5047646
4679019
1742210
5046406
3120531
823423
3497390
1887814
5005568
1092361
1104638
5006348
4860818
29404
1679794
4987933
2354365
2601557
413053
1155987
1209109
1477241
4401394
4753331
2007457
1082510
4899446
755858
1453253
4903797
4830795
217396
2182566
4954477
4630666
3311083
4955188
4858853
3668476
3961601
3604378
4170859
2349468
3369714
450602
4633867
1555717
22236
1465099
3421904
1674588
1655726
1954975
2165744
1937470
1632692
2411548
4215551
2654033
217607
3912234
1109510
3264713
1668949
4944912
4637454
6875
1785887
3924257
54092
4757559
639323
2646750
4649674
4940624
3322526
3445270
1541290
3664282
4289471
767835
1639739
1691136
2383924
4919959
1984689
299364
4881728
2413350
4580000
4225623
2142928
2867706
1894591
382042
1588443
1292113
7715
5050685
3612456
4713698
4520026
2171677
593301
2504695
4802061
1789641
4917410
1765081
955217
4294941
4311153
3555555
2533452
2420485
4902384
190110
2349467
4926507
21791
2245780
2108648
2024694
4838095
4830343
1995114
4594280
1265890
620951
5067150
4257294
5032321
3002734
3905077
4087312
3703129
4970252
2755526
254670
1065898
4225030
3931718
3729997
2217686
4122643
764517
3108533
4922589
8250
5021529
5061769
2328400
1536199
4771399
1986036
4766629
5030974
3790956
5024949
4836717
4491617
1203993
1044610
5023262
5022171
672737
758460
51541
240732
1492010
109938
2581233
462112
4140397
953900
1738018
2293625
1367293
100
1644535
299316
4659807
672178
1696257
1103841
2135493
5044480
1712012
4968992
4922719
758740
3041193
4850147
3135149
3942425
3513437
34349
4091661
1717650
4893479
2245776
649370
47356
5040812
1908638
3594998
4964960
2596016
4970587
2445241
4870423
3595734
2237468
4616711
142501
3931116
1654261
4834438
2983325
4939688
5019993
3020221
3275880
4940602
2131079
4708639
4950837
4397784
2150734
1011226
53188
1728757
4997143
4808847
29563
2479479
1711276
3697445
22179
801754
22530
2754251
4906618
72585
2331417
4924355
4177928
714190
2104604
2144051
3424966
83391
4569852
3968715
3990467
3713017
82656
4987812
2354366
1153462
1034889
1529756
4872344
328400
1154153
2559903
2158085
1530820
1397879
520660
4248152
4348384
1766217
4928907
4610610
2116801
1747285
3943637
1045650
3450259
3517
318536
2731902
1710926
16721
4690058
4939058
4970889
1902624
22355
1344994
4988702
2077124
4730070
1158424
1954587
3108244
734716
4782681
2040764
488470
957827
4617328
2556534
1685459
4934105
2628691
4979329
4970203
192324
4170858
51084
1691903
1737316
674308
4243700
2779029
3241736
786553
5045932
931401
5070985
4879156
453724
4771304
4968679
483164
3808098
4980947
2316798
733755
3595251
923724
4952823
4837580
5053486
4821626
210
3437612
3101012
653603
544419
1917405
4901837
2221477
2319800
4978556
1468472
4922587
3532341
1291373
4986110
3838064
919820
5018984
4504795
1427
5012523
4768028
838936
4766006
4860556
4931242
1289863
3542
2409
4929639
3488841
4988086
2465014
4651439
3708488
3771141
5046407
3914324
4876919
847198
2285581
3741595
2337460
2054966
5034
116904
3230246
2645075
4636414
2007693
2245033
256587
1520626
1847539
1717456
2242402
19550
4881957
3390227
1656350
1410548
3962085
1588396
562560
1397878
1520652
5003262
5040237
4940959
4951988
4636458
43979
1896732
4415744
4944677
4328992
3746081
4960077
3930612
1368008
3050529
454262
2656705
652391
4397680
892807
4628387
4958656
4210413
1988434
3639116
4907589
4679942
2742958
32511
172619
2834500
34350
2317126
3661403
1016391
3093277
4835249
2339004
2088966
5028565
3983064
4462820
1004557
161902
537630
1754266
3863002
145
1479348
3387261
2444152
4901836
8249
4427462
4807851
3699
2555534
67185
24518
4636530
3145641
5029265
4912757
5030489
2456539
3386066
1828344
126
520475
1520628
1541294
1564873
1741300
4442306
4969136
5010261
38327
1828341
2139059
5013659
1840159
4808142
3950098
4946612
1948049
3472318
2624078
4603828
5021509
4872688
4248265
865102
3568784
4703018
4931419
1648324
4782682
4703329
1766624
3940357
2101476
4648140
18512
1182090
4965504
4460316
3961598
1957244
2616454
3552715
4919744
34154
5021531
4894068
1180209
3550026
4902121
1581745
1840160
4388412
2310595
4422713
4641388
1070687
1882581
3429943
5047644
486511
4852496
62995
2167714
4893029
2060303
5001499
1154151
3756074
4757077
3464812
1409614
3614514
1468470
1696413
2168938
4505721
4569853
1541044
162755
2320204
3711455
4860848
649372
3688259
2065649
3577374
4955189
1182846
828935
4967490
1429617
5023263
1583545
734434
2534559
619969
382055
4966104
3885952
2808831
22235
4672714
3684242
2223917
254866
4853903
1927717
3387321
3955067
3502983
1956842
3632609
1820965
2330648
71087
5035078
4917400
3017105
5029545
2194548
2408766
3818419
4182704
533558
1399651
4836720
3458286
4982243
1652787
3842593
5007071
4807853
1572869
4936458
4437060
2331037
87716
1819779
4495932
96766
3667644
5003008
4171391
3241737
136076
2230635
4667299
4289472
4865889
5033811
300772
5032324
4381801
4248189
3424963
3688183
1988897
36142
4577575
5012522
4950839
4797993
2419369
2372810
1536311
4738805
2494148
4454179
4951392
19402
89609
4849836
3128684
975965
1720675
4833619
2054878
3352759
1403752
115173
4325145
48097
67525
2721532
3094130
4261542
4660743
1960254
3024873
4909368
2622018
1995061
1492006
2820250
1007633
3934059
3968710
4937568
1952037
3891504
4383981
2358526
4951617
4125100
4913883
3639224
4748355
4875918
1896731
2284963
21289
1827252
2844649
3840336
5054623
1548758
1737213
1820817
3888377
4519372
4375055
5064755
2605139
1818413
4996325
2861729
2868857
458280
3838119
2582752
132685
3937920
770793
4778351
2617832
4876921
2518846
4919169
1153463
19028
4982144
1291267
5067640
1655999
4943507
2628834
84649
949120
2019427
7714
4765195
99470
4632681
4018150
4685473
141188
366143
2712912
3552264
5039972
2658863
4982127
2628158
1556734
1732281
3579444
2249136
3954706
76221
2350478
2293451
2064454
5000596
3107497
2586420
3712214
2056280
192325
4618385
2913882
4209491
3848734
192505
4728001
921858
144
1810845
516333
3429729
4893240
2283412
2170029
4874968
1628134
3280425
1807643
47329
1763587
2305810
1777056
1925408
5044092
4852728
1314101
4243
4977618
674347
4837581
4834444
4989721
4291608
899462
2163999
66359
2150738
5045934
4899097
931402
1074825
1516895
3585
1468473
4906147
1839692
4967278
4648307
4461488
2820237
2604326
2044585
605429
3293752
970140
3448459
649369
4985901
1768953
4998113
3904908
3808941
4428238
4887842
3326791
571601
3599044
96564
51382
5040814
1385921
246995
1468469
4834694
85925
2584527
3519
4953613
4294943
2296789
1826587
4966232
3762984
732622
1601346
2340213
2346066
1032282
421078
2294862
4157034
923725
4948981
4967061
1687769
3778733
4690057
5038648
1984687
4837845
3578498
932904
4971515
2820386
3048612
2627175
5053487
4953490
2334062
3649351
1917172
131867
2918688
3805646
3504090
2014471
4872418
2103429
520661
2324191
3797859
4966560
189881
3763618
36332
4829875
2246932
1911344
3448460
1182215
3966230
4463261
786891
2514778
2645665
46997
4564701
2286340
5025269
1777059
4722419
5018013
1803194
1603453
5040709
1485039
2327795
728000
4675548
19302
2231040
2116803
1035192
1627567
4215516
1108817
4997200
4924367
728870
52404
1528787
94090
1593361
784976
2555535
5072929
4610555
4952822
2256438
5024951
4906617
3763716
3457793
1394409
4397797
2620440
1587059
1819333
2310601
945107
2347276
4423834
1120184
848081
299415
2229913
1991725
2098711
2449790
1534521
1970018
5047647
1328734
314156
4873180
1378367
1315252
1438999
2596019
2316800
4768149
3473656
3986280
4166303
724928
3738934
3230248
5031774
217589
4544038
2222443
1700020
1617643
1427155
3367232
5016517
217617
2939353
4581401
786346
2221132
4711858
2060308
1968614
4584501
4335903
2679663
5062345
4980949
1597253
4816331
954881
2124420
2281647
4949697
4763668
124359
4252966
4983332
1005900
261704
4595737
3983139
3248464
635041
2609732
3560289
2680098
2221479
732785
541538
2736778
1041591
4808846
4922590
1179679
429800
2409642
1945267
4615198
1655937
4912640
2102291
1655721
507649
54480
3698070
5009205
1831086
29621
4899447
1941025
78434
2107519
4856450
934183
664387
2272673
343672
2598991
797256
3109508
1674548
640075
43736
3522
1289717
4898608
1071233
1762731
311807
1641089
801756
1230041
1984688
1189408
2319801
2163252
2005306
713703
3989289
2245770
5021527
1734751
1142960
4859316
2550599
765459
1988817
1807740
4636415
1985467
4928144
4982165
256588
184012
975164
4957983
1944490
1739831
2209202
2007495
696191
1409615
3500105
4131154
22769
1398161
437327
1211828
1870068
803404
218593
326543
3514366
1520629
167864
1051233
628755
151834
3809913
4675977
851811
4090665
22621
299507
1291324
1556677
1062352
18511
1512557
675038
3257736
4651034
1710301
1451703
639325
1488582
150363
4660102
3770157
38329
1206647
1516341
4941296
4870644
626005
29622
2989501
2099322
4999975
52793
687175
4242
3100036
259
1153464
4768026
2058833
84539
2223258
2351643
2736895
3101015
1154152
1398736
4415590
1639740
2903857
3848731
1789398
1609830
1637370
170454
1009020
3603545
2535968
2917844
2469200
1993064
3102511
3931121
1927726
1730179
2704251
2337459
4958653
4915939
4462312
952070
3133612
3102512
922359
2026862
1367258
27551
4934992
141774
1149670
1383390
5030560
468567
4412657
4836715
2813660
21238
846907
4726019
252047
979325
2569355
3595328
4936119
3641711
4789451
2425234
1227487
3912278
1801936
767837
22234
1061857
96827
2598990
4708637
3943816
971404
1316694
3855184
18510
2217685
133478
916643
4894093
983897
1569704
4248234
4552249
2559124
4598435
2634561
797257
5023261
1825773
3531020
1036133
132492
4440326
18779
2245782
1766218
1777058
902216
4827855
3939791
4928846
919819
1677545
2055166
4683863
830081
4760321
1289704
63616
1187217
1257907
1983024
3639933
1313276
116877
4923222
634271
1783727
719778
5411
1397881
489501
4864346
2275091
3746949
2961859
5045931
3241672
975505
4904506
593303
1810843
3726177
52024
3515033
68943
1711983
2431652
4170862
5054145
754323
5004076
2035291
1658036
2692111
4231892
3985592
2310345
2413347
2820243
4901838
3670855
3094771
759047
2219634
40043
2169301
1492015
169994
22328
562559
2603446
847196
239260
3424964
70057
852463
2924786
1179680
2063004
3108176
5022900
4513591
4918114
975516
1846054
3239866
1351693
2585042
22023
144738
78017
5032319
4641393
2244186
2202822
1555810
3708587
1869934
4111434
670881
4853830
1167564
149940
1655882
722350
4248263
2662547
4928142
4564440
1489403
10757
1379203
1451983
644947
1985466
86442
458173
710969
51082
1741038
484994
879013
190507
1592916
2183438
4030169
123183
254877
3914049
1731978
1822428
4998107
2054964
4603641
89289
4375054
329307
678669
3606262
5062505
4808848
4176610
378506
4923775
966134
5061761
1028441
2223322
1699349
2250833
2471869
314587
841464
46968
1896734
989697
1192397
1735075
898407
1015455
4206169
1754329
923723
4888927
943987
98874
921998
326542
2060307
1072455
1621006
1002370
926338
3501994
563020
958155
22277
4756866
585933
1035059
933647
166754
909309
52744
217789
4963267
131868
2637948
5039423
738978
329480
218287
318537
2719427
1696042
1426592
732686
843832
1780725
514744
121926
128132
53016
3519719
638175
4922588
785907
3248851
2766222
636655
1959808
1228325
3133613
2562876
2555533
143314
409530
536977
532859
804927
486510
84317
221364
3241735
217627
4876679
3168662
1018221
476031
133847
299510
140562
1696314
948694
597857
2468866
2054968
592737
114678
3745418
2419372
611931
4288226
927754
1029307
922357
4352887
991707
244704
5005277
190372
926585
2039236
4440325
291372
1456314
437329
2263836
1367845
1315101
586767
593827
486680
538573
34136
261482
577005
882614
2881024
458674
966308
3668261
1375399
979324
1331685
924539
900767
791264
1528788
2041972
463125
2346460
25162
47326
1012836
1031483
2939351
1181187
640069
124733
132575
1468468
525103
487555
1537120
835538
1503914
1055979
1033476
4786970
167409
1639735
955216
1074709
989899
2231839
953393
2199229
4768029
1734749
60666
82784
1865344
735354
1215537
4675618
1354842
146395
2389969
556179
803401
85977
2202413
97680
1070793
366139
1182212
313331
10460
312545
2449783
1071273
814436
2963216
29033
51308
208643
609691
1071071
155912
1846053
696424
824538
1149619
957861
111945
352140
4961959
4571854
4685806
256586
3516
305579
733751
4843561
1110827
1136505
1040649
350512
556633
4231891
192504
976316
1070831
919818
767836
417238
3354033
946294
3101014
1714573
488055
672199
1605141
3367240
1562727
649371
1154150
4904328
77006
1565055
1134237
1180148
663818
73984
1396048
3913723
2303916
932936
525538
222477
260838
917062
1037132
1269345
2703601
951538
1383386
3914046
1416792
741358
653602
1846447
1564643
2325387
1864883
2477451
343673
1179678
3939790
1291505
1811434
107409
1534522
4890142
170087
995158
5015576
1153461
1229603
4532648
593305
1020507
352144
2121167
192323
32934
899533
760464
2337458
3720104
382293
1256874
785901
1892253
795627
445515
1362413
1379327
94094
391998
4904036
1230040
4919546
1655718
1828834
1854032
932935
2463985
1055980
764297
3026898
4047799
401345
4059156
2044338
2299512
1315116
1841188
965549
3338791
1492007
3656603
5030426
1818428
53229
2668755
2826230
3708312
2941386
1569304
737166
6097
449297
4044653
1537214
1351114
511046
3233265
722514
4790484
1289605
2198640
2017880
417503
4267100
741477
2627178
924414
1124616
3888382
612871
2919032
1715165
3332590
2777125
4027428
2507884
655679
959426
1681360
1400686
2689633
4097519
4648374
1907045
2352279
1926958
1758255
1355829
3034391
999566
1759915
3315351
2410948
2279621
1137879
1879801
1925409
2831362
1629635
1971660
1675830
1979409
2248980
47970
1950290
2136959
1730657
946962
1008998
623699
1397854
2544354
2245773
3499015
1210471
1084742
1978833
4323073
1971326
637549
2234162
1997307
2230498
2179629
1923476
3690388
1692395
2330482
3266252
2628165
3132824
2195728
1635233
1626300
839569
1702281
1605108
2553777
2595876
1761422
3238282
1414928
2258368
3040791
1743443
4715431
1935389
1704794
905800
1395942
2094683
3683483
3196470
1227265
113897
1849131
Total scores: 3869
Average score: 147175.94
SSH: 1861, SH: 468, SS: 34, S: 252, A: 959, B: 202, C: 78, D: 15
