4897206
2382377
2689931
4985511
4480795
2403677
4436738
4792013
1949106
1923214
2460718
4113363
2209202
4851922
3322168
4760930
4176938
4541862
4543721
2079597
4435685
2201145
3854743
4055410
2898419
1816243
4177434
1148905
4197563
3802844
1860169
2843965
1366917
2444276
2318117
1313029
2743756
2556199
3147541
4408758
1808605
3849847
4244680
1083470
2319171
3284709
4605491
4985596
3700073
4134856
4914437
4425879
4187053
3927904
1711307
4228703
2487880
2365752
1677545
861415
888010
3012582
3415914
988726
3070066
3517482
4246671
1849580
611931
4866452
2573914
4401663
1064976
2280910
2801009
1582287
1385964
3313127
4392936
2179629
3185724
4093216
927754
1935845
4140323
1846270
3926086
2189162
2024506
2323911
4690175
2176404
2078195
3658660
2187211
1199955
4693135
4272569
4298815
3697682
2314336
1459488
1241370
1350927
1997892
1125406
2321562
3823798
3967023
2677343
2046445
3707952
4591775
3040104
2240526
4795709
2863658
4189841
3093271
2775397
4889905
2451189
4518871
2671379
4303991
1385398
2202603
915210
4761861
4351425
4321781
4704854
4916330
4452319
4224418
1302583
1630164
2049247
4710115
2331169
3773772
1044728
4992898
1768802
2153648
2383590
1067513
4167879
3220698
2670208
3265469
1279361
3627858
2249387
2257346
3104339
1911588
2624331
3658332
1990718
4471539
2279621
2633231
4644712
2326754
3128003
4143861
2470194
3038997
2535650
2622988
4027448
4533542
3135149
1124268
1861487
2659724
2064453
4857362
4640775
4059970
4784164
3273140
4309247
3405760
3680348
2267564
4199237
4569104
3901232
2796126
4468621
3881448
4861513
4694276
1150868
2278930
4583491
3509293
4468528
1600283
1451282
4575086
1180676
2004799
3379344
2708949
4736827
2732387
1995061
1563000
2677494
3149030
2786058
2495792
4860510
3688094
4205425
4275452
3145600
4598620
1655981
2677019
1274573
3306465
2301351
3614514
2335100
1041481
2082725
943415
4135160
1811722
1677789
4287878
2660294
1594426
1838426
4805706
3655971
4176647
2854691
3119369
4027058
4804326
2574090
2628691
2049467
2570403
369349
2128030
2315558
4528224
3397860
4855256
2059822
3272740
2041050
3707958
3814186
4134502
1210660
1353480
4303783
4561659
4742940
1451703
3034593
4319071
1754777
2274874
2510998
1583147
4783641
1631588
3019859
2995944
3093269
2987243
1845585
2185824
1892257
2486881
2615297
1492911
2182100
4321070
3668020
3365585
4914208
745360
4429699
2590221
1816571
3691456
4831128
3062908
4764929
364532
4323259
2684033
3357805
2521259
2599504
4870470
4546446
3438148
2964438
1286697
2058788
2069841
4698084
1942387
1709022
2785254
3752975
3070111
2469345
4415495
5130559
4861281
4373118
1872396
2457532
4248725
3054701
1746902
1836593
2169346
1895604
4134503
1842675
2562794
1746492
1701404
1306448
3582938
2428358
1826941
4692009
3071981
3926567
2324906
1714882
1392757
3173880
2099491
4160827
2546607
2559938
3205990
2677191
1701775
2632230
3604997
2484994
4246295
4571865
3708195
4790484
2958102
1344602
3466914
2628955
2629595
2237579
4402860
3057801
2663986
3238447
3579281
4689249
1776723
1695382
3037642
2951013
3493411
683970
3001532
2791233
2589292
2117909
2629589
1013839
3221833
2514739
3869560
2935781
3782349
3460680
4559341
2731892
2901666
4840247
3313094
3206007
2781369
2544136
1782795
1021579
2364135
2466406
3304843
2599450
4859703
3636156
2102274
2368880
4517806
1186901
1817548
3010986
3782929
2667802
4583712
3240784
4729338
3074108
1482948
1843481
3765522
4728369
3879889
1644535
1961233
1919312
4238673
3577374
4321803
1537817
2315504
3820910
2164997
917129
4532648
2300083
2962915
1772262
2914646
1936713
2034654
3405683
1918978
2641556
2574259
3884667
1042794
1580084
4291608
4935286
4973473
4610836
869222
2657557
680689
3322635
1805627
2895495
3058489
1860991
2241579
1660820
3468557
4193498
2129143
2799357
966920
4310021
2597020
4520249
4085207
3819203
1377588
1231616
4888994
795627
2556724
1690355
4001494
1407152
4276045
2304622
1943046
828214
1706210
4566959
1341646
2597616
4970278
4274637
1514256
2502643
1435459
3566847
4309379
806325
2485438
821785
4985768
4783688
1296370
4570949
2608130
1299050
3737266
1895602
3518450
1946507
837567
2037761
2524196
1110827
3117154
1213856
3650854
4305331
3656605
1793625
4302998
2020385
4116266
1627148
1010596
2750832
1871842
4867760
3691317
3874133
2095803
4216090
2818772
3594959
4901709
1736571
1988899
879062
3976192
970331
652234
2610039
2354761
1893461
2630406
3591213
1134237
4664151
2460779
1911308
3022072
4972441
774965
1142884
3554093
1816113
690982
4236385
2022718
3623520
1782802
1332018
2117268
4685718
479812
2282512
3982549
2796473
1679667
4472749
4522470
4831429
2932830
1828400
1860524
1890412
2660646
1365772
1414282
4200460
2625911
1737326
3796494
1704794
1983406
3349882
2134458
2452860
1828346
4856302
4923469
3905645
4806611
4737409
875739
1031991
816327
2824441
2615210
1850409
725718
3097443
3374928
3369714
4953658
3625849
3712078
1869933
4728992
978213
3692895
2331367
1589931
2497064
2725403
1718183
1890062
4921406
3733949
1208664
4634744
1358921
4493700
2518847
3645144
3104522
2794099
1709121
4422803
2245774
2103968
3773045
2278525
801303
2021776
3962898
1920872
1369375
4078685
3609496
2107519
1813857
4697334
2512990
1941064
2315560
2237466
3903219
2802630
4767183
2234883
1968283
2964230
2789938
2399767
1419243
2575008
2360153
784369
3789556
4777956
3257722
2303916
1955170
2540399
2685873
3301849
4764930
2874408
2109120
1646193
3030766
804164
1315479
1462224
1405991
1226524
4387937
2245772
1217417
2990619
1593724
2200807
2201460
1491800
1776628
990527
1849273
2703055
1108593
3230981
1860433
1157868
2127199
2711426
2367340
4462023
4610119
849199
660593
4884240
702412
2404778
3203760
2685918
3644156
880496
2423610
900957
2813781
2596015
2474574
172662
4715391
1286726
4049497
2169525
561335
4895970
2326091
1968445
1181761
2448565
3066331
3474387
2468866
3018109
4059151
3564437
878369
1603635
1563135
1782046
2495917
1476606
4452452
3597185
2496720
3843928
2570037
1121616
3751096
837604
2933746
2192267
4528380
2128293
1612465
1820817
2330357
2267264
326864
831241
2343932
3073983
4193382
2565674
2681192
1214421
4291753
1969946
1569153
2815870
2729594
2909944
1985735
2122460
3729849
2803459
2233600
2963216
4108340
1881615
3019409
1694935
2226722
5043508
2118444
3301339
1909555
3093274
4424045
2553242
2443190
3411122
2389623
2189687
2032535
4255801
4374452
929999
3465034
3746239
924759
1371397
3887983
2033294
1626537
1251181
2753891
2444148
2622787
2710948
4631489
2634649
2303557
2361328
4129168
1713228
4114488
4163899
3056420
2281045
2083676
2014389
3006996
4345352
2097426
4648563
3363659
4255312
2852070
2457519
4321000
4987241
2097898
4908291
2731921
3257742
1903809
1172819
4599668
4028888
2565986
1219310
2310700
2379656
2377917
2269544
3585851
2222070
1944778
1988753
2660053
3034391
1690353
3195618
4921405
2589997
4519332
898106
4009159
4070109
3299312
2166311
2410945
767774
2229349
1166448
1504903
722844
1843653
2025942
1131424
2655355
1162425
3380022
1886838
1056202
1651290
4029403
1400414
905745
2496318
3337690
555797
2737141
2034057
724015
3931877
1566024
2102287
2181195
2543707
2496646
728870
4659247
2325387
1643106
1915340
1902818
1083052
1363026
4294727
1761422
816600
2988681
4818450
4499311
1862525
2336731
2809073
4791387
3449740
2437233
1610745
2254763
848159
1802456
2654458
4252607
2701095
256027
633993
3078877
4044924
1941208
4950140
1855195
1989332
1816073
1171193
1604310
1142669
2627968
4272985
2964222
3023414
3595734
4127115
2050696
1028733
4655728
883670
1055147
3946158
2330438
2204626
3972386
2406120
2477510
2045979
4327708
1158325
2218881
3578634
4549301
705091
1489207
4475543
2385573
4682959
1616369
2168768
2853913
2260493
4239975
2390161
2069999
4669413
4721743
4214499
4668371
4844348
894744
2417917
978026
2063893
1768904
3638672
658127
1646483
2296022
2367231
2354378
422328
1126915
2235465
3802617
2360637
2715815
4549062
1573320
1969005
807074
974352
2346624
3050529
2829376
4683658
1559179
1015966
2860521
133938
3008842
4415584
1118614
4225083
1844417
544419
2602336
4444067
4690966
2518845
3802259
1261879
1473296
1679789
2737173
4186804
3345193
2696829
2540771
4855526
2176046
3459995
2692144
2528118
1600415
2044366
2523668
1692635
2543190
845378
2923026
1570203
880321
462736
129891
1810150
2509953
3238236
2847847
4917412
2298847
1836772
2628166
2105251
3615451
3309668
3013996
1551135
2301107
764082
4142643
1409923
3032515
4530677
4047519
3858633
2328679
4028364
4047799
3793495
1774124
1029307
2503284
2014469
2937353
1414928
2619459
2530810
762207
2281078
2335542
1401254
2222845
3789345
1261191
3462322
2025205
2659911
1544643
550235
3172010
2728092
1402392
2248790
918819
1961271
433005
1599393
2779000
2044362
2245783
4065297
864446
1681634
1970829
964941
2450838
2569254
4822475
1804553
4093245
1200272
2735748
3300948
4145693
2077273
2540962
1204537
848161
2679663
4690015
1454845
2507884
1724319
1785659
2502692
1258579
1819898
2987588
655686
4931905
1111493
2294643
1115737
3290202
2173055
4638742
2521210
2266572
4719395
3911766
1388399
1944926
3627294
901854
3551877
2654506
787307
1760666
1227359
1529189
2115829
2444149
1943817
3040107
525278
2321980
1642274
3240001
1569904
2142744
2345714
2227344
1804279
1309256
2870806
3295903
4276792
1535180
3620693
983609
591347
3466822
3029279
1877419
1412805
828242
2187303
1890216
2861378
4822331
2729836
1396342
881123
1997307
1603081
2628159
2069833
2369202
2315274
2249401
1200757
1765587
4046281
2987383
1659421
1541907
1911333
2026764
3707946
777074
902888
3791668
1749322
1728493
1483372
3400712
3700995
3090137
3127889
1702971
2097124
2078788
3868386
1029255
715044
2246659
1537566
2658147
2719305
3710758
2249059
761868
3688439
2098783
3020314
3156257
1975370
839569
2132119
1193339
891542
2046106
738980
1229400
2269279
2303231
1259155
1410549
1692260
2548684
3745820
4053803
2639521
4486136
308917
4460274
4059156
1974981
3906726
1495848
2004385
2964220
1129193
2496721
2035949
2075268
1762425
1915416
931791
3872951
4124528
1669990
1066243
782882
1302271
3257369
2586420
104229
1962676
1155062
1518125
2531904
958038
93842
1587275
2132924
1869619
1900535
789765
2211018
970048
2132775
2699196
3995168
2135493
2478408
898576
4768489
1380717
1262832
1952177
1353828
2044485
4393670
2100940
4932143
3377513
2774742
221777
1951721
2409643
1977960
2726346
2449792
3934310
131891
2351094
1968674
1764213
1215688
966160
3097451
547566
1993418
887621
5010080
1142960
2958956
2712463
3294694
942085
890190
1895607
1027692
1565884
1482959
3392208
1954900
1729283
4695614
2210170
1889232
785904
718643
3912664
2014387
1725588
2099567
1484776
1813910
1743616
1632332
1349312
1886839
4557010
3752290
1893432
175693
3753674
4550418
1125665
2116146
2574880
791274
844103
1492654
1531196
2585550
4947145
2657558
2112898
2104881
850964
1141084
4078148
2439848
2168419
1236211
3155346
989244
3613647
3565576
1865075
465543
3081766
3229091
1597247
2128895
2306594
3470687
1826438
1123759
1640330
4681130
2601508
1822108
1127840
1436138
1003013
1670874
1373950
3403124
3572698
1784600
1754266
513672
3854204
252836
2419085
1106276
111680
4468387
4048208
2477069
1656727
2223893
2834752
4189842
2316176
2191785
2102292
889632
1114721
926644
4316941
1256809
2359099
2008748
2731466
3218312
1314186
2075548
1945175
3116336
2005910
3693390
1185036
1011144
1033002
1609688
3564083
2791350
2111505
1286241
2449729
843996
2682467
1095418
2022237
1988320
1809151
2254470
4875625
4322403
2222880
3337289
1001682
252238
914220
930307
999064
1621319
3645482
2453042
1073279
2090844
1258642
1047758
1657917
2121051
2384875
2594347
2231831
673101
1872989
1075797
1121504
2242173
2256387
2514777
3322065
2196289
1577751
4059149
677903
4775989
4829677
1298486
2108648
945157
3470114
2245478
2156842
1627860
1128411
3992687
862088
1816315
2653213
757067
3908671
2596018
4783765
2379756
2413242
1983358
1899011
1097543
1219592
1406011
1740159
3108587
3515714
1115844
2183646
4793648
1655728
2993246
4056699
3078717
2829681
4460277
649184
839947
960875
106965
146957
3358972
954692
1498774
2200805
1752315
2488047
1679794
1303844
1137173
2298473
289704
1029562
3443974
4754028
2719427
2603845
3697747
1299942
2961859
643607
3754404
1927666
1951034
1702984
2205164
3896659
3081319
2342739
1061972
2257445
1545707
4156714
3246922
1095855
2101630
1952037
4008303
4784320
2168425
21010
1837666
2844963
2272898
741870
1618424
2849485
870707
2463764
4330418
122566
3862594
1848919
1103732
2156318
3194930
2804276
2129555
1696136
2419371
1294709
4136188
3089375
668460
4630822
4414192
2514909
827294
1613811
1971822
1294402
3041193
2057057
4111778
1949196
1561394
3389989
1702172
1121860
910147
1059894
2976611
1783725
2061194
1145119
2670759
240488
4098179
437139
318340
1363365
3467317
4353220
2444151
888383
1230854
1286225
1746034
4756087
2718124
3033142
1242897
1039801
196977
3120531
1601387
820080
1348658
2441441
740040
1341959
1546425
2586884
1413077
3285233
1679799
3564378
2933892
4464154
161787
1728103
4283907
1863228
339640
1027361
1866555
861164
2250747
687303
2268730
1509693
3151808
2075545
2255709
1146443
4112173
2273031
1474956
1544460
338682
2184521
1517511
74684
4883679
2992705
1717644
2006468
1915794
1351114
2712688
2541870
2095314
2918249
1899100
2034429
940378
1350200
3265082
623699
2016168
791264
2899404
1715917
1265017
4913570
2567141
3236300
2833785
2192665
4917898
3647431
2586018
1827864
1234480
4943431
2097562
804683
1822225
2289083
1119026
2504695
4198445
2759110
1163867
887059
36965
51907
2468315
1968436
2063029
4412721
1675840
1612453
3443569
4059153
2706393
3031011
1778560
2149131
2003632
881313
714001
2479479
1008998
2299512
1228909
1923476
875557
2061081
2844649
690461
1583277
3843161
1063867
869197
915675
2640882
3873015
1846898
1452457
1132240
4017839
2829357
1794074
95202
2338617
3970329
1042623
1307320
4915912
2655718
2384193
1787848
2471823
2201307
1926301
4424324
464294
925613
2364004
2528860
1576337
1635388
1158040
2495787
2328680
4342891
983680
1358299
3931045
1946834
1141858
1401231
3582418
1383988
2628834
2781571
4001454
1714634
2624908
4099819
1401984
1877363
4888163
2133576
1807735
434438
134563
1076862
2808871
2060304
1926958
2200809
3564221
3217551
2971241
226605
1865037
4009220
2307722
2719372
949234
4610121
2305009
174195
1555717
924414
756423
2504927
1773386
1408449
114635
1949561
3030240
2570165
1584957
1551874
1839479
2081395
2009295
2010808
2351033
4225030
2668755
2589321
1185260
129407
2906054
1786958
663725
1356795
4585194
3970526
2927180
914578
1425353
1116405
2044338
3093275
2555405
4014426
2061247
4657226
2236734
1072460
187994
812161
2388297
2459903
1938974
1592916
1620144
2699135
718620
4733327
820944
4060642
1410548
3822978
693312
675330
358682
1754868
890911
2222887
5015154
2554676
3242265
2578464
2113754
2826230
1610022
2239073
4376495
4915911
2360072
1306992
234412
3825863
2731312
2813660
3688729
2084545
1444063
2012009
2338618
58286
4665758
1163937
2625175
220231
1839222
3549213
2485595
2133274
628343
1399651
2739798
1524103
2964221
4411233
3669775
3107506
2348896
2223077
3751460
1692395
4059162
2290441
2180369
83198
4839816
1905558
2610193
1733305
4172057
1875444
1570798
4867757
2097855
4059155
2567564
3717906
2333176
2332178
429800
1665829
2516229
3488458
3401004
4186705
2284947
4414277
307420
1976136
4915906
3239382
1082260
4852491
2563946
1660682
1932597
3534671
3940504
1818428
3352759
1397854
1703420
1848882
2077121
660247
1644670
129847
4048545
1933112
2596789
33535
275250
1483398
2084319
3688687
3704761
3758766
3492582
1524241
944864
2183215
580907
1255495
927487
4544892
3010804
4568304
3996216
1706407
2573493
4208733
2404675
3305281
1182462
3841003
1943749
1954597
2113851
1414506
70050
3345795
4978004
1731978
4131111
1636879
3333255
2719326
1264503
3530608
2549390
342075
3969490
2458212
2809623
3405631
2060211
1528368
891757
2693244
2233436
1420671
3152325
2504205
1925409
4610114
3188920
3076066
1494828
1795090
19154
1623285
1907826
3533482
2519886
2004892
1231400
2939407
4180630
2015527
1331610
2897463
3591908
4174332
3500105
2708946
4672863
4186244
4559851
2054191
18176
1870068
2842174
902259
2640834
1784007
3234280
2034096
3340195
2839767
3712677
1513195
4129169
668662
1457148
2684338
3873445
722514
3387202
2300175
4610117
965359
3233265
2150079
2347706
1592913
3238282
2710014
1113332
4166238
2568256
670881
888621
2848300
2061192
3578631
2495251
3963274
2986935
1892253
2340907
1515526
2552046
2197185
1649989
1194232
3101174
3759944
2537499
2198640
4261759
2264767
265595
3467954
2621336
3653442
4182613
1674139
1636104
2630685
452508
4791561
2063419
4610112
1702581
3148234
2084862
4019294
4675618
3794131
1092392
4404049
2277236
1692769
3132824
3041566
2431786
3064687
4303784
342074
553131
4029682
1629635
4230920
2200124
3709823
2451494
2577747
770646
1468467
3444967
3102206
3655780
4618179
2076784
2952114
3945419
1243461
4020054
932432
2981456
1137879
1623025
4841799
2200811
1770626
3226259
3506297
1028537
2844456
3614900
113897
2223833
2149716
3266252
1481747
1481149
1829131
3757538
3784851
4876257
2221441
2085384
3082601
1801873
1762937
1219647
Total scores: 2141
Average score: 329012.64
SSH: 9, SH: 115, SS: 34, S: 226, A: 1459, B: 202, C: 72, D: 24
