1909555
1075797
828242
1350927
1162425
2168419
2574259
2843965
2238881
2064453
1935845
1385398
1816243
762207
1697643
1956730
1141858
1546425
104229
2179629
1811722
1805627
1241370
915210
1828346
888010
1527747
1210660
1938974
1527884
1551874
1911588
899732
988726
1519863
790048
1860433
1892257
2058087
1895603
2088427
2099491
1655981
2004799
1226524
1008998
2084862
933875
1199955
1369375
2278930
1690353
3745820
959426
3001532
1083470
887059
1158325
1097891
1850409
1289675
1911308
2069841
658127
901854
1955170
2013012
2606069
1614477
1315468
1711307
1270000
1701404
1890412
1816073
1489207
1402392
1406420
1605598
1487213
1114132
1826438
1075001
2021776
1822108
2469345
769590
1073279
1919312
1090928
2562794
1874508
1451282
2034654
1159687
1642274
1064909
1039869
1895604
776951
2241579
1754777
2484994
2128030
2410948
1860169
2317127
1537566
1056207
2486948
1073277
1770623
2026320
1317992
1737326
1024480
1872396
1829131
1056562
2041050
714001
1062394
1530057
1627148
1115737
1836593
2049247
1849273
1770368
1028733
1918978
1125784
960875
1759814
1160996
1632339
1944926
1725588
1435459
783860
902048
1922277
1570203
1895605
2189687
1125665
1971660
861381
1591616
1571976
1869933
1895607
2241580
1158434
2129143
1969946
2035291
917129
872110
2185824
1544408
2279621
3030240
2559938
1657952
1142884
1129193
1565884
1353480
1541853
2545604
1668949
1636104
1838427
2068681
1695382
2127114
816600
1895606
2444148
1876741
1690355
1663107
2200805
2189162
2017880
1319547
1281115
1860991
1828342
1925409
1649528
1353828
2338610
1879954
3040104
1807642
986943
1829895
1738018
2034057
970331
1009097
1843481
1656000
3396147
1191920
1977528
1343383
1983406
1948378
1768904
1989857
1980173
1410548
1758255
1626537
1474795
902259
1027560
1755497
1451004
1571309
1157717
1289927
978213
994495
1736329
2404778
1018776
1808741
2082725
2164997
1075011
771496
1787941
1556943
2485438
1358921
1554502
1619555
1258642
614323
1811527
803199
1857519
2246654
1675085
1264831
1649842
2033294
2788498
1183255
2264767
1069949
2118444
2097898
660593
1852572
2328680
795810
2058288
1736333
1607736
1949675
1861487
1231616
1118614
2330482
1264503
1392757
891867
2468866
2559126
1377588
1395942
1829925
1287350
684163
2022204
791264
2083422
1071424
1876815
2059892
2461848
1354657
1849433
2066867
2034983
2149819
1706210
1596706
2620911
3010178
1895602
2058788
2545437
342074
1647338
2184542
1047919
1332240
2044362
2274013
133938
2022718
1610746
1807735
735272
2096102
1816571
894090
1843589
1840044
953586
1718671
2480927
1144515
1515526
1912276
1019570
2257346
2196278
1432041
784791
679779
509510
652234
1749322
1827616
1003204
1551135
1587275
1982645
2112908
1563445
1520550
2445438
657509
999944
1788628
1635388
2149821
1630565
1936782
820619
1763013
2318887
2231704
1649989
2169301
1968283
1859166
1450423
1986409
2102287
1621319
1591892
1348191
803828
1678956
256027
1623285
2324863
1563453
3257742
3400712
725718
2125391
1661477
1827324
467689
1820921
1473301
927487
1495498
1949715
1095152
1557181
2009788
774965
1945555
898106
2077126
1095854
3071981
1654579
1844239
2040582
1769144
2149446
1031604
2938751
1484776
1881837
1582339
3716484
1510355
958176
462736
2237466
2518847
1988911
1148052
1610745
1790104
129891
1029562
1649064
1695991
1026787
1630299
1611276
975517
1714634
1784189
1736332
1097543
1691294
795627
1843653
1289606
1354778
2338623
2202603
1814264
801158
1836484
1814494
1438917
2167881
1699366
1816320
1351722
1612329
1917082
2200063
881313
1392499
1083052
2356514
1328177
1658400
1640330
1724319
2008344
2149816
1354319
1720423
1855801
1007699
1474956
1598674
954254
1992711
1312156
805855
905745
951053
1013839
1307291
2245774
2058789
1932446
2149814
822553
1494828
1415441
1827558
1640723
1501472
1055147
1752315
1927541
676172
768454
1118311
2118440
954692
547598
2121051
1566064
2115117
1790044
1500645
1494944
1092364
1783812
980431
1580814
622407
1207223
1822957
3320563
1893432
2042323
1854022
1818428
2351580
1219511
1181761
1100327
1366185
1502698
945660
2078961
707187
3568573
1419403
1860435
1595191
1706834
1995244
3976121
736214
1659421
2231831
1791339
2131079
1621068
1300413
949508
467821
338682
1083816
850854
2200809
2268036
1508874
2245772
2200806
2596015
2338619
1155085
2485565
2467910
736215
930249
142954
1209160
730865
2194297
2976489
1941499
1046339
1289705
1951733
318340
1983456
1984889
2823539
1320292
3552451
580941
1770619
976008
2790397
2112898
1692944
2149822
1706017
1668035
1972480
948540
948198
1965348
1370029
1053232
1816648
1289926
1070249
2052148
1742483
2618934
1893606
2195737
834589
734769
816327
1938392
1979344
1969253
1768240
1352342
1627157
1952177
3591067
2131813
1076862
1385532
1968445
1041727
1657951
1640362
1650442
768358
1902624
2195530
715637
1027065
1874119
1370802
422328
1602802
1679667
969681
713867
1392442
1236211
2522353
1981142
2360153
1766216
1954858
1955867
1277926
2179560
2485259
1512368
1575480
1993380
794670
845118
1593573
1286241
1868131
759316
1995114
2329703
129847
1762429
4968530
1743999
2189653
1413113
1643270
1952037
2168768
1165105
1628503
724015
2951375
462700
2329704
1909553
959406
1819898
1637380
1968836
818304
2285719
3149845
1915794
1572198
785904
1249389
1431582
1706189
1449416
1623892
2191143
1672250
2153405
804164
2121230
1836354
1947968
994940
69129
1041481
657917
970048
2149823
2057577
1828136
2483625
733432
2382711
970204
867819
1762431
1571448
1963713
1003944
1764213
1071369
2250747
1217417
1345676
1967947
1053415
1575620
1730889
1768802
1655643
2049074
865344
1848919
1378285
1556336
308917
1324208
888305
2076538
1995061
1893431
1015113
725908
1069111
1882794
1911333
1157868
1365637
1279815
1796420
1692395
965040
965549
1726994
1665526
1688332
1980287
480599
1879801
1132846
2609731
1658474
1057509
1949083
1519160
1933561
1843607
2564638
2754196
2640144
2025942
1963682
1860434
1044610
1366190
1355247
1231936
1830635
1963403
1667486
1479410
1658399
1393008
1828341
1609251
2105741
1937552
1614421
2134895
1686499
1795805
1865366
1826561
1306398
975549
2360394
1027195
1859841
1341959
1073964
1737169
1582674
1654383
1468912
146957
1975033
1511724
1081936
1027973
1164988
1710926
2419195
1714637
1799197
574107
2434035
3081597
807302
96684
1344602
926644
1594727
3105314
1848803
1273685
1620144
2606925
1569904
1501840
1831032
867747
1078421
1804040
434913
1983024
876708
1639177
1888008
1973410
1054503
1177094
2024637
1186901
1619561
1278444
1296305
879160
1523011
1827323
721995
132043
1401861
1371599
1451053
1803069
3109997
898597
1274573
1127861
2336252
1354842
506520
2089680
1810150
714190
761641
2234808
1929567
1728493
786867
1051486
2465106
2133943
1988753
2265685
757664
822651
1046830
1126915
2227698
2017555
1454987
2329710
1039163
1490581
459845
1187393
680689
2282512
1246090
2485439
1351114
1074806
2457519
738063
1185036
843597
1405981
1652253
1475722
1400687
1589607
2677188
2045979
893696
1703420
1969005
2112900
1329273
1876015
1026666
1705675
1073278
506357
988684
1166448
1289755
2428752
808848
2347706
1116645
2664317
1645698
1989332
1474012
1675837
1281383
1500990
1524103
2182100
1898137
3563444
1693184
1313431
1295253
1807736
889632
2134194
1619564
848159
1969637
555797
1541293
951778
2104361
814293
1630904
2457075
2004425
1396915
1991379
1668496
1030374
2206954
839947
1263323
900631
2304140
514516
2469346
857624
2599455
1681634
468714
1113332
1595156
1938324
1897577
1058995
1576936
1777804
794894
3261566
3570177
696225
552068
891293
752980
4644689
1219126
1199852
2014469
1702984
910147
1204502
1547747
978026
2379656
1341646
1046775
1764226
1962335
1700275
1658821
1503657
2112899
2460926
1454622
938174
1983405
1687908
2320949
502414
1039164
1117448
1862525
1561529
1199949
2046445
1126228
1566387
1578185
1148303
890911
1691089
2067859
2276210
680875
1571141
1862002
635865
1460972
1185330
2628166
1594713
2332966
2587226
843155
2329711
1843236
877625
839569
2332024
1400195
1458242
2317953
1309290
1767768
2024002
677907
784977
679071
823873
1354260
1453846
1893439
2060305
1287292
1990541
1401254
1454845
1402538
1055880
837604
1599266
1442846
2014567
380646
1541288
1311904
752633
1015266
2455484
821201
1029307
1799638
1803401
1009848
1262832
979155
1714083
2201824
2281727
1372542
775074
2194284
3102022
1321823
1042342
1628131
768453
1595304
1417513
1097182
2149131
1843086
2059455
716176
2039778
2176424
1506794
1734403
1019417
1365213
1765587
1358299
1836274
1059388
1608832
1271007
178645
2620910
962979
725198
1731701
1676851
1309612
1869935
1508535
1243791
679131
172662
1909552
2200807
1476582
1584957
2820219
900957
1828343
1707994
867055
1071438
785897
1365772
2352495
2118443
683970
2027911
1474947
1658615
1911078
1642496
813164
617825
2103101
2719326
1536928
1257723
2027927
1262433
1648505
1452709
974352
806376
1400414
1456771
1415439
1662552
1349765
784369
2779000
880761
418762
1192895
625323
738585
437139
1266164
3553951
780914
1862269
684970
891762
2328679
1720903
1361273
1758872
699318
1382035
664265
1584604
89171
1659691
869197
1461892
1623025
2059888
784249
1684824
1356243
873919
1978495
1316268
1125647
821785
1969096
1218649
239037
1246395
846019
1603085
1661491
1648966
1627870
1694521
2789777
1174467
1754266
1127541
964269
1701539
2037502
2050696
1858652
1889232
767203
1813910
1246807
2177340
1702072
845391
47152
1930099
821525
969686
2167382
1846447
869222
1418911
1252078
1582471
951701
2302674
450602
1907933
785899
1526245
2505545
1454085
1898297
973046
1873090
85550
1859185
211889
1623883
1640115
830322
1599269
1321492
1711684
192508
454449
495899
1092646
1636565
741853
785960
929999
803418
2017799
798853
638493
1619338
203906
1378899
1424660
1909554
1911334
2679663
1838426
457061
1023307
824242
2097992
1524104
1838662
781213
1962182
1483766
1113246
1133290
1534523
877899
1759915
1300513
983680
1829998
1659962
1691086
2267564
1991882
1916878
1934864
958098
1969095
2096051
1028954
2096053
145070
1383154
1242790
757003
1077876
1709022
3098727
1531547
850744
1031602
1514465
839711
1397837
306520
2048477
1016169
2151745
1549349
2017352
1367309
1863235
1406267
1794074
1859282
1468467
878369
1259155
1401283
1741062
2295253
1124269
2869288
131891
1092970
1358268
1563135
1601963
1675839
1485333
1521305
2329705
1256806
1513230
1793625
2580634
484661
2099567
1291657
1349766
1683474
2176046
1074894
674349
2820255
1979226
3238173
1462875
2149447
1059894
2048026
1988963
196977
927754
2610170
1480366
1225317
2340852
1229702
2820225
1385399
1657612
1509460
1100939
1397951
1264763
1281081
367175
1182462
1790200
1444374
1115844
1538272
1715917
1973805
1359325
912625
1176565
1940689
1988748
1365253
2820242
1155984
2132775
1008850
2820209
1259280
1021421
892853
1087428
1571863
731966
1019311
1215688
1461697
3111990
1725906
3595377
1406907
2088272
1229631
1938318
2149815
2820218
1258156
1183569
1584261
471079
1490978
1330566
1991349
1174377
345189
1480920
2249551
738980
815071
3834882
1791152
1601284
1642169
1824271
1576937
1523707
3561624
1699159
111439
1255789
956502
381251
784411
1356233
2132924
2820253
853412
1454089
1598473
883670
1797363
1594009
3118961
1224754
1513223
1869619
2820216
1574003
1345670
2112906
3676164
2011555
1643380
1415168
1414928
1416966
1704984
2463764
1393711
1388622
1572100
1631290
2820229
717133
1106276
1656870
1896735
18170
1639738
895997
1075593
42838
1709154
2820208
1839532
1799101
1348658
1454087
1605533
1181042
1343515
880074
2820226
2019428
1144257
1647660
1737389
2149812
934841
2263158
1601798
1124268
2156323
1503470
1329304
1027692
2366967
1373004
1592915
2824260
1988907
2784684
947358
1972924
1762937
1613687
858389
1972327
1278814
1188172
1355965
737100
831380
1584733
539909
2415345
844014
3068235
327229
1211828
764310
817174
1457925
118068
3086275
2287845
1690778
800930
812290
3577163
1442757
1000459
561335
1091511
1514898
1612129
1544629
2209138
3592569
1024483
84398
1603957
1593031
1595667
1584432
1855887
2028600
71562
591347
824327
1997083
1398810
1679022
1260403
1020098
1609253
890903
94416
1592916
2820238
727637
1750943
1460352
678461
1657917
2367263
537377
1415376
399738
1676342
1535180
1481618
1829771
1396342
1010850
1226609
728870
937380
1116977
1576395
1653231
1605048
1714882
966203
1234400
2276338
187639
1570058
281918
1711680
1376543
2440264
1762724
1895402
683825
1969007
1619335
2820231
28783
1009022
1238045
1559974
2064221
995932
1087026
794779
1620047
1358749
1468473
1551235
1419398
1077307
823455
1741740
1969006
1413768
2537540
1795264
1535434
1966785
207721
487384
1253352
3035152
1793684
1822965
1637011
3529411
975025
996731
899942
2132967
1104260
2201307
1571245
1077604
1395662
1470146
1113343
1498152
2598926
1836945
799190
1009530
1601400
1508554
1331340
1588443
556313
786018
2724375
707204
1672204
1854034
1677854
1515652
1423170
1950290
2471418
1807738
1665551
1801894
965524
1597502
3561625
1526226
2387896
1519914
1367861
514597
1577856
1520670
1328735
1594728
1174838
1842700
1908514
1781533
2223134
1594726
3119245
1809913
1580794
1809151
1387233
1881625
1780051
1187506
902488
1383451
1288675
679771
588145
2063622
1926750
371621
1352602
1227359
1965649
1865075
2471173
1696207
1720948
975588
1371390
3309764
1711830
1009768
1478355
2536179
1426926
1697645
1871128
1834598
1548125
1185260
943399
1655332
557987
1268518
1154509
1575621
1276997
1829038
1983081
1099081
2820224
261705
2200803
1399371
2820256
1183336
1384323
667730
2558126
1762730
1665564
1573320
392927
1629194
119431
1390392
1849148
1499313
1950559
1674139
177162
1713094
1439335
1914981
295915
1938286
1050582
1443585
1166837
1491270
1986093
1708902
1281079
1537449
1481149
1555610
1899581
1733039
1028144
1970401
2133744
1583483
1927666
1724594
1801873
1415290
2256206
1898518
1275989
3095021
1579823
1597806
1058948
1389960
1027361
1076346
1456417
1701590
1993436
795798
1231134
1548347
1091115
2478408
2820246
1509639
2142037
1043348
1938201
1094998
2430086
2192825
1745946
801303
569636
467726
1029677
1377665
1011471
1027907
1468970
1944228
3602896
2065107
1018869
1074378
1404118
1137173
1714827
763946
1276292
1602801
1714756
97923
1372702
2277029
766292
2513120
1060576
1149471
2505634
3055878
1509549
1843708
1104572
2820233
1388929
2145649
727636
2028950
2116146
644167
1754868
1156568
513347
804872
2022237
1114045
1373482
2163449
1076674
1801973
1595480
1671799
1918015
2779276
339795
691549
1677118
1688157
37433
790229
3040273
2820222
1804515
1480954
1240783
2021506
1218337
1927665
1573999
3471853
1040647
1025919
1551753
1501410
16266
1442992
102290
1355829
2473353
1562551
1604236
1384506
1379296
2820221
1411501
949553
40017
1390577
2899188
1790866
1208919
2135495
1317709
1259934
1709627
1026010
1866415
1581851
1064998
1989318
1033882
1256373
1980179
315798
1709151
1177274
1843231
222591
1355664
1603081
1187302
792011
1629195
857481
698529
1056931
1483732
1920769
1186518
538214
1263876
1349635
2234162
2115970
1454082
1803114
2906211
1853285
1262434
813308
3089379
1256485
1538480
3685648
2031162
1007077
1075653
1879808
3343060
2134823
1231072
1596506
2018518
728875
1114721
1468910
2201899
1670139
1054502
1910233
21010
460044
1930332
1518581
1676795
1530346
827528
1448070
1401230
1351585
1559617
2475402
287175
1451733
1399324
296432
451612
1777803
1182586
1546409
1474641
800237
3555216
475190
1136506
80145
1828562
1769267
1150597
1467741
1426987
220411
1546209
1417797
1609590
1411462
1139325
1555461
824329
679242
1583475
2615210
1253622
1677119
701033
178506
1491476
3977190
1558497
732318
1345677
920988
1949551
1342612
44526
84485
345867
965548
1529763
1305841
1819333
2340796
1490015
2820241
1644670
1262796
40637
1426308
1839222
3440631
2002605
1171688
1583412
1023481
1836302
1634887
1517687
1655952
770227
1462801
2631277
1851468
1401809
1580330
89229
1346543
1603376
2779001
1280237
451609
3178741
1591251
1606037
1183809
52911
1394423
1609695
1712876
1040424
162071
898576
1850200
1846237
469565
2498577
44396
2820220
1308411
2201971
1290316
1909761
2161305
457257
1594730
2097994
1612465
3334925
32932
2066248
42837
1529761
2410264
1456883
2065548
963261
663819
1344836
1896796
1347841
341
1473304
1304814
1839534
2283411
1599426
1493332
1328176
1296370
1051587
1596083
1572141
2789992
2245778
415941
1256136
895077
1958930
1939642
1324387
1819160
3624693
1730178
932223
1567481
773817
1435653
1578374
904853
1007525
3836325
397299
1552572
1865037
910822
1351501
1595157
1985158
728872
80991
2474185
1987899
1268833
1570183
1853988
787768
924759
206102
1247184
1505914
1528303
749189
2376713
2112909
1658063
524776
1373950
950170
989228
2009880
136400
1271434
1279749
1594426
1950959
72419
987827
1204335
2820248
1346900
38231
1839194
1609794
2132927
1134237
1344860
1905396
72585
138552
1290342
19402
1639114
989244
1468472
1523631
107410
876349
1900116
2719372
979231
3551162
455176
1985157
1603540
2263159
286615
4525071
1762733
1078177
1593723
1320129
910817
1256532
1312375
34039
1716386
1709046
94687
1428309
1349621
1908512
1643106
1053378
1296538
1401173
1033154
1268530
24550
1626968
1445198
1575622
1027175
3700933
1535347
731838
1631588
2024692
1345674
1437360
1258579
1813913
3552450
1026084
1231787
270980
3905683
1543913
2274874
1509637
1322507
1535348
1341563
1604318
1063364
1163521
486513
2229417
1841827
2048191
813772
1401231
1345658
1079540
543449
1827412
3613647
2442744
1354320
1732601
1826235
1486151
69058
448698
1250656
2759787
1864175
1826136
679943
1635980
4145854
43827
2002322
1990786
1662095
1619425
1779729
918691
1045680
1868567
1627629
774782
23262
260838
2303916
26558
1111523
32345
1707939
24023
367763
1342804
2054191
1405185
31146
1701715
1530025
2019478
1768837
58970
1350353
1946834
1539079
4425144
935029
968220
1184612
503262
66246
1462807
1309336
1307659
3993681
1978018
1258135
131564
958093
31341
1345672
2036653
4176948
1969236
1981708
1608726
1349620
2007457
1260007
3598607
1596933
2129097
1836772
3051946
1149423
111680
31651
2012301
622607
1863256
401208
1579923
2101630
1092516
2625324
220330
1529756
43018
3208341
1426307
1111047
1541290
1453452
3338304
2135493
1857321
1430503
1365214
1219705
63499
1768636
1712012
862088
2223135
339055
1970571
1854794
2258084
1545707
1982145
830607
1399651
1021579
136983
1668950
1957244
1508083
58063
1599961
966177
2513164
2053094
107875
1983411
2245782
1261191
1987342
2273031
1766217
1838665
1217241
1557933
529990
1322346
1689015
1528588
869286
1344994
1256484
1347486
1852605
1354795
2563946
2004892
1483943
2012009
2809623
801557
1576520
846872
1944412
1267491
1691293
1125406
1858666
1564873
2470378
2101126
2716029
1118876
1167475
1551210
1883681
1332018
1383338
3593837
841599
3409202
1261486
1158424
2347052
2269514
1990183
1366188
1515961
3890672
286489
2809073
1341656
1945175
1693575
1292113
679817
3834498
1587059
1935932
1291267
545143
63133
1483942
209276
36280
1768953
1728019
2254987
1385964
47359
2987243
1142960
712015
1602969
1302583
1926958
2044338
58064
1480265
1419975
898887
1970115
324516
611931
106965
1612281
2194972
1978458
2067473
1415532
633993
2141415
1975675
1964637
87570
1483372
203701
1249325
3977191
2165744
1518125
2060303
1636879
1124313
2622787
1398809
675330
511046
831241
1734082
3906694
1137879
1354531
1966563
764082
1729807
1575142
347360
1049018
1844019
917062
1566379
3941094
1410549
23282
1009330
1231400
1817464
1768264
1278168
1629635
1768241
1137448
1862183
1554632
1233778
2786980
2149545
2637738
1896862
611753
252238
1502221
1709121
1726866
1943046
1656727
3299402
Total scores: 2471
Average score: 183303.55
SSH: 338, SH: 990, SS: 7, S: 30, A: 984, B: 92, C: 24, D: 6
