4897206
2743756
2446829
1083470
4742940
1816243
1811722
1995114
4850086
3257742
4070109
4147579
4095763
4039860
1044728
4861384
1860169
1860433
2361328
3040104
2510998
2055393
4143861
2490307
1655981
1385398
2064453
1836593
4351425
4835404
1838427
4415585
3899964
3022072
1872396
2069841
2574090
4710115
1725588
1889804
2629595
1097891
1895602
2659368
4136910
4134502
4321070
2549105
3511219
2546607
1890412
2599504
4097424
1287350
1489207
1129193
4452319
1115737
1369375
2241580
2854691
3989706
2572173
1256809
1737899
2615210
2070070
4415495
3746239
1977528
1895604
2485793
4768489
2052714
3632631
4772080
1728456
2624331
4929215
3526561
1199955
2020385
2581428
2475201
2364135
3526068
2594347
4039338
2657557
3034770
2660294
1737326
1909555
3683363
1768904
1782795
2620562
1656727
2469345
4064320
2330357
1695382
2278930
3854743
2961551
2126752
2058087
785048
2843965
2410948
1769144
2784168
2410945
1736571
3433046
4640775
1918978
3397860
2201145
1869933
4387937
1013839
2559938
2689931
2058788
1734750
2258084
2022204
1788131
2976489
3623520
3885119
927487
1895606
4246671
4415744
1569904
2799357
1860991
1822501
2564395
2055394
4045152
3874133
4111778
2562794
2077126
2626473
2404778
1973410
1075797
1649842
1400414
1690355
2824441
3963421
3682480
4985768
4351426
1231616
410250
1935845
2637743
2632230
2333525
1872564
2097898
1551135
2063931
3027953
1607736
2674297
1274573
4129168
2298047
3286201
3926086
2182100
4294493
1992711
308917
1759915
1344602
3623693
2545437
2284524
1642274
1839044
2174699
2331169
1717465
2041050
2474574
839947
4429012
1018247
4453889
1565265
2933746
1621319
1809151
2803459
2318901
1955170
1570203
4985511
1275831
1619555
2365752
2460779
1563000
1690353
2541735
4884430
1603635
2455484
2335100
1968283
1912276
1396915
2710948
4189841
1126915
2428358
3101942
2034654
783860
5084019
1843481
660593
3036835
883670
4327326
3448856
1805627
3006996
1828342
1844622
3089375
1565884
3666992
3882087
3030766
2338610
3038997
1714882
2124420
1954900
2458202
2618935
1947968
2257346
3737725
2731892
2485565
1398259
1993380
2480902
1241370
3019859
3997772
3607872
2044362
1142884
1911308
1983406
1722406
1586059
2306594
4252608
2800319
2297417
3881448
4156714
3579281
2008748
3093271
722844
4316941
644971
1172819
2397136
1995244
1075001
1935748
4546446
4028364
1394791
2478408
4383669
4803756
2444149
3846505
2249387
4009159
2274874
4359132
1345676
801303
2102287
2574880
1004823
1343292
2660646
1839649
1713228
1988911
1754659
1119965
3708195
1925194
2599450
2311796
2586618
1072997
1166448
3890184
1899100
3511508
2336310
1836484
970048
1952037
3466914
1905654
1024483
3042803
2231831
2610170
2360394
1627148
1969946
3799924
2628955
2205164
2279617
1512368
2059794
2304622
555797
660248
3750319
2039544
3927904
1892257
1949083
2328680
1341646
2914646
1030374
3970329
2123381
3438591
1990718
1623285
2654424
3322065
4435715
2639644
3240248
816600
3523999
3388689
3533482
4786970
4116266
4198445
2803332
3595734
1605179
827803
2898086
1040424
4275452
672594
2677019
1855887
2196278
4655948
2187211
1029562
1204537
2419085
4415584
2064450
4583712
2025942
1219310
3298813
3247754
1158325
1843653
2682795
2158670
1702172
2016359
2554676
2183206
1396342
3108587
2518847
4309247
2222070
1932597
898106
1561529
2118443
111680
2530810
1829131
4042905
1704794
2904978
2142744
2168568
1260832
2496721
1288341
1114721
1911333
1874165
1217417
718679
2486881
2049247
1620144
3020314
2316176
3299312
1828339
1142669
2553777
4093216
1754329
1827323
1994599
2543707
2245774
2444148
1849433
724832
2596789
743463
1871842
2338619
1501472
2463764
2445240
895997
3299362
2068681
1508535
1759814
4559341
1848919
1844623
767203
1454085
4222413
2037761
3848354
1842675
878369
3744361
2179629
3557474
1840159
4472652
788979
2518845
4039494
465543
2382822
4933159
1351114
3242265
3613647
1915794
2333933
2759787
2272860
3057801
1561550
3964630
3353491
3073983
4784320
614323
1946834
2569254
828242
4585194
2055202
3668941
2573914
4792013
2996123
2406120
3040755
3802844
2568117
83975
2683901
4425879
1997307
2646589
2296022
1900141
1086050
1354522
4934557
1114132
1350927
2609731
2044368
2779000
2574259
1028733
974352
1712377
888015
2269172
4205425
3078877
2311453
816327
2382377
4329353
1029307
133938
1760666
2547084
2227344
3006997
4860510
1032126
3217551
1808605
1820817
2516360
4189842
1838426
3369861
2269544
2780924
1682373
1554312
3309764
3025113
2790135
2308666
289704
1654883
2189162
4475969
2658147
136553
1016169
2514909
2245783
4272569
181253
2050696
3094706
4913570
3755316
3586535
2615748
2033294
1827558
2328679
971528
3030240
1325741
3892142
2850709
1831435
2483555
2625297
2628691
2254752
2040582
3644156
1740092
2201460
2964230
2345637
2505545
3520087
2512990
3666734
1839650
2443190
256027
3746773
1054501
1860435
3257722
2512991
2369304
3054701
3010986
2026320
3322168
3338304
680689
3523645
4543721
3897459
1646193
1385396
2331037
702412
3601629
933827
1182462
2775397
1353936
959406
3977190
3306465
4931085
986191
929999
652234
4657226
1528368
4422806
2277236
3908671
2084319
1944926
4082763
2484994
3604997
4276792
1618980
2113754
1861487
2927180
2514739
4529671
3071477
2618934
728870
2113851
2169301
4113363
3071981
464294
1535180
2340796
2439848
2238881
2901666
2719326
3000284
2118440
3688968
1481747
2115928
2396159
714001
209276
2245777
2505928
3514241
1229705
3290202
884664
2240526
1648053
2606880
3320181
1845585
776951
3067638
969314
4423554
1679799
4089506
785897
687624
1803114
3185984
3490746
1991379
1917158
1112521
3351262
4419203
1898518
3100786
4287016
3640197
1277254
3813152
2786980
4655828
1849505
4001454
3520227
4093362
3403124
2194972
2127199
1027692
2520633
4157042
1851299
2254470
1345670
2839767
4483822
3371379
3305970
2267564
2623831
1840736
3760479
4630841
2137969
2078195
4334857
3989709
2241579
3374691
3704366
1306932
1011144
3461299
1353480
3964631
3257738
39076
4124528
2382343
4581422
1074806
760488
2165744
3901232
1378688
2739798
881123
2659371
4985596
1902818
3572698
2237466
3978225
4298815
3160036
2280029
845391
1796309
2687455
4629735
4860511
2496720
1886838
1462224
2511064
1384053
2108648
3768762
4131123
241578
4411233
2992705
2596018
2273031
1986949
1718671
4329889
1484989
2245860
1828346
3151808
3536437
2964222
126446
399738
2874408
3479103
1603081
3256129
3657032
3699428
2099567
2896396
942085
2970030
1743616
2577747
708421
2061192
2844963
2529041
1158040
323907
2223077
1869619
1460331
888010
1731253
2044366
4018769
1092582
869222
4104866
2742960
4662226
3990592
3229024
2993974
3019409
1949715
1773538
1910096
4284415
1901789
2709349
2863524
999944
2327132
3582418
1125406
2482032
1926301
1398110
1358921
3956153
3862357
2096054
2413619
2102292
1682475
3227490
2030843
1612453
2250747
3034396
422328
2555405
1509639
3340195
4683658
3995168
1483372
4322847
2239073
1409923
3530608
1970829
4276799
4017088
4635796
364532
4570561
2423610
3816334
1631588
2221441
3718868
4054015
1124268
1681360
628343
3209690
3564271
2155617
3081700
1160967
2941386
3666536
787430
992106
3984404
2658590
853625
2168206
3843161
2301351
3547780
2470194
3563096
3076104
660594
2795613
2789992
4789744
1597253
276451
1396795
2133576
2897463
1862525
3438148
3246922
2342066
3526953
1181761
1963358
1628302
2576943
1092615
3487556
1733305
2657705
1797542
2701095
4813225
1003013
2210045
855456
4605501
4197563
4134503
3385419
4076789
1440018
2757086
3333745
2461085
2679663
2913269
2495917
1920872
4191804
2958102
1579854
1733039
3217677
915210
1691982
3876716
2020258
2245772
1839222
4757408
2153775
3172759
1802456
4312255
1141858
1162425
572727
1544629
4302884
3629575
2857645
2388297
3821207
2025938
2768155
2741954
4796915
1923476
2460718
3035115
3753922
910147
1899581
1089798
3385971
1627157
2082725
3831812
4303991
1962161
2132924
1383338
2521210
2559126
2246465
2084862
1033154
2896983
3772513
2156318
4541862
2245768
735833
968065
2801428
2654506
3147541
4163505
2245766
2150737
3982732
3989708
820481
3751460
3119369
3284709
1495498
4327708
2610994
3666371
1612465
2506721
1911588
1776723
1076862
523376
2503284
2179420
3086100
1488685
1846898
180337
2046445
3894416
3337289
983609
1883681
1988748
1828136
1886839
1809379
2326935
823257
2586420
1720423
1383825
1852572
3812912
785904
2816117
1498618
2030431
2596015
1738136
2106916
4027448
1941064
4291753
1983358
3377514
983680
1765081
3967023
2991731
2060305
1971795
2197593
4557895
3958435
1989857
4302971
4131187
3711420
1604076
2567509
2060019
3707958
4975261
1989718
4256277
943399
4054196
1435459
1701715
4140323
1534949
1556336
900957
1895569
3149030
4638358
3841003
4335477
3398012
2565674
1413258
1972662
4001494
927754
3261481
3640509
3056834
3322526
1021579
561335
1481624
924759
3782929
4454138
3352759
4431496
3226413
1717464
2222861
4843520
1956123
2696829
3740999
789765
3989707
509165
2468866
2107519
3985496
1515526
1681634
2240223
2414822
116128
3104339
2256823
4353220
4384636
2232788
1532429
1730178
2529372
2409659
2750832
2516387
4630822
3934310
2798826
3323078
2022718
3745820
1849120
2152663
2319171
2995944
3963274
3592622
4291608
3056420
1846226
2231267
4402860
4252607
2220380
2138577
3569579
660247
957468
1665829
3294694
4692989
3270058
1995061
3497649
2376713
2828520
1025210
1714637
4805756
1900182
2761640
1342804
2021776
1803208
2300083
4694048
161902
3874351
3358972
3290808
2003640
930497
724015
1725346
784791
3626128
2298473
1405981
1354779
4939632
905745
3549213
4048501
2096523
4517806
2902384
4393670
2226085
1099081
3313127
1618411
1919312
1764213
2682641
4075825
3833439
1923214
4373574
2759110
1783812
3767017
1610022
1056698
21010
2226722
2136959
1985735
1399651
3926567
3645519
2218609
1170505
3192283
2409643
4693135
1634119
3166325
2457519
4131039
3448347
3390227
919757
3902488
1925405
2132928
3920671
2367340
176280
2753127
2125715
1644535
1905558
4349848
1978494
1759171
2223144
4063840
240488
1518125
537377
3041193
3752975
1926958
3773045
2642164
1897567
1872563
1214421
4090447
3516863
1639738
1026787
821785
2989057
888621
4199237
1730657
3967773
3330501
1706210
2246659
1509693
1529763
544419
1031991
1267491
1529756
917129
3756074
3396352
452186
4830402
2948845
3573970
1828562
1892253
2495789
3233265
978213
1990449
3890723
2060211
3066712
1952177
2128030
3544033
2099491
3680721
1643106
591347
3614063
3854204
4822475
145561
3700995
3911766
4295242
3343060
2300525
4323259
3989790
2960557
415479
2813660
960875
1563135
1313816
2589292
1639118
3145600
1150868
4160827
2457197
2737173
1329273
1045757
2479479
3466822
1822108
4594280
4355276
1849580
1226524
2034057
2791506
898786
4605810
2065514
1398809
4727786
2786058
3286045
2245780
2268730
1592916
3773772
2489378
2861782
1754266
4705256
4502085
2075545
3570259
4942836
1655726
2706308
2654458
2629594
2616989
3697682
4180630
2437233
2932798
3216888
4287878
2245786
2563946
1893461
4013498
144737
2242173
785898
1498079
2135493
4603074
4054200
3105129
3607430
1256672
2502889
2633231
1991177
3985893
2987243
2898419
1869937
2223057
3650854
3411122
2067099
2990542
2602090
3812596
3135149
2986935
1397854
2869875
2741910
2520609
4480795
1396152
1925029
4352925
203861
915124
4543401
3582938
4214779
2150740
4321955
2677191
3023414
2319981
3273140
966243
840686
1439336
2514777
1655728
1954858
3117154
1932649
2988681
1046830
2443726
4889905
1692395
3283445
1762728
1817464
2325387
1797548
1443865
3125070
4266651
4108340
3104522
633993
2818772
196977
1846270
2870806
2291305
3285233
2184521
1843621
3869560
1383389
1938974
3173880
2863658
889632
2753891
1517653
2281045
2454707
4518871
4634744
1512177
2794936
1302583
3369471
1872562
3912664
820619
3920071
1826941
35015
1891512
1289675
2116146
131891
1541293
3631228
1491800
1529758
2872154
2430086
725718
3484197
1211828
1854034
2783227
3301849
3534671
2083676
1665638
2173072
2399207
118068
3155137
2226486
2028950
1660820
3946759
4599269
4044653
2670208
3034593
1473296
3034391
2906054
4059149
1899011
3333255
1370029
4321781
3415914
611931
4831332
1768264
3879512
3977191
2384875
4001453
1518701
1679789
4157223
3266252
2237579
1979409
2266529
3977703
1344860
1728019
4295540
1777067
1186901
4085207
2459903
4472749
713867
4053803
2791096
2781571
1947687
3462322
3704761
3517482
2677343
1639735
2521259
2540399
4760269
2321562
3764179
4529255
4029683
4408758
3365585
3976192
3239200
2545604
4096258
3615458
3812908
905215
3591050
4243842
1985415
1622205
2250833
1064998
2200805
1884388
479812
4056699
738980
3577374
1694855
4141956
1732802
3737266
2705258
1410548
2519046
3020246
2495251
131564
674324
663725
4253102
2735748
4214499
2715815
3500105
4195619
4528224
3864489
4029682
4363685
1762937
880321
1636879
31819
1067513
2796126
3074108
4174332
1385964
2112385
2625911
4227679
3010882
4992898
1134237
3098371
2607691
404663
1296370
3238236
2004420
2073131
4716427
2069999
4149336
3578050
4856302
4549062
4638742
4059151
683409
655679
47152
3578634
2779001
4566959
1809107
1540283
2346624
966203
3779038
3710758
2245771
4172057
861415
569590
4166238
3332590
4029403
1180676
2507884
3914213
4059156
2489902
1679788
3759944
3037642
1643386
1507125
997648
1377588
1992745
1773634
3541040
891757
1705327
2303916
2630685
4534810
4695614
3333703
2123284
2245776
2351094
2644765
1315468
4020054
3980676
4736984
1768802
3765522
2377917
3050529
2004892
1890216
4027058
1410549
4675618
4313921
1454087
3488458
4184538
1201303
1329592
1286241
3022540
4088605
917062
4017839
104229
1320129
2809623
902888
4643871
2622988
1870068
4754028
3276536
2493463
3355451
3101174
4049302
4790484
2791233
1315479
3081319
2869070
3996216
3933105
4047519
989244
1857321
1157868
3499015
806325
2781369
4898653
1950559
1095854
2726346
764082
2449792
756423
1174838
462736
4030294
3273002
3320342
1842700
4020050
407788
2479006
4322403
2554582
4706720
1917082
1591935
924414
3025365
3969635
862088
2844649
976333
4654915
4129169
970163
448698
3595696
4342891
1231229
3700073
1897316
2044338
4323073
4303784
791274
2579665
1281115
4652206
4058452
4303783
3121730
1846644
4039339
3637960
3509524
1992682
4047799
4403175
2283637
4431476
2601508
4376532
3565718
3553569
1233778
4584932
4839768
2895387
2245773
3093269
2963216
2002322
3707952
3645482
2962115
2404675
3366758
2234162
2710014
4484998
4561659
1617535
2668755
676575
989228
4759631
3101226
2721306
3117364
1529761
2189687
3707946
1865418
3181499
40017
1298998
2737141
3712677
3656603
3064687
1949106
1231400
2692144
1805910
2295882
1083052
4123557
4636004
2057057
4719395
2199220
3063660
3578631
2906051
4321780
1383388
4009220
1983122
2290717
3542856
511046
3564083
2202603
3041566
58064
1383473
1250652
4112173
2352279
2034895
2573493
2282512
2117909
4182613
2731312
1592917
4135511
1849273
1187302
1331610
27737
1261879
901854
2078916
1001682
3033529
4019294
2634649
66246
4862625
3279847
4129148
378126
858241
1274017
4895740
2610039
2546844
2106248
1230854
3802129
1500058
2580981
734434
4845231
3690510
1961271
2222887
3707950
3284710
3328576
891756
1629635
2665747
1817548
3262144
1294709
2478227
4283977
4154963
1782343
3548649
3414730
2923999
4828570
2463770
4609930
3195227
4267100
2758027
1451983
4446255
2925076
3870286
4243833
2443187
1065821
3837892
2266572
2223322
3768437
1124269
2351797
660240
4090448
2386287
4512273
1730658
3444967
4322080
1487797
2449789
4689249
3813485
4101443
2222862
3093275
1414282
3349882
4059162
992563
1605108
4054201
1697645
2799043
2675756
2243095
3706935
2565598
4127421
1988320
1256330
1895605
820483
2263720
1846275
3132824
2955802
3047931
655686
1829895
3801064
1762730
3063007
3941094
87570
4345053
2103101
3460818
2802736
1071416
2059822
3625849
1649990
4833488
495538
2685991
1787848
4029686
4683207
4108341
663776
879160
3452738
1762724
2150739
2147615
465548
2777125
4644430
4867758
2937933
4840034
1590448
4867757
1675834
2978571
1502221
1672165
3216836
3592328
1193339
1613232
3381911
3535897
784369
992281
3066803
4857997
2201675
1525734
2150736
3079004
2272898
2382179
4754031
4694276
617825
2535650
2909625
4018669
3345193
2211141
1345343
135370
1104798
4645170
2379656
2067117
2279615
1562308
2328751
1218337
4013493
3229008
3954641
3126710
2958956
3415931
1804553
433005
3697466
3208196
2994583
2085794
1206528
3160882
2332679
2388562
1981733
3103625
1897317
1036107
3361023
2323911
3699308
1220272
2099955
1744843
657917
4020049
3560543
2495793
4090499
1053729
4303461
4839765
4642202
3400933
3291178
4716281
2115650
1083055
1562274
4521685
2315562
2897724
1774124
4186804
1941208
3579873
3577926
4715827
2200811
2514803
1578505
1451703
4804609
3640375
3412600
1372142
2127114
4303564
1204320
4821674
3484856
839569
3160148
1484308
1791893
2811014
4820703
2351364
2385728
1412281
3292489
1572367
1095855
677938
2531260
1613624
2381613
2651888
4039342
3879513
4605491
1690358
2019428
2103566
3614314
1415582
2455487
3229770
1909552
1033002
2099714
4841213
1969007
1089088
958044
2170029
2869715
2304142
1701404
1837184
2550203
1988910
3664894
3802617
2014470
1059894
2004425
712376
1847500
4860509
1668949
2245909
1988753
2195728
3604692
1966553
1724319
920988
550235
Total scores: 2132
Average score: 265367.96
SSH: 1, SH: 3, SS: 2, S: 54, A: 1041, B: 597, C: 344, D: 90
