2708949
1861487
1199955
1816113
3968196
1746492
3708195
1808605
1749322
1860169
1990718
4940126
795627
3595734
1582287
1849580
3306465
804164
3885119
1028733
1537817
1157868
1402392
1909555
1172819
2365752
1997307
1371599
2540399
1619555
2610170
2077121
2518847
1706210
1401254
1031991
2609731
2102287
880321
1968445
1377957
5005640
1181761
1677789
807074
2437233
1226524
724015
1302554
2239445
83975
1695379
2173528
1127798
2654458
2069999
1185036
2079597
775624
1572868
2025942
1895604
1955867
1556336
326864
1495848
1313029
658561
1474956
1282960
1218337
1675830
555797
1241370
2025205
2596015
974352
2496646
1621068
1087334
3111877
252238
2192665
790048
1895606
3551549
1083470
1626430
1354319
1895607
1979344
333074
783860
1385398
2397136
1537566
1289927
795988
1201636
1616369
1162425
1600415
1029307
1531547
753010
1935845
525278
1770368
2590221
4720294
1141858
378781
1924025
884664
894744
1644535
2587226
4704020
1985735
2229349
2103968
1743616
893739
4318971
757003
1451282
855762
901854
1588369
2496720
1204683
2166311
4867909
1529189
2444149
1269817
1594727
658127
111680
753014
574471
915210
764082
4137259
2077119
1736333
1046841
1129193
2546607
869222
4131680
1046830
4916484
1373950
1997892
949011
1816243
737100
1178526
1262832
917061
1626530
1982645
881313
942085
1895602
1783813
772476
1301354
2610039
722596
1695382
1817548
1757416
899732
4581701
1400686
3821905
403050
3928577
1956730
1951721
2639521
1889232
4761861
2478408
1654579
1474946
3238843
992389
2338619
4838793
1704984
1848803
1571309
3436261
1010596
1599393
2238881
1596706
2443726
1432943
1300413
1047758
837694
2737694
1649528
1822108
1215958
2014389
2164274
1360672
507099
1008998
1995061
674349
2322515
1220839
3255922
2308666
1764213
3173880
1546425
1849273
1706834
858389
1002613
285086
828243
1016169
1029562
1895603
1788628
2133576
1362711
2304259
1168174
1610046
1635388
1474012
1995244
1563000
1263997
2625911
861180
816453
2021335
3528813
1170505
1675844
908042
828242
933875
110347
3884667
2044368
975588
1736329
2477069
960875
3023004
1988963
1562551
1569904
791274
555965
945157
1454087
1289675
3645144
1001682
891542
1181218
1294882
2156842
3731599
3967920
1474795
1421827
1009456
1476606
1925194
1642274
1351114
1489207
979155
3823337
4796274
1588391
1827323
572051
1272890
977875
733943
1675837
3359655
1988753
456277
1648055
658387
1610746
875945
2769042
2349467
3963421
1581326
3668045
693195
2346624
1289534
2552046
2338610
3801064
959426
386728
1657917
2111505
1701404
2123199
358362
2097124
129891
824970
385544
2732387
3658383
1984889
797018
2759787
1515526
1074246
104229
816600
1114721
1623220
4119821
1578009
1262434
3385971
1594009
649184
978026
3484856
1019006
679131
1386449
1369375
746738
1690353
1702172
3404946
257793
870707
977770
2146420
1033002
1655981
569590
814075
2149821
1264367
2176046
2874408
744673
52862
1245365
2340924
820737
655679
932141
1220272
1972662
2149823
3386365
998438
4712763
1030374
1945175
869197
1210660
1291657
716020
1843481
158662
1543159
4215279
1784600
1728456
1627148
2238522
1071242
4852491
2190499
3010882
2546549
1182401
1627157
1083722
1438917
1805627
983680
1371450
1897567
931698
5042033
1343292
2176591
1828400
329283
1932649
1918978
1736331
2103969
1307291
816327
1869933
1158325
973278
552068
787430
502031
2132775
2495789
930498
3573701
2070070
925681
235880
2044362
4111778
1385397
821548
4926311
4225030
1365637
1649916
1618099
764441
4921872
633993
980637
894090
654108
1159687
2218609
929905
2077126
2567564
784369
1495657
1226973
974148
676172
4788529
1530057
1722406
1758255
1754068
2106625
1902624
1493345
2843965
1126915
3869617
160106
746736
1730868
1635857
134621
909032
1091478
4054365
2343490
898576
4872636
1683307
2004799
1503470
2509953
1906336
411291
3591067
1095270
722968
1102734
1969946
1542373
905800
1056207
1917082
1836484
2869288
959406
131891
927170
770744
4509874
1317186
1316758
1166448
2039543
2133935
1356012
1714637
817174
3970329
1443448
3552451
408378
1473299
2125715
1095152
2205311
3260996
1574314
487384
1480932
1115737
1054501
2496721
1816320
791636
917129
1086106
1110320
718156
31138
1848919
1148052
774965
1488698
1024480
1087428
351189
117580
1608832
735356
736214
4955680
2197593
1805910
1971660
559673
2457749
959272
1706278
2128030
3349882
2075085
1829925
422328
879160
568565
1187122
4225181
2444148
380646
623699
154853
1934864
915124
2289083
4384665
1851537
1073789
3623106
1431582
1569153
66336
1746840
1571242
199049
1498892
1033739
950234
214735
401126
1619561
2133119
1730178
1313635
933228
1473301
930497
856430
1619453
2797918
1358921
3746471
872275
502581
298773
1969122
940378
1581806
1233607
847313
861164
725718
1432783
541392
1803962
2058288
1643270
1215641
910147
54697
3967275
845391
1281115
3295947
1725906
240488
2103101
1524357
1911588
1065224
1649466
2953459
1021583
1887384
2149448
759638
1385656
1631290
1899511
3079151
1180704
3150892
687865
822553
1242820
2817560
902259
959407
1267571
1262763
1206875
901096
1128411
1909554
1084804
339055
1112356
687246
1130590
1419954
1574296
1737489
1346543
1667534
225296
183541
1312156
955864
555050
1838383
1148238
816734
4866873
1838165
1063907
2549105
1014480
1114132
778603
433005
2011555
1279490
1885374
364532
788113
4493700
1355964
95590
1610022
857431
3440631
985141
2245772
870839
808848
2234808
614323
1528368
827803
736215
3982198
1645523
1570479
1501472
3076004
3320026
1515487
589671
1040647
954692
705329
770354
1103212
836907
1973410
1064354
1733381
1131424
1649842
1344602
517595
26436
970946
2471434
4140868
1309290
1278814
1027542
1373482
505389
1119328
1385396
909391
1860435
4520249
4595546
814293
1439001
735272
784971
439956
922916
1593927
164020
866192
1062394
853919
2226722
1193128
815857
1843086
1065757
1477241
1559388
313621
987230
784164
2459394
1237071
1812145
1659421
1527747
553854
3609347
1562306
510510
1574312
1031434
683970
973744
471558
1158434
1295253
462225
740040
1257142
1288675
965546
1877959
1828346
1484989
1709121
1476903
1449913
878369
539909
1218888
1804239
2567509
4136910
1509460
2127653
4816640
1675842
42307
956502
1060568
929999
1348161
368933
1438557
381251
3933767
2615210
1093078
328472
675330
1498152
2995539
659051
82249
3028781
1621175
314645
1040044
2739798
1268518
1240783
1228509
2983479
986042
1842675
155855
2395941
1090932
1454845
1211828
976999
2489835
996356
1892257
1707994
1321399
1518770
764099
691083
1343293
764517
1119026
1483372
792581
2050696
172193
142145
1762724
1303587
364473
1414762
2049247
2061097
1443674
864246
116128
1257298
2173002
797889
1670874
2149446
1991379
2083422
782309
1317261
958819
770227
494114
662064
1541092
1128452
1135897
1092090
1659547
514824
1607369
1280898
892853
758070
847314
32230
4068548
2752863
1264233
1122506
675223
1571863
1003866
1059292
972034
496424
475240
784893
24695
1746618
846105
791635
2242925
1708902
1271012
1593926
2134713
1170453
4134502
932142
1041727
899859
1320881
1941208
677938
628637
1964685
823455
1093245
1675839
968742
1234353
846259
1628654
475439
831241
2310865
1562308
901234
54581
812180
367763
2719326
2339070
1591949
1006822
865851
415941
3237678
1385941
3104339
752980
295985
1100231
1274017
1212692
4728612
517160
419604
1623092
1180753
1275780
1073277
821549
3707958
2544136
384718
4865236
733755
1603721
979405
524018
1142643
4803734
1403276
3651636
2112908
1385415
883048
932458
1038699
1651290
822656
4225083
3392548
782330
1524103
588599
2986417
1596064
807983
1347546
801158
1667530
1649990
2185824
909494
908717
2026320
703755
843833
655683
1124454
2729836
909624
296
1597502
616795
351996
1254830
831705
1675840
553131
1796309
770825
126062
155914
2100940
1174658
1838427
1690244
3626627
1702186
2625175
1602636
402496
3256660
3756074
38327
3955279
1322507
1391928
180971
789180
3893227
229662
1438380
1911665
1918152
853926
2367340
1370196
2291305
1691089
1746514
1714636
1322346
655685
1579562
72469
655216
572063
799711
1097510
688710
1242688
819840
1021579
2121644
4176938
881123
1343925
1594728
1587275
1385943
692031
1615502
1557461
1659691
35450
767835
203986
69405
1122640
2022718
969651
2174699
381008
1897802
1217419
1131984
722238
1321846
1187302
1840736
296250
655684
676723
889728
1675841
721025
795232
371605
401894
95431
1466471
763646
2045979
976187
2428358
1070793
2157430
959882
313594
946773
1827616
784249
4352514
4859703
1372586
1059390
712945
4785130
18801
1295250
1793625
2897724
46413
2113754
847367
943399
1694583
4134503
1594729
1290618
677963
804268
943403
663373
3572698
1127276
661124
904307
1106605
1264070
2269544
1080851
1270576
1518683
21010
2628834
536949
3320563
649113
1144257
404440
1562317
2267377
983692
169271
2240223
1127341
948490
200274
1184612
1228311
1570798
3789243
190304
1109797
345600
183539
1557370
696197
345641
786345
1517653
4066074
1500645
524774
1173116
1306669
1073247
1331651
4804326
2041050
1487640
635865
1787848
223397
1595667
1861434
752560
4736984
4432937
647119
930450
895077
1103162
1541853
1594731
179224
2097898
1291653
2169346
1295814
130500
657917
1013267
385548
1231420
785904
3251761
943246
957827
1071233
26726
3217551
785902
966203
1979409
554519
825243
655680
817987
1068384
821785
1077947
1566387
282667
1033882
718643
1693575
824719
818655
2015527
1686499
1705445
1946044
3520227
4472564
1551874
151229
4583712
1119398
1104572
858241
461600
2722655
1520628
228605
817855
1518125
3409202
80991
1291655
1233778
166140
861971
823710
1294886
4642487
453359
1268849
914220
1520627
4341639
180337
3145415
1029677
4694276
957933
1118006
1108756
900576
3118383
978213
776594
569636
804882
2156070
483375
3912663
652234
1462224
2209289
908059
1056202
1006617
2535968
733764
1160996
853625
1063044
844014
962979
437328
95589
2022204
2573493
1119043
179225
423986
917062
819448
1301562
296787
659992
1754266
847863
98229
2273031
733753
358746
1499068
1295846
2168419
307804
677872
649752
760034
1538272
829238
1454085
1118008
1475945
95588
1373938
1415376
635679
1123633
1419243
1716732
1109421
719594
339795
630747
827933
200312
1072455
904133
3135149
604957
690461
3229091
1679799
476632
1762727
1538777
2267564
1147329
1961271
990527
1257723
1415466
3638672
2523668
1681634
3238447
3613647
980077
728870
417298
82962
1173114
1580084
763167
930451
503493
1776723
1785659
1679794
889729
3926567
1717855
4715391
2708957
855456
2562794
3030766
1738018
784977
3516
2457197
2583616
999720
4018769
887095
2495788
4569104
1988434
1765081
1429457
2937933
2443190
1074249
2728166
2914646
1366280
1544629
2332088
1185477
1774124
1332018
1911308
951401
1148905
1125647
1010030
902888
1457925
1125406
3263449
948371
1006821
1095534
905745
1728493
118226
2046445
1118007
1296859
1551961
1507125
869704
1515892
1134549
1499066
996731
4979948
557963
4978004
4402860
1406011
951538
821086
3411122
1083052
339054
2404675
4689249
4022867
1656727
663725
1046775
4246671
970331
1257855
1702581
722514
2058789
803403
862088
1104323
591347
1567387
924759
1053519
736217
1726866
619959
1083458
1134237
2121727
1594713
1226609
4059153
1696207
2338623
3912664
2870806
4829740
2132924
502234
4288226
1490015
657916
1655718
1124313
3907916
954582
1042089
3145600
105950
1636879
4183429
3582938
1607736
1826438
1148432
899221
1142960
1083054
1139717
966200
1495498
966243
1245003
133938
3921649
4519110
1643106
2037761
1192895
1312786
3969490
3121079
3929365
4059151
2731892
1785185
1178184
1586083
1157344
1544689
1641008
1874119
1094362
944864
465548
666445
898106
806376
1565501
158621
1173074
315550
2095312
2872154
4886194
2853913
2668755
351190
1036654
3976192
1919312
1137879
1277926
962194
1317124
942356
4047519
2044338
118068
2004892
2675756
1846270
2682098
2689931
3722539
544419
1529763
1138154
4113363
4454372
4140323
1095566
24023
5004968
1255280
306207
1642169
1849131
1935058
Total scores: 1523
Average score: 250990.22
SSH: 59, SH: 53, SS: 35, S: 270, A: 878, B: 160, C: 51, D: 17
