4134856
2599450
4113363
2735748
4197563
2743756
4897206
4462023
4985596
4480795
4692009
4543721
4189842
4851922
2689931
4176938
4408758
4629404
4541862
2786058
4792013
4452319
4415495
4493700
4972441
3802844
4199237
2382377
4925156
4401663
4246671
4764855
1923214
1148905
2753891
4901709
4644712
4017839
4376495
4915911
4733327
4059154
4618179
4319071
4896968
4583712
4189841
4272569
2843965
3284709
4085207
4693135
4783641
4383252
4940126
2318117
3118604
3849847
2556199
4116266
2775397
4140323
2863658
4605491
3149030
3926086
4655948
3415914
4795709
4224418
3267169
4712362
4351425
3926567
4435685
2223077
2303916
4269663
2460718
4783687
4027058
4291753
4917412
4298815
4436738
4475543
4440049
4532648
3707952
4425879
2201145
4985511
2633231
3365585
4764929
4471539
3070066
3758766
4557010
4134503
1121616
4810017
3034593
4889905
1816243
1805627
4055410
4842367
3037642
4464154
2543244
2988150
4710115
4916330
4915906
2301351
4093216
2510998
4742940
4225083
2496318
2660294
4794531
2573914
4678354
4953658
3438148
1435459
2451189
1296305
4704854
3579281
3778937
2781369
3205990
3582938
3901232
4135160
4831429
4059970
3322168
1655981
1711307
4546446
3093271
3688094
4288226
3814944
4114488
4585194
2319171
4101543
4840247
4729338
2267564
4487446
3040104
3034770
2189162
4816962
3782929
2041050
2589292
2684033
4224431
4374452
4895740
4778522
2667802
1241370
3893054
1842675
4831128
3658332
2249387
3640228
4992898
4379114
4861281
4634744
4611641
1911588
2798282
3383316
2324958
2546607
2383590
2202603
2732387
4728369
4591775
4143861
1822501
2603845
2323911
2898419
3038997
3012582
4866452
3668020
4876257
4856302
4695614
2403677
4914437
2628691
4445221
4402860
4134502
4468295
3963430
4294493
3256660
1919312
3062908
2594347
4349998
4214499
1920872
4463310
2794936
2069841
2278930
2660053
3145600
4784320
2444276
1279361
4610117
3884667
2976276
2099491
2088427
3783036
4914208
4754028
5010080
2511064
4802061
2574090
3823798
4647432
4468621
1860991
4028364
3586535
3591213
1600283
4559341
2550203
4414277
4205425
1836593
3411122
3462806
2279621
2545604
3292348
3885402
1776723
4728992
4689249
2315558
2914646
1770368
3135149
1073279
3306465
1872396
5015154
1677545
4833472
3990534
1392757
4583491
2263415
1158325
4930859
4867167
1097891
3526068
4530677
4415180
1918978
3645519
1846270
2460779
1219511
2904978
2064453
4883679
915210
4931905
1385398
1871950
2675575
1816073
4003023
3969490
4588141
2495792
2581428
2486881
2615210
3284710
2185824
2599504
3003399
4944686
4309247
3752975
4569104
4059149
1719416
2457197
2995944
2731892
3078877
2802324
1701404
3045513
4859703
2034654
2097426
3992687
2871247
3762927
1044728
3181129
2615297
2128030
4640775
4323259
2544136
1838426
2490307
2129143
3707958
2512396
2004799
2894747
2686032
2659724
1892257
1083470
3968196
1073277
3509293
4255750
1770623
1660820
4499311
2297417
4163899
2616989
2469345
1890412
1631588
1704794
4694048
4915912
2470194
5130559
3221529
1134237
4598620
1860169
3501901
4857705
3206007
2505956
2116006
4559851
2801009
3039613
1180676
2189687
3214701
887059
3122902
3819203
2657557
3468557
3238236
2564395
4124528
2059822
4028888
4409281
3341496
4736827
4549062
2715815
2828520
4631634
4142035
4429699
4294727
4848880
2304622
2231831
2481962
1811722
821785
2035291
1353480
3708195
4737095
2241579
2178147
4373118
4791561
4226993
3995173
3093274
4841183
1802736
2926261
2269544
2581812
3592622
3092842
4520249
2469200
3022072
2448565
1768802
2993974
2946713
4664151
3862594
4818584
4393670
1714882
1626537
2537499
2022204
2257346
2470211
2033294
1410549
1208664
3090137
888010
1385964
2404778
1593724
4305331
4553375
1941064
2610843
1159687
4758301
1725588
4917106
4884240
1204537
2809073
2933746
4804609
4867760
3405760
2514739
2485543
2870046
4045152
3604997
2154507
2082725
2750832
4721743
4855526
4313980
1737326
2670208
4009812
2628955
2990619
2606069
2632230
4777956
1183255
3173880
3607499
2559963
4861513
3874133
4276045
4681625
4321070
2385573
2780924
2487880
2097898
2629595
3301849
4896646
4629906
1935845
4547394
2559938
2083422
3887983
2556724
4059151
1605108
4581701
2335160
5015234
1852572
2628166
1566024
1925409
2364135
3820910
4393489
3304843
4944430
3636156
4804326
3992307
1274573
2565674
4176647
4327708
4804325
2685918
3147541
1582287
970331
4715391
2330357
3493411
3692446
3071981
4786970
1946507
926644
2958102
2681192
1829925
2134458
3460680
4669413
2839813
2512990
4861384
1489207
2791233
2452860
4469359
4049497
2399766
2331169
4014426
1770893
2468866
4173301
4947145
2535899
2294654
2044362
898597
4575086
1955170
3023414
4468387
3397860
4935286
4698084
2034983
4888994
4528380
4865434
1961233
1407152
1111047
1860524
2622988
2040582
2256823
2485793
2813781
2484994
927819
3968194
2485438
3970401
2034057
2495917
2535650
3257742
4353389
2541735
5041434
2058788
4874327
702412
2185224
2077126
3626128
4614041
3733949
3093269
4486136
2492632
1306448
4864951
1736571
3036835
1656727
4387937
1861487
2691949
1829131
2185148
4812862
2528860
2164997
3655971
4570561
2660646
2677188
3623693
3654799
2466406
4860483
1977528
990527
4610118
1701775
2280910
4875625
3374928
1490015
1492911
1936713
2562794
3536437
3119369
2530755
3238447
3220698
1563000
4092693
3609496
1845585
1899511
4804330
4908291
4921406
4921405
3614314
2726492
1983406
2458202
3380022
683970
4424045
988726
4074461
4287016
4802426
4147579
2799357
774965
1736329
1893432
3313094
1157717
1817548
1736332
3240784
3019409
3091249
2237466
2626473
3470687
2894212
4571865
4252607
1616369
4201195
4694276
3585965
1414282
1969946
1886839
2428358
4274637
2164274
2178404
2881772
1484776
2789938
3879705
1902624
1619555
2241580
1199955
1782802
2410948
4054201
2241053
3566847
2025393
4037908
4975261
2987588
2352279
1150868
1657285
4322559
4200460
1640362
4428619
2014389
2829376
2631078
2522580
3647151
4126737
3975545
2496720
4708233
1820817
4549301
4641395
4027448
1069949
1816113
2046445
806325
1482948
2457519
2335100
3688439
4915909
4928600
4767183
4186804
4444067
1108593
2808871
2461085
1158434
2226722
2727655
4275452
2444148
4697800
4908434
1895604
4908433
3484856
1649064
4862625
4561901
4580248
1818428
1859166
3083319
2937933
3301339
2751775
2762534
2518847
2974590
2336310
2796473
2596015
1603635
2103968
3724573
1988911
1141858
4839039
4386439
4708527
2149819
2807851
2044366
2964230
2560248
4479242
4772080
4284415
2149823
4630904
3460940
4779867
2310700
1816571
1102552
2354378
4255801
2237579
2564222
4672863
2860521
1621068
1274017
2563055
4238673
3363659
3834251
4609930
1917082
4796915
3881448
3066712
2837544
3171919
4255312
3578634
2784168
2274874
2410945
3429718
1494828
4582467
1571309
2708572
2951013
3627294
2367340
3742437
1992711
1746492
2824441
2462350
1749322
3385230
1213856
3627469
4053803
1944778
4431476
1178526
3802617
3637802
4075825
4756866
2895495
2064615
3547141
1936782
1261879
4061893
2514133
4800049
816600
3985893
2201460
2073663
4316941
1782795
4607880
4566959
3012798
4659247
1003631
4193382
949029
1894655
2101126
2803459
4805706
1642274
2625911
1078675
1610745
1782046
2477261
3236099
4161947
1573320
2108217
2455484
1261191
2200001
4125888
4167879
1843589
2338610
2615090
4228703
1843653
3431450
1758255
2514135
2609731
2998945
732951
4500275
1808605
2843304
2406461
831241
2465106
3363551
4331627
989228
3666462
1895602
4411233
4246295
2596894
2360153
2044364
1580814
2266572
828214
2785254
1366917
4785014
924337
4804559
3564437
4382719
2616981
1814494
1365772
2134538
3475417
2365752
1905654
4570949
2149446
2971241
3195618
1609180
2467910
3461154
4941811
2055393
3208196
3595734
4108068
3351262
1125642
1041481
999720
1909555
1995061
1858799
4860510
1911308
2620911
2103969
1157868
1245344
1079133
4653513
2336704
869222
2867817
3627858
2731921
4198445
1400414
3879889
3349882
4457409
1760666
1737899
1988899
4952136
3223452
1952177
3607697
3513437
3345795
816327
3104522
4690175
1640330
3014649
500183
937709
1836484
3564378
2610170
1077675
4225030
664787
1989857
2928330
2677494
4818450
4829677
2397136
2022718
1231616
5043508
3237808
3554093
4555447
2126990
1401861
1786515
1742483
2078961
1682101
4804329
2752284
3661258
1809151
3061371
4864950
3145415
1796309
1579673
2775881
1844622
1021579
2327962
4261759
2331367
3722572
2184521
953586
1683433
4449473
1871842
3203760
4944707
422328
2276210
4806611
2808296
525278
1067513
3313127
4973473
3509524
2530810
1783947
3371802
4181770
2173926
2725403
894090
4794413
4713698
1984886
1989203
2744798
1252711
4987126
1510219
2141888
2710948
1059263
2461848
1302554
1102101
1890062
2596018
3854204
4302998
1010596
2774742
2295882
2587226
2149821
1836354
2389623
4227410
4381227
1702971
4690966
3834249
4719395
3838703
3993102
4319773
839947
4921870
3266252
755124
1369375
1344602
2325387
4494970
1504903
958038
555797
4009220
4915913
2797470
2570403
1569904
1746902
1971822
1678956
4323503
2682641
4517806
4522470
2098034
2223047
1501472
1462224
2107519
2540399
2118440
3497649
2249059
1944926
2342739
2379656
1827558
804164
2519704
2389303
887058
2342187
1605598
1127798
1925194
2273031
3534671
5138403
1752315
4838455
4970278
2008748
1762429
1217417
1220272
1242427
2987243
683409
2595335
1692395
2802630
2674297
3001532
2553242
4610119
1296370
4790484
217977
1903809
2328679
1945975
1046339
4796874
1788628
1869933
1972480
4766339
1160278
495538
1849273
2005307
4059155
3470688
1706210
5005206
2311868
1569153
3574694
1720423
4468528
2590119
1596706
4999825
3466822
2053094
3030766
3405683
1544643
3962898
1743616
2598347
1943046
4284414
3170563
705200
784369
3385971
2118444
4216090
722844
1251181
1226524
1867520
2654458
1169773
1849580
4845231
4359504
2142744
3913861
4638742
1947968
2100137
1095854
4801573
3034573
2627968
3680348
2610039
2050536
1969005
2048191
1412813
894744
2205311
1065821
1125647
1848803
828242
1288341
1846898
1988320
1185036
1298530
2050696
853779
2209202
724015
2630406
4908436
1949106
4857362
3907916
2346624
1576147
1302567
4668371
2495788
1438232
4731346
887621
2098783
3160882
1599393
4054169
1565265
3310074
1003013
3221833
1703420
1970829
3090005
2298847
3366802
1162425
2161926
3970526
1219891
1627148
2506240
2506707
1487821
2464479
995390
1690355
1968283
4404049
4610114
4761861
1408029
2196278
2815315
4783765
1815453
3814186
3257722
3279142
2102274
4693223
1306992
2587891
1059197
1172819
2238881
1644670
2021776
1351114
1243117
2576360
1619561
326864
2962206
3078717
4760315
1230854
3729849
4916269
2060305
1129193
1583228
2232788
1843595
1280306
1371599
4343189
1995114
2164601
3852155
2290717
1105014
1095855
1218337
735833
4512228
2200806
1201636
2117268
1377957
4193498
2183215
3954641
1515526
812161
2248790
1551874
2740030
2264767
978026
3695440
1451282
3093276
818304
1985735
1046841
2512991
914220
1402392
3405188
3644156
1388399
3510627
1963403
1997307
2479219
2495793
2117909
4893335
2176404
1166448
2481631
2978571
2073335
1706834
1848919
2437233
1313029
4717049
889632
3278257
3460818
2441889
917129
922172
1692260
1459488
2101986
4550418
743463
1103865
3773045
2069845
2069999
623699
1956730
2703055
2399304
901854
2675756
2026764
1689015
1828400
2039845
2719302
790048
2701095
3151808
1181761
1257580
1572868
2394642
949011
979208
1556336
1941499
1527747
731320
4243238
3710704
1989332
3019859
1193339
4221414
807074
3431310
883953
2240223
1595191
4306512
1257669
1554602
2216530
2012300
2276916
1973410
1354319
839569
2315274
1229400
2353869
4777983
1912276
2403907
2256387
3260996
2547084
2961551
4504746
2131813
5013309
1002613
3972386
1546425
3588981
4834698
3357329
2077121
1744843
1820714
1274584
1997892
1900535
1757416
2677191
952383
1432943
2239445
935455
2014469
1955242
929999
2618935
2308666
2233205
2671379
1990718
1289675
4948431
2183646
1659421
2173528
1968445
2314336
1810154
2079597
1289534
1956122
999944
1313635
4239975
1733305
1874508
4641389
820481
2545437
2270137
2615748
4059980
1708595
2522366
2596789
759433
3007623
1315468
1623093
4968530
2874944
465548
848582
2488855
2061192
4372575
4648563
1186901
2106248
5041440
4522814
3858633
4988693
2881890
679131
975549
762207
891756
3197813
2200809
2294912
2581092
1702903
890190
4610121
823710
1015966
1777584
2502643
1155062
2659911
674349
3710758
1789204
1358921
4077707
1815397
5041437
2078788
2360394
1028144
1193449
2988681
1962676
2304259
2166311
1836772
4187053
2549105
4993336
1047758
2025942
1028733
1065029
4058594
1414928
1970565
1129951
655679
2097124
4108340
3523496
945157
927754
3919917
1068604
1754659
1210660
3656605
966203
2250747
3747453
1476606
1649528
2172086
1898518
2357806
1174467
1828346
1874853
1172150
737100
4681130
2414165
4039338
1392016
1635388
1488898
452508
1992818
2462439
2659368
2082447
2226203
1606851
2692144
2281045
1768904
3773772
2120145
4472749
1938392
2339070
2449792
711758
902888
1317992
2211018
879061
2931366
962194
2154805
1630100
2205152
2445438
2607691
1899100
1865075
899732
2624022
1011144
2543707
1978494
2170386
1809379
2037204
2530087
1941208
1287350
648081
1826438
2869070
1541853
1690353
2406120
2205657
2328680
718156
2619459
2621030
4943431
3551549
3942556
2586235
3833439
2486606
2477069
1851299
690461
3501824
2911355
3474851
2822288
1968674
1686683
1631457
4939871
1893461
1574296
1500645
1709022
1033002
1709121
1107761
970048
1524103
2677343
4843520
3040791
2100940
1677967
1909554
2223338
1918734
2044485
983155
2804276
727636
4473881
1762724
1813857
1988748
1272477
3258645
878369
2925728
2482032
930307
2670604
1886274
846872
942085
1671813
4131039
784791
959119
1648055
3230981
1889232
1534523
1932649
3030240
1270000
2226486
4355592
2187211
921621
4895970
2502827
2639521
2913269
2639644
1663107
3967023
1822108
2564638
1764213
1695382
658127
4631489
2453247
1927665
1055147
727637
2022202
1697643
2165271
1769418
2538500
2467941
1836680
4224075
4288593
1857519
4948424
1630164
757003
1087334
2030431
1969096
1983405
2309955
4059152
2132775
1967557
1250652
3470114
1066197
2057057
837694
3169947
2419262
1353936
1410548
2096800
3238282
3450302
1396152
2044368
2144193
765018
3057801
727204
1179007
2609733
1112521
1951721
2254470
2326754
908042
2191785
2796126
1419243
4655280
4049691
2457470
3142477
1236211
1838625
3194798
4841799
2132924
1741740
1623092
2144225
850964
3579873
556716
4076864
1302583
2467121
1988963
4384365
828243
4934542
2373569
1669990
2404837
4321803
2887070
1566064
1828342
3360782
2480902
1956123
1810188
2633812
660247
1001682
3032515
4473614
2345714
4596708
1495848
3466532
1483372
1123155
3287758
4796738
3707925
2835281
1453467
3242265
3569579
1111493
2463764
4172057
933875
1527884
2026805
3415931
2245774
2575008
2225737
961695
2553777
2982593
1727980
1661885
1765587
1862525
2449781
1873866
2111505
3422724
2574259
725718
3594959
4325880
2266773
1283576
4682959
3055878
2048477
954692
4483744
2706393
5134481
2514909
1245365
2188031
3568573
2473047
1827324
2027987
1600415
1860435
2608130
1420669
1003565
3480138
2045979
929905
754084
3513159
4322403
484036
2335882
824970
3374887
1325510
2030843
4683486
1797542
203906
1651290
3534950
856743
902288
2014387
2244060
1262832
1084725
4839816
3267652
3565410
3792787
2061247
2502692
1649842
1029562
3550288
924759
1927666
1345676
2547378
1763013
513672
992106
1126915
1675842
2330482
2317127
795810
5041438
3502915
1861434
1754777
4568304
1241418
1843086
3164032
847725
679779
611931
965549
2246465
1156405
131891
1676342
1232440
2399767
767280
1607736
2480904
4867761
1289927
930249
1679789
4610115
1762728
547598
3658660
875945
1512368
2914017
1774124
2107577
1695991
1774821
2564639
2282067
4013509
1861656
1065863
3573701
2217552
735272
839627
977875
2596586
3243457
1802456
1949715
801158
3880919
1214421
1718671
994495
764441
3854743
4119629
1563445
808848
2729836
4715012
1988753
2025205
1849433
1702172
2583616
736214
1400912
1627157
2477878
1619564
1922277
1517511
991733
2467744
1654579
1649989
3625849
2548907
1893606
1063410
3508672
2060302
2201553
2535608
2199470
2782231
555050
713867
943415
1385397
2618934
4460277
1018776
1026787
1562168
3745820
2522353
1537566
3637960
918819
2347627
3290202
3843928
3590222
1341959
1071424
1142884
976008
1938323
2168649
896753
2274013
674324
1115737
335041
1056207
1474956
4557895
1409923
2596017
3183747
3462322
2677019
1218838
877335
2628159
3587688
2584022
252238
2204234
1259155
1610746
2658147
1080094
773398
210696
1076862
2624164
696783
966160
3073960
2168768
814293
2245777
1746034
3085953
2450838
2234162
1859841
3097451
4888163
2577747
479812
978326
959272
588975
1643386
2055868
4047519
2367231
4392936
3144568
4929406
2245772
1790044
3691456
2773184
1838165
1253252
2458212
1787964
1623220
2622787
3683429
1917158
1091249
2793864
2059455
910147
2559126
2853913
3518450
2245766
1075797
1623285
4518871
2195530
2209289
2108648
879062
1828339
986943
795627
840338
1711830
4683658
820619
1810150
1083722
1909553
2229349
1797548
2963216
2735647
4322847
2190904
888383
1608832
4915922
2182766
3906448
142622
801303
2019428
1729283
1208919
714001
3564083
1329592
1729177
1943749
601405
2317124
1341646
2168419
1211828
1694501
959233
1180151
3542940
902259
2964222
270980
1911799
2410947
4549157
1432041
880496
3283681
2245783
1043348
2090844
1946909
3601680
4029403
1348158
2908653
1611276
1431005
1656000
279032
5018216
1948378
2265685
1303844
2192825
2829357
3995168
1059388
1872873
1235792
4303783
2077119
1496486
4313787
1026729
1227055
3018109
1849505
3339692
1070639
2443190
4690015
1056202
22623
1739633
821070
1221423
3420529
308917
1911333
870839
2332178
2603107
1451703
2519927
1612454
1611251
3577374
2778643
1654883
2155617
2994076
869197
1480178
1718183
4160827
2106925
1620144
342711
2479479
1115844
281778
3322635
1544408
4186244
1621319
1535180
4528224
1762730
2350225
3692895
2469346
1754329
4831332
1907310
2485418
3836325
324614
1807642
1860433
2684855
4093667
2330438
703419
712376
495776
3614514
1902818
2118442
1754266
2020385
1840736
107875
1210089
2489378
2546549
2493793
1482116
5005491
966243
760466
975588
3629575
4088605
703794
2794099
738063
1706407
2826666
785999
2668755
2531260
719804
1594009
979155
331594
3041566
1854022
2962915
663725
1619338
2182100
2395625
2179629
3598876
1612465
1499066
211154
4789754
974662
1068383
2009880
1180701
2389725
1481747
3638672
1350927
3927904
1263997
1805910
4641460
1399651
4009159
2060306
1252651
2109120
2240526
1681634
2127199
1670874
2963126
2200805
1141084
3613647
736396
2679663
1262009
3262144
1725460
4019121
1021421
1570203
1062394
3006997
751984
1856287
1897317
3691317
4610113
2084862
2060211
2935781
1124268
1643106
2555405
1644535
2742959
978213
1850409
2809623
4291608
4310021
649615
4163794
4950775
4180630
1961106
2521259
1051486
3136646
3300948
3752290
3217677
1696846
3438591
4059153
3042164
3050529
924414
3420798
3218312
3533482
2135493
4432931
3697682
2632763
4111778
1265890
4558388
3655780
3116629
1460396
3988838
4697334
1345671
3474651
2004892
3285233
3331410
4610112
3963274
4416187
3580348
2938751
2201675
1398110
1016169
858241
4353220
2280179
3765522
2495251
2321562
4630822
1592916
3567527
2351094
3025113
1545707
3273140
2139546
2331037
3890657
1075653
4030294
3389394
2483555
4053096
3444967
3976192
3892142
3499015
3653442
3396352
2124420
1097543
4345352
756423
4098179
3755316
2223745
4606740
3148234
1926301
5015496
1939079
Total scores: 2404
Average score: 277479.33
SSH: 21, SH: 332, SS: 17, S: 251, A: 1583, B: 145, C: 45, D: 10
