3018109
3648544
3665005
3773248
3654660
3700073
1990718
1860169
4033854
2496720
1949106
905550
3548649
1172819
2365752
1808605
2477047
1754777
1603635
2316176
2126752
2740482
129891
3623807
1241370
1205876
845378
2506707
2818772
3385971
83975
1469240
2637738
2496646
1129193
1665868
3881559
2817560
2079597
2239445
2874408
3805691
1108149
2448542
74684
1889232
4181770
1028733
1644535
3465034
3385967
3415931
2111505
974854
806325
2245783
2165271
1498618
2978571
1157868
1997892
2222880
2069999
3647082
1648055
1537566
1849580
942522
2294912
552068
1866087
3523496
807074
53554
3468147
2082447
2957123
2077121
1582287
1251181
1804553
1770552
2077119
3574694
1943817
2589997
3716950
2249059
1229493
1844417
2606880
2345714
3645144
1813803
1555717
3276724
2035779
2615748
2173528
2156842
2596314
2020385
1695382
3468687
2360394
1815397
3385966
894744
2061232
3551549
1529189
3727753
1600415
1046339
1624249
1909555
2911355
1029307
1836687
1621319
1242162
2699196
1258579
3970329
1031991
3494362
2211018
890190
1824928
1746492
988793
658127
974662
790048
1201636
1007522
1997307
3890663
1619564
2245478
3082637
1702172
224514
1897567
2026805
2067141
2207855
1899011
1816113
847314
4241682
1289927
2248906
983680
2044368
2146365
1826282
875945
1972186
1757416
2890370
2861267
2060305
574471
3787349
818585
881313
2026140
3034573
855762
1439403
4838655
1389624
2244060
3986984
4193382
1107102
1377957
1229705
555797
869222
1882794
1652503
3359653
1027542
1182613
433005
1656498
3517113
3817010
154727
2170029
733772
765873
1762724
1674194
1649528
817929
735833
3210249
2708899
1023355
2223893
1520526
2654458
1725588
2477243
2105741
1219148
1483372
1256809
1514799
744673
1726994
1003447
416491
2361328
2245529
1872989
2639521
1786106
908042
1791963
2653571
3533716
2235465
1400686
2141888
1583228
905800
1970565
1951733
2118443
1546243
1635388
2639520
670881
2223303
1597247
3388222
2322515
1690355
2124919
2651771
2608130
1515526
1230741
3151263
252238
2679477
1700408
725718
2076544
896753
1811527
2970030
1480224
2063622
111680
958038
1141858
1124857
3178933
2583505
2502643
1704984
1187492
2373569
2924352
2039845
1626430
1096903
672594
394069
1946302
2833172
3281757
1383825
915210
1235495
1441081
757003
345189
746738
1706834
2414472
1501761
1354319
1075001
1874165
1714350
2315560
2531164
1141084
1897802
1563445
883953
1154766
3632631
651155
1869619
2168425
2160936
1911588
4082234
1983405
1181761
2455484
3014841
3927309
1082145
2204234
1125647
589671
2261701
955737
2271070
2691949
1617731
715013
47036
2589464
2189895
1115737
2014470
1102552
2252829
2811014
1819782
2377917
1133815
2118445
116128
1128411
4139556
2150737
803418
2233205
3281807
1029562
657917
2642726
2122535
1588369
825308
1932489
808848
1849273
428047
1403922
2025941
1951721
690982
2349469
142954
2039543
2485542
1528015
1149353
2778999
2884952
2473353
2596017
858389
1001682
992281
888383
1170505
1648053
2333514
2077354
823710
1031604
1032126
4193498
898576
3591067
2240526
2690060
1218337
1318245
2129145
1657612
1829038
1412805
2060302
2330482
3069847
2198933
1204683
1220839
3089701
4399021
2753990
2778998
2330357
1639118
2990195
1343792
1744194
2106248
744672
837694
2835408
550235
813164
44445
1805627
842020
774965
240488
2025938
2788498
1864177
1402392
1810374
1126352
2213673
1722406
2583506
1062394
2099567
2848730
1546425
3441410
1990449
2166311
1553251
628755
2102292
1179007
3668610
2272898
1270943
1520788
1148303
3127889
2467744
2951749
760779
1504551
1319547
63325
1544643
1468970
1271046
1033154
1524357
2732588
2046104
1868671
1531196
1380717
803704
569113
1660602
816600
2102289
2861729
761379
2965853
1786111
693195
1524103
917369
1603596
1320129
1255495
2788496
1130376
1222063
1047758
828242
778641
1118005
202756
1752927
1985735
1821081
853625
959272
1177651
2790287
2477069
2125715
3048221
1024480
759192
146105
2077120
1822108
128718
1356012
487384
1827323
3885119
2245775
1509693
3874766
1761677
1675834
1460419
2710347
502581
2342273
554935
2475939
1861487
2750915
1762422
1123155
2944126
790415
1245365
1521481
1032374
553131
1642274
1476606
1162919
1512891
2270137
3669201
2121155
2951751
2677494
1654239
2902017
1018019
930249
2201675
3394644
2125400
1946507
1876016
2445272
1052795
2259800
2604568
4135511
2635903
1200757
1956123
4020786
3524168
1658801
1030374
1736327
827803
2673453
1299236
1590496
1873147
3260996
959426
744040
1614500
889529
2465901
2413216
2071921
2750914
770744
1136506
1892411
785982
1650859
2766688
803964
2315558
2622787
747082
1649108
2181268
137111
1574296
2381026
1802456
1486576
1100265
905419
1728103
2270781
1762037
2477065
917129
1918015
2837715
3538848
1153255
1678956
2335730
180079
788191
2129143
1289926
892780
1938365
1962182
1726474
2116308
1473301
1104057
2790135
2396057
1488698
2245786
2164997
1137310
1642169
958098
2538500
136553
1248316
2206544
1632673
2779000
2665294
2713278
1286225
1764213
957468
1215688
1029255
792989
3121101
2250429
2648218
104229
1073789
1856597
980431
1221602
655682
1733305
589965
823257
1695991
1400405
2573530
2010006
2924443
753009
2065883
1060683
1419801
2514909
1221423
959406
1569904
1608452
910147
1120184
1872396
888016
659648
864446
1918734
1655981
615141
415941
1505448
2274013
1971326
1500990
2545789
2405223
2160548
786021
2722864
1947618
2331417
1161150
1595191
1491793
1807737
2621468
418762
2642461
2809059
1651290
1862062
1488838
2114146
2558128
392220
2121051
2245768
324614
746737
1090755
1641323
2394336
2022201
983692
2039837
3215934
2593619
1436138
2361466
126715
808849
1150882
2367232
2578936
1091114
297115
1946044
2647406
1021579
2498108
1939883
1879899
1983024
2238522
1264763
2824039
1633520
4731228
829336
1070501
1970829
2021287
4158630
3266014
1351585
2327247
1447689
2590221
1097182
2809054
961692
2661683
164020
736213
1637465
1082260
544837
1762728
1121504
722844
233070
2596018
1864175
2041972
2373899
1270000
853167
2583618
3002764
261524
1024840
740044
2168434
896898
658994
2740274
2143996
888010
2615090
2813145
759780
1035357
2677460
2635971
1149471
909990
1658474
2248980
2473043
1051486
2961652
1183208
1886545
549630
2540771
1658312
2338526
2455776
2711426
266685
3312446
756448
1221541
703584
2185651
923448
1939786
118912
668662
1989991
1712377
2368758
727636
933228
683409
786018
1619561
2034841
1461692
1796164
589969
1549121
2689510
1572870
623699
2382179
996731
1474795
669513
1343515
676445
1820338
599995
730624
2388562
2013792
1069950
3145851
3069848
1971458
2869288
896474
131564
1086057
2279004
816327
1613687
1419243
646713
1307320
798849
276451
1596706
1258642
382275
744036
2565084
2084319
991229
2343583
1936713
2078195
1271476
1515487
943019
2643135
883753
939618
900544
759056
1207223
3036835
785416
1674191
3311309
945157
2415690
959233
2097124
3063098
1740092
633993
1958623
2357806
1476582
1562893
2794036
1271953
1719416
1749322
1103903
2225036
1590637
1093455
1468467
1897577
47152
1086431
1056562
2164274
1351956
2596015
1351114
2628164
1083470
411291
2778561
2555506
716348
1164369
2517295
1318244
2881112
2045906
3192826
698252
776951
981641
1744385
1868237
1451282
2260847
2021128
1693575
1308975
1397263
2129147
1842579
1092090
1817320
1895589
2556965
1657952
2752038
638493
1785865
2570877
2040486
2538081
2017880
1228631
1180926
1158221
201522
1854558
1459311
1064909
2584766
1173138
2188031
920879
4015706
2316519
1886512
1413077
1861781
1438557
1613624
996356
1263893
657054
765018
3557698
2635981
1921069
1542899
2462350
803121
1245231
2557524
1578009
1518125
3111877
918041
171126
2943272
1188584
837014
1569034
1603921
2777735
970048
1298998
1151644
2557379
2135261
1986949
676172
1191209
1468473
1783813
719517
1942387
230523
991733
677907
2921013
948389
1033305
1162425
2335880
718679
517432
1822965
2109961
2637278
2455482
2534206
2306608
840686
2803005
1169586
1414527
1782090
2940865
884664
2067296
2327059
1953873
1530772
2022203
2400783
2602090
3259121
823757
1564521
1290855
1731253
2189162
144182
1078177
946082
39825
818022
2511144
2173865
1052899
1302567
1134681
2118440
1634214
1329273
660244
1156288
2624022
1004492
1706017
3482946
495541
2596164
949508
3833625
1619555
316995
1167317
1515062
1626537
1954612
791274
1226524
2422755
1776627
1701404
1252022
1875674
1640330
1391631
919747
2058351
1062671
962194
733943
1925933
886694
1090928
2815257
1825504
509510
139446
1529804
2153557
2914811
1754329
2070070
1022071
1956919
1886292
2628639
1183974
382930
665240
1085584
1092615
2548533
2831036
1139789
2349516
1039511
720314
817200
969097
1460113
2961702
2123641
2567509
1838383
1005072
2524959
1348158
990527
1289534
2180883
856743
1213856
2037327
1857003
3394955
1925935
2036902
1229702
3262653
1296596
2588321
1377240
1993418
2041598
3720769
1541385
366140
1322464
2473047
195165
1626474
1686683
239016
724348
2109843
1183338
2834725
2139992
790274
2580222
724015
1119965
2565986
1850300
711758
2681633
898575
1736572
2610039
2335100
3364580
3853596
1741989
1059894
2719334
161037
1398002
1105498
2200171
1165959
2857043
2153558
4371624
2404837
1521299
827990
2528262
3994753
2719427
797108
2362712
1697722
1521593
1783812
828940
2558131
1249039
2503993
1924025
684163
2760593
1092980
750612
2096523
3061898
1581544
256839
2276210
1702903
1099220
2593880
846012
2777202
2396056
384718
50892
2988681
495899
2872043
2034145
2100137
1610854
3514111
2233807
1460444
2804276
1690244
2580586
1091115
658387
1095855
2240403
440344
92780
2109842
1618799
1022070
1791235
1358299
3479800
838030
2261963
1354636
2755564
492163
964065
1718672
2396518
1981733
2089376
2249551
1187537
792712
24695
1971795
1103841
1463237
1501582
2532012
2630863
1501711
1272477
1968674
2009295
2418108
3170162
334720
1628133
1036103
509388
137108
2510640
718156
1220272
1094890
1694583
1403588
436825
2087927
1562551
1538458
2735238
896480
2234734
366142
2883760
66820
1023497
2648778
1453152
1417119
1807742
2651508
2069841
1943046
1844294
1874508
1621175
2355667
3232901
1808741
2097562
648081
462225
784369
3513421
845391
969668
667685
2449759
1294935
1914722
2211019
860107
2813781
1124137
3160676
1502636
2847753
1803114
178487
2263720
1861434
2061188
2997438
258252
1160967
1010596
927754
1174603
628139
2173072
3199701
1909554
2394576
2651794
872110
3128003
1658726
133938
2849253
1770368
10820
979155
2472592
3267578
1871842
1566064
1649842
2060955
3125070
91462
211395
2221938
2804906
2138953
1974347
3120772
2834118
792408
957971
2683901
1545944
2812094
838063
102753
1185510
674915
2815870
3031685
91143
1187302
1215683
51078
2341259
1144257
1009097
1211828
1498091
1284430
1128531
137650
577517
1023108
819981
865338
1503731
2167576
2469346
529107
48098
1192256
746840
1949535
2034490
3109881
62269
691083
1644937
1806995
2261429
207846
37166
3301339
1369124
1925029
1114132
693288
611751
2201876
1009793
728870
2534559
1688906
715637
2489593
1612129
2036903
820619
26436
1715860
1217004
1781960
58063
2540399
1509639
553034
619429
939072
1530642
1183336
3066331
2406768
628637
2061097
2331984
2414778
3216536
2589668
1481624
109939
1810154
1969909
926644
995407
1925936
2103869
39549
793257
764082
21010
763294
1856850
83974
710881
3069191
40034
2325387
2403907
815857
657519
2715016
2158783
1659767
3099626
2419257
525278
878369
3166325
1556943
790355
2045979
2528358
526634
936800
2532014
87171
2211017
2208638
1529756
2250398
1992818
48096
2062581
2682795
859280
2507884
95733
1699423
144737
1729283
93426
1645699
2226722
677872
2495109
38609
54373
152480
2161305
3091364
1991349
2097288
757823
3334317
2755563
2728186
1849136
2150750
2098486
2515485
554519
131891
3533719
1058918
2199185
2162263
2638639
1109972
54697
127842
1714633
3023401
1481149
2012780
1572830
2692144
3440920
2452646
1092516
2204720
2776718
1682424
2320451
1805910
2565022
48317
2981274
2132924
1950290
2922759
1705819
1082882
3668045
2468315
1857880
1402167
3171859
4476311
1659691
221777
1821815
87369
55474
1849132
2239337
3153084
4392973
1159678
498711
1849120
2763986
4390203
88160
1476701
1450228
3572698
2580856
1493052
554401
500183
1863931
1573659
1897316
3311238
2195728
102441
1772923
2245778
1730658
26401
3960265
3164032
442861
945686
3311170
831241
2233760
2643264
3447004
1876451
2161036
1906615
74057
4146007
2229349
3845728
3647431
1632692
3273005
2128030
2183215
58062
2651915
1009456
2431368
949029
674349
2256387
2553242
27637
2590652
3982198
279140
2751787
26269
1348658
1103732
2101986
2239073
1836680
2442178
2542628
841707
2798464
674514
1869937
1875697
4392029
1444167
2006067
3960264
2886136
64267
1429739
1432297
870707
2596789
2148514
2050437
3446914
4376042
978026
3117737
901854
1985640
1955185
1762731
4236076
3459056
30570
1232328
1059842
1110827
3186728
2250833
1785659
1919312
2643282
2227164
1754266
3320181
1706210
2844963
2303231
116708
2593243
2719462
1102101
2906054
2648477
104635
4386402
1857321
1888862
2809623
92188
2853953
777074
1909963
151229
1080177
1097543
2367517
2126990
1169773
1429457
1496794
127560
1180150
2083431
1623092
1228840
2709014
905745
3245620
1995061
2600984
1731978
2269544
2739798
2583616
989244
115384
1784484
960875
2280507
2287891
2398423
19969
2732132
2854691
2248790
655686
831868
1331610
3322666
40017
1782215
2443190
3238282
2246145
2070594
4061084
1180148
1714637
1670874
1062352
2169301
1809151
2565270
2526830
1535180
519926
1911123
2238398
211154
1941208
932935
1100071
900957
683970
2054964
1740944
3104522
1053503
765270
2273031
821785
1257723
1569153
1018714
137649
937689
2281045
2836047
4457907
3194798
1412281
2269684
1306448
2523668
3551777
1985415
2267564
1854032
889632
1838625
663725
924759
3206043
2046445
1643106
2479479
3829478
1537214
622457
862088
1134237
794480
2108648
591347
1634629
1451703
3526113
3135149
2262523
1124313
5047713
2570115
2044338
166515
Total scores: 1755
Average score: 341727.25
SSH: 56, SH: 142, SS: 10, S: 50, A: 1454, B: 38, C: 5, D: 0
