1990718
1754777
1241370
1714882
2126752
1997307
1737899
2659368
4070109
2097882
675734
3361951
3018109
1621319
1911574
668662
2629595
2397136
3854743
3355394
1551135
1660602
3046849
1093605
2058788
1869933
1251764
1955170
1780118
1046339
794670
2184680
980431
1071424
2496721
2410948
1031604
1178526
2026805
1848919
803964
2026320
877625
1601387
2188031
1843653
3551549
2444149
1642274
433168
1413257
1484776
2404778
1610730
2615748
716176
1643270
1935845
1610745
2149823
1097612
2338610
1268353
1537566
2098897
1092090
1804553
1989203
552068
3526068
1570203
1557181
929905
965549
1702172
502414
1911572
2570594
771858
894090
1626537
958176
1769144
1857519
2833172
820737
1531547
2574090
1229705
954692
1510219
1816243
1819898
1128531
1650477
816600
1129193
2512395
848345
696225
1501840
2225737
786018
1252078
1500991
2365443
905800
1860433
959406
2281075
1311613
1165780
2237467
3468687
1448813
1474956
1932649
1183255
1905654
1558876
3257738
2245774
2245766
1649884
2983479
743896
1534523
1029562
1271007
658127
890467
1539039
1649062
83975
1099936
688886
2639520
1495498
278451
2201876
1020320
1365637
1988753
2309955
2105741
2316176
908042
722596
1947968
1030374
1456771
3537841
2201553
2335757
2166311
2624077
1836484
1236582
1608832
2097992
651744
1991379
2266773
1091249
760466
1093374
1400686
1818428
657054
655300
2195762
1762425
2559123
1264831
1582674
2826252
1170505
1122284
1355247
1862796
1179870
820619
1019809
1727798
2112900
1110281
1032126
1551599
1898518
1003447
1830635
2520220
973278
1059894
1932924
1669719
1204502
1267082
403050
1027542
2352495
1716732
3563444
2331417
1942218
1217097
1072997
1015113
2613046
932141
1796418
985141
2398422
1876815
1573321
1611276
305227
2624904
1584191
1576449
1807735
2197401
2222070
908542
3526561
635865
1873147
1844417
2559127
1068383
1474946
890974
2284401
1810150
1822016
1659421
1438917
861164
1416124
1917082
2440264
764293
2249464
1820257
2170568
512000
662064
720096
674484
3699733
745224
1086057
2480904
3601629
937647
1574314
2067141
1808605
1156747
2096053
976187
1174467
1840047
1862002
808848
1619453
1978494
947145
1612454
386759
1131690
2332240
1922050
1766216
1141084
526757
2195342
211697
1262763
314645
1969095
1969946
1113057
2172108
1595191
2196278
1019006
2123560
2321257
2330482
2282064
1869935
1623092
1790044
1968445
923985
559071
845391
941197
1558869
1994564
1458573
1651290
1659547
1657639
710881
2201688
1777804
1169559
1427556
1557471
2404837
1670393
1154744
1645698
912431
2058789
2173002
1521305
2157090
1700588
1675832
1749322
994495
1859185
1898522
1019007
2803332
660357
1512820
1627148
970985
1039163
1413113
1582900
1594726
140665
1271985
2271873
205282
2063785
2394642
2532278
1595304
785394
1071242
2027987
2282103
747082
817155
1828341
1721919
756065
1712377
1355964
1649989
1462155
767203
801158
2371236
1954587
1627157
2246654
1670189
599863
3131107
1533233
835941
674128
1554693
454449
2336704
574471
2410949
257793
1653145
1694030
297115
786980
961449
1681360
753698
2245783
775131
995837
953991
555050
786867
144028
1413258
1949535
1114962
1001682
1427838
1925194
1582902
1372542
2227344
2318084
2031188
1056686
847314
2278214
1972535
1783947
2657557
1614506
1731701
1740159
297668
1634421
891867
1699366
645436
381251
2601148
1584258
2102287
2283641
1828343
888305
2348761
2226486
2518845
1570142
725026
181253
2530755
1415441
1546350
422328
2169428
556263
1854204
1229675
2176783
2117058
1439240
1881833
910147
1177269
2077119
743034
1020931
3523788
2078661
1229141
1184224
2022202
1946909
1026046
784249
726356
1769306
1069949
1177545
1063907
1759323
2330357
1127620
1185330
1458748
1213457
1606637
1579854
2819332
1711684
1631954
1951733
1853547
2603095
1014241
1820110
622407
243487
1609741
790355
1228631
1859166
2075704
1183262
252103
983680
2245772
1028755
1218888
1608897
2670759
1988748
2041224
459845
964269
1409810
1628133
1746722
408378
2603707
1083817
1183259
917129
2025942
1994597
2124721
680875
2020385
1989718
1974323
217651
1876015
979155
2233132
1661491
2530810
2570530
917704
1263997
2176922
1780840
1028006
2363005
2637354
1731665
2118445
1840044
975036
2341609
1371450
438922
468994
397299
918723
2127114
1210956
1911308
1710847
2006239
882697
2151745
1018776
793697
2964222
1370180
2201460
952620
831380
161787
1391282
2096948
815857
1954758
418761
1431582
1086267
1023029
1056140
1187393
2162847
484890
1952021
992106
1494833
1991374
1249502
1358299
1033154
1858799
1983024
2131813
386760
140897
956502
765327
1815491
1188172
95431
947526
1654578
762864
1859841
1843597
1829998
1736244
1901435
786021
1059388
1183266
931860
1843593
1954612
1378155
893736
885153
1453152
1783011
2333273
2742956
1295253
2485991
1786111
1657612
1351114
877335
821165
1073247
1073071
1201183
1994527
2444148
3561625
1872812
785897
1441095
1631290
1795805
2044585
256840
151229
1329273
799166
2115738
1260752
560651
1812660
2102292
1512177
431749
688907
1896894
1893461
1206112
729986
839627
1556943
1695382
1468467
1853842
1907933
1257564
806625
1496389
502418
946711
953394
1046830
958098
1372586
969651
658561
2185567
1860434
891293
478437
2012301
2132967
1281081
1696846
1697101
293573
1512368
1640219
925540
2167576
553131
1850300
1776627
114635
1045757
291284
711923
1772897
1706834
2511561
1962758
960985
95382
1156927
464887
1500650
2413427
766475
2296608
2280179
1843608
1580858
1936759
2592032
1792026
1620271
1749294
2593619
2680248
1843610
1649990
1718671
949011
1119328
2512396
2092400
1241396
1613232
697346
785899
1684116
1863270
3107506
103051
1863228
1080094
1950290
2033294
699471
1911333
1127768
1352602
478605
1586945
374114
2273444
712278
1619555
1762423
1843607
1962161
2530752
211889
1982581
633375
1493345
2245777
982600
1576304
1505415
1632673
2233954
648359
1692944
138008
2163253
2168768
1463054
2349469
1121504
898576
1670401
2045906
1583342
727636
1314212
3340914
899859
2569175
2848846
2099567
1459357
1206113
1610994
1915983
1226904
2058902
1763013
441320
201522
695580
722968
833389
2144183
1288675
1405927
719517
878963
1288559
3926086
1989882
1162628
1806961
2359591
1989988
1055818
2714678
1879801
1821561
2348884
759638
867747
1690778
246397
1971458
1067073
1608414
164020
991733
1053233
2282067
1165153
1620946
1758872
733755
2162848
949650
1855427
1966957
2522331
1963403
357638
1255349
2468862
1110592
655794
1180633
948389
919468
1255789
4097205
1266447
635679
2049347
2409647
1029307
748656
1642169
1964152
1562893
2231320
1594728
1572134
3071981
1983122
2030843
1961271
1153826
117236
1004492
2082939
2161929
2274013
2964230
1852797
1573324
1594727
2680522
1065000
475805
1785750
1509460
1391928
1460113
779439
708421
1008850
965546
164183
87923
2149815
735272
1321943
857431
2150733
1559388
1152014
1916878
2231706
1969122
1583412
1911334
1478355
1724600
1857527
1596178
117232
2222861
1827432
1820965
1046775
2158036
1098658
1658801
800930
1447383
692241
2931339
1810188
651552
659423
524417
1492913
2167382
1658726
1222063
2049362
2134895
962979
1624775
1464221
620789
1071060
1092364
2510998
2245373
1762429
2184833
832691
1432320
2073076
980988
2335730
1977961
973744
1330828
241578
1443865
1658474
524774
2011536
1500990
1637380
1041078
555797
1582771
1668948
1571863
335800
2349467
866192
1849505
122693
805030
1947084
1885374
1039801
1893431
1245365
1538383
918391
1797363
1329304
2179560
2419085
1989990
1506911
1166723
116128
1181750
827802
657916
2501957
1022252
3036835
1707638
1314420
1451971
2253016
1014580
685397
735701
1679686
1345343
1064354
1594988
1261881
816734
1168083
1281864
1827323
1654579
1395942
1831120
2514909
471257
1929567
2141309
1148303
1040942
1639281
1625426
139446
1991375
969681
92426
977326
1854588
2485259
1966951
877271
1869428
978325
941100
2485990
1987383
1603721
2023961
958653
2077120
544993
1488073
1656870
1416966
1571141
1270113
728877
1083458
2011535
1764213
1509549
729988
2088216
2041972
898597
1902624
1514712
295915
737579
2682718
915124
1770623
1594713
1954766
2002477
887095
1401254
2110306
2125710
2225405
1843591
2979808
1981053
2338622
783867
1072380
1669658
380964
1079055
2682720
1521304
1158227
1580814
2018518
1208245
1439489
1097552
1778453
1857648
1242897
498717
1610854
2267030
1351956
1742937
1941088
1845335
1899011
949508
1561819
2512370
1605598
2328342
907626
1144257
1707318
1773874
649184
659648
2044364
318294
1301043
1897567
1185276
1922284
813164
1415439
2031162
1167438
1167848
2014567
1603084
719594
924668
2047629
3356674
682074
320127
3321542
2145646
1762724
353033
1454948
1823389
52862
1309705
2063642
948431
1716714
1613615
1985919
1610746
146105
2125714
764441
794779
2061330
518069
1623892
1425563
481685
2195530
1996531
1848803
1086106
403039
1980287
1547825
609843
1741093
744672
1400195
800947
1662038
2217759
2005305
972401
858798
1956123
742717
2485993
933228
3262862
2328396
1623285
838489
1085026
677126
1612453
1881835
1838165
263070
1982162
1829038
1278168
729681
764820
1517653
2217552
2149558
1618411
1231617
1501472
2041153
1010850
1557405
951635
1043094
1097891
1148052
1607327
2029046
971402
1514253
2060302
1018938
126229
418762
144029
1983080
323883
1838427
50892
1979226
1618546
2050026
135177
1635864
528386
1124179
2419966
374777
1567612
1262049
1009530
1078552
176960
828940
1998195
1017976
1415438
1797692
1925405
890811
1814494
766891
2129145
1826084
2716088
1979344
1490978
1164097
1034343
292645
2221010
2149812
2062030
2486606
1627723
1914326
1257656
2018902
1218838
1109112
2009295
1608872
1762728
1989857
322054
2201814
1738992
655684
3078877
1019311
897279
1023042
2517795
1605059
725139
2287401
1078193
1844623
737100
1815278
676172
1845874
1228616
957931
1218787
1970829
1155062
1104572
1849408
1611606
979208
2048528
1649916
944710
947358
1161448
2888273
698218
1725588
2242925
378178
2086442
2049246
1720903
554935
2145649
1911666
1211828
575827
1291657
965545
1252022
1377665
1053519
1926434
2146420
930498
1620144
830322
1957429
1612329
589969
1082245
2652420
835314
863253
1838079
1530270
1043092
641605
1503470
1660682
1989318
1183811
1923476
1701404
2811259
2035315
1744522
2646233
1598473
930424
2088589
2613136
1177094
895604
2195533
869704
756448
1168082
2296259
1316822
988397
1353259
1401984
1972327
776522
1805075
797288
2480901
1444316
1733039
1187250
328472
1574899
1104323
1564607
1722406
767815
2102289
1836354
1265800
1717457
1826549
351992
1456484
821071
837014
1541573
2519704
2514776
1983358
2149816
3257370
862994
1898523
1947213
1034482
1253483
996357
1163867
2347627
1003944
527712
2475433
1317542
117580
1319770
1694501
682994
2241293
111680
894011
131891
988621
2465106
175783
1758289
1691982
2245781
1367152
2263158
1205138
3502002
1501410
1621068
1474795
1805979
1736572
2133514
1347993
837569
881417
927487
2364135
3064543
1126558
925680
898575
2195345
487384
804960
1402392
951304
1726474
1573999
999064
1571309
2468866
2017799
2443188
1309612
1397192
130500
2125717
495633
1657467
1269453
1244426
529358
1130699
1604318
1863224
1909493
2444151
1019570
1748071
1741300
1042342
1223596
523376
2640144
749189
2096054
2646232
1644003
1482747
2317124
1659750
801663
2118443
2133943
1839650
1671363
950234
2530376
2170342
1641647
2317701
863541
176280
1270410
2518844
2223134
2161926
1711326
1625916
2292542
600515
1990541
1914735
1786106
215801
2100850
625507
3257742
2004269
1848985
1797548
2324862
1378899
804021
818685
2020258
522349
804963
1735858
992223
1282701
870152
2133744
963304
1993380
2058668
2039119
1892784
1429743
2265195
992281
1370802
635493
957154
2113851
2411485
1021398
1720784
793845
267052
1706059
1242790
1843609
155235
402026
2133726
2221510
2680247
1183256
1023355
901234
716398
1318244
3590290
1666250
1466728
1212692
1799797
146235
1543094
654375
2349516
1244293
297811
1172819
1074246
1052871
1291658
1254728
1691294
96351
571620
1062210
746738
1947202
1773235
2285150
2779000
1977528
1730889
245284
481882
1924025
2410947
2861729
1941568
735021
1763062
555965
2872474
701254
513347
487589
1860939
1318245
1107300
1843589
1921228
973901
840338
1770624
986042
131840
1403163
1509590
2932945
960918
627961
1394371
1558497
1553356
1459734
2321255
2112908
1810299
450602
1781960
1561845
1589519
1269345
932142
1863226
1368678
1593699
1705675
784977
1805910
2038750
1288450
771495
2559126
1809107
1668947
1643999
1406204
1582339
2618935
1079698
1468751
1459311
2041399
864246
2593813
1245345
525849
2351193
1462875
1643386
574050
1983146
783571
2512374
2246465
1007038
1777803
2489827
1828340
155164
2076261
1925409
1538271
1655728
1968436
2003632
693288
929532
1916018
1750801
933666
2842819
2533281
1099752
1610189
2781233
2103963
486619
1799760
2085384
1184609
847387
1853274
2266094
1896862
1073964
2226655
1836302
1021583
947556
1609384
684913
1219592
323907
1536491
1580335
1023451
904914
2338619
1631028
1677854
1936561
1295867
1474455
2063891
249596
378781
713190
2674297
946136
1114045
1688154
1051486
1046951
3495347
2534930
1649842
1598715
1786086
1459091
1901537
2394645
3683363
1897577
404440
1538480
1675844
1827558
1109510
776107
972834
1938201
785902
1262796
1886292
2149819
943399
3014448
1512179
765097
1515652
548376
1113263
1949536
860488
2373144
2067117
1021592
991015
2410950
875761
2040734
1199350
972364
1088292
124664
891294
1514197
1026628
1607370
412968
1400414
1849120
95583
1102552
2931965
471079
1462801
808479
1717855
2455587
863542
889634
2637355
2632230
97501
1615502
1459621
1690356
1027702
1913996
1836274
2366247
853625
1004599
1991380
1277965
1671171
83974
2486881
663992
1948688
1563044
1625157
1233157
1858570
1274950
983645
1468473
2351892
1856287
206567
2445664
1677424
517160
1942546
948371
758579
1282279
1468472
1119026
2067859
1389960
1494341
2301161
744740
1610022
1282628
1491476
1640330
2405223
1075593
900631
1690358
1351722
2161911
336229
2237465
2846873
1775840
1426308
1962198
161902
688942
1226609
1431722
1849273
1797542
2150739
2096051
2222967
2463764
2245768
678340
2650657
1948378
1843659
2245784
1578185
2177100
1555610
2201675
1530346
147377
2066173
668216
1799197
1092361
1632912
814293
1494828
1167317
1769222
1555461
846105
552133
1571516
827835
3359566
2011421
1085804
818272
1104057
1106276
558049
2677460
1782090
2102360
2075243
1702151
1820840
1169864
2333933
1187674
1801873
1561550
1091114
799352
1925323
783861
2264154
1360265
2469345
1989332
2129147
442860
87730
1018661
2570595
1803401
1621175
1457925
178506
2035276
1675838
1558333
209276
1371758
2789992
1262832
842512
2282063
1804972
215238
1067194
738088
1243846
2223135
2132927
1766008
2467121
1836239
2611482
2162117
2120669
1858599
1831842
1949715
1071754
123708
2264342
1451992
1670005
281036
1435653
785982
1294887
1490588
1981165
1204683
2061191
1396152
2046653
1991177
1223601
772987
1477261
674197
844014
276865
477346
1960451
1270701
1093629
2245860
36077
3066803
2078961
763646
2150740
104635
496762
3834882
1804642
2328751
927823
2349437
1643641
1698115
1649528
1011226
1570183
2506525
1432512
1562308
71080
1923145
1614054
941044
1500846
893739
1851299
2785319
2365119
1131425
368238
1318360
1946044
656386
2077126
721995
740040
731624
2030431
1717459
2233984
1345674
2164424
1934841
957468
436886
1291369
1680504
3370358
2273602
1414928
1502044
1691360
2033696
3552451
1582621
693195
2532012
1257732
746736
1961024
1514204
1165064
1283463
2125715
1488097
1604286
1030012
2200557
2283639
646609
1173115
1962939
1945146
1519885
2134194
1757109
698529
853167
822651
1427449
1609251
1996384
1385397
1731253
1962275
1950880
664328
991670
1373874
1417797
1632327
2155524
908183
1180753
821086
988619
1021248
1773961
527440
2083425
3343060
1694395
924562
941137
1570760
1250198
1989557
3256307
1864300
1308410
1659553
1442221
80991
1281115
3107885
1228509
982390
41947
1302552
1100429
2147615
1658821
2446588
1530938
1083202
1278814
1956515
462225
1986093
1894591
687530
2164160
680394
291285
321336
823366
1659260
2273991
2335692
2177531
832346
1200272
869145
1480224
2444943
1287025
1653519
1691293
2432480
2042323
1481140
1181761
2320451
1967198
145070
2972551
1615427
270363
1279749
3294721
1455320
1826668
2444026
1220665
1071011
1818843
1974926
570965
2118444
1849148
1762431
1856299
939896
1418911
2326935
2154507
1634933
1807736
1053130
1793684
1982146
1711680
1911636
280034
2587891
970946
1319206
119375
806584
1116645
2006107
1268518
3338283
1295717
1989367
2150737
2257828
2283638
1742470
2111505
2170756
673275
1383451
1445198
1663161
1729805
1828136
2283640
1981142
1820794
93893
2281078
2064778
3311312
554392
1575160
3471755
1537043
2037477
1044610
1852860
1524104
1240783
1810372
1634160
1109572
2036748
1315103
918278
1877959
1441943
962800
297411
1984587
972034
970233
128780
1923556
2037317
2063570
941569
2439930
1947706
884664
234444
931487
1439137
1148238
1406919
1658281
2682795
2236622
2045107
1179849
1658063
3209690
1266192
1025644
938174
2258084
1633693
252238
1831935
1283985
879894
1728103
1188840
1730178
1916880
2518538
1275979
539789
949553
293134
746315
2616665
1843481
2233987
1053729
1309215
2219160
712945
462337
221948
2164274
1265438
2125711
1926338
1102397
1809486
127762
2239073
1498079
2755564
660593
1655692
1811527
454120
1588391
1278251
393845
1814486
1292434
2549390
1522760
1405981
3110488
877899
2132775
1382561
1224754
1951973
2349438
442861
1972181
1155515
2301514
1370595
1321492
855456
1027200
3319095
1890389
222278
1684961
1507681
1501684
2232812
2225736
1052899
1078421
2993974
1984539
1368401
2097898
1737389
785904
774514
744673
270394
1093455
1506794
823873
330273
1062394
26397
740044
2245773
1159687
2921013
3322364
1909552
1093703
949234
2437233
2689030
125702
2149822
455262
403449
1701907
2153914
2191785
1578253
352564
1609620
1363850
2191143
1950959
2237466
2889075
803418
1846237
843013
1935932
1781533
2534559
2565154
1879808
2324863
2545437
2776718
1044831
1349635
2129143
119021
1889232
172501
754143
103199
1549349
1836593
1756897
877312
1768904
313594
2223057
514597
1053415
1672204
1476606
1599393
2164997
2011188
1099759
1654883
1665528
1695344
904030
2301247
1113342
764014
631963
539578
1024742
1385215
1818785
869286
2022718
646390
1978019
803739
1018019
479681
1884781
869222
1808437
1117448
1696581
1706017
1120405
2026595
973438
1392016
1661048
1106518
1844382
3093276
2076750
2185224
2181922
3040272
1694106
891442
1567613
1461892
2283637
652979
1413224
1033882
1628503
1161162
2044367
3404787
902488
591445
799208
759433
1219148
1863462
764292
2112899
768358
776752
921821
2300118
796577
1003866
714528
1295250
713594
1225554
2480902
1468912
1783968
498989
2026835
779007
828243
2659376
951053
2125716
831879
1491660
1095854
2613140
1616500
1316910
865344
210718
2011900
1514799
860047
1802970
1952177
2149820
178645
2136334
2315558
2123381
2471173
776951
2272860
2507884
556638
178721
1949860
2035761
890955
269773
2067098
1645699
538765
1481624
1485333
763619
2238881
154226
953586
215906
1691288
901096
2139064
2233498
1701400
2044722
665509
1174838
2638309
1990062
1313816
2144226
1800218
2899217
707187
1820170
2683901
3551703
1569704
1505448
1781869
21010
1864170
997648
2622411
1521481
1161447
806376
1862521
1620698
1864175
965543
682673
1104818
1278874
991014
2169604
1939636
1843708
1582585
1818788
1860806
2077354
2324093
1544408
1243784
1315334
2198933
1028537
1893432
1679667
858271
1843595
157861
1922277
1395749
1177789
1528368
2368880
1392499
2003514
1428482
776594
1931138
2415690
1304748
940378
1225664
1476890
1984257
2410944
2326783
1619564
967311
542336
547598
655682
1183569
1565884
243428
1377917
614323
3029278
1575620
1758255
1264972
2564639
2301681
1584722
969686
1667534
112922
1720423
733753
678106
1316638
999566
2114786
1342612
131564
1838665
2103101
1397837
974975
2222862
1271012
1679782
1678466
1605412
1655981
1029255
1072094
2328433
1559974
1429747
752980
1505901
795096
2857448
1474012
2518847
2332655
1219193
47152
1433283
1071369
2034983
2294912
235470
126470
1860169
1245830
813588
3495348
2496720
647844
3171859
1893520
1095566
715345
1541243
852687
1080849
2238109
1145169
3057865
2899404
2111436
1243791
1067859
135142
1535588
1201636
1712876
1609215
1990449
895999
1660078
1724319
1388929
1016701
1611251
2529041
157321
1979034
950170
1704553
1682475
902996
896430
1723473
3459525
2485565
1989405
2646229
3421904
1783009
947477
920879
2141888
791274
783860
2719326
2209919
2482032
2139724
2015527
1099081
2790546
2089486
1992460
2017555
1963977
1972924
2615210
2238838
807074
1354319
1694521
211044
187791
1067782
3076066
312910
404429
1770619
824891
2144227
1852572
581623
2115928
1970485
1754329
1648505
1756695
1083816
2061815
1317186
735833
1258993
1387732
779523
873919
1595667
1939838
1596771
728870
1622205
1728697
1091511
485109
1365161
768454
2022201
833042
872110
1621858
1008122
1523119
908093
907850
2196456
652978
1985157
715378
1992818
1094551
3323074
2044366
777303
943988
1544460
1598716
1763938
1260832
131286
1888862
1969005
1585178
1575621
2135495
1896735
2233386
996356
175693
3027135
1596240
1000747
156679
4019848
1043326
2396057
2582733
3039613
1378154
2129967
1917013
1560189
3030240
2249401
2086666
2349954
1909553
2070070
1034190
216747
2231831
75359
1417513
968504
2477261
1174565
1738018
178966
978408
2447092
2281165
2503235
1574868
1863412
1232328
3644656
1685341
2515411
2068168
2154658
1791372
1814492
1951034
1529756
2639521
490113
1155294
656385
1142669
1478228
1468970
2625297
1117451
1848301
1456306
1099383
995835
1402367
1811460
2547084
3014649
589671
1829131
2671379
2323164
2799048
1571634
1289926
1899511
1064998
1942812
2324859
1709022
678468
2242173
1844622
1808741
672100
1349478
1594975
1431824
135370
1911665
2028600
1841176
1575381
2410945
1754721
857586
2349470
1434424
1639261
1935933
1150555
2516163
902709
1436185
1115737
1690353
1473830
1515961
1909555
1220839
1171069
1351372
3333661
1569956
2137969
97397
433005
1432943
1867667
2349701
1063364
1149471
848084
1578503
2106677
63499
2096523
366140
1694935
1315468
1255391
2113578
2168649
1073279
2074728
2125397
3899780
72585
1926750
1636195
2077121
2125724
1864007
2325531
2209202
1814107
1032263
1861487
495776
2003509
1899759
1370179
1489207
967248
279481
1454089
762207
1093434
1554312
3849847
2128708
3520394
1859107
1717465
1347584
1969064
1083053
943270
2227739
1714634
1476242
2328680
2622415
1881837
2874408
1986783
145669
1005018
1160967
970331
1837923
1895860
1290095
2689931
2082487
946535
1909554
1249833
2149814
221777
1120556
941254
2149821
2233986
1807642
1859153
2072986
1463294
2660294
2528448
451609
248991
1649064
1955242
340652
135804
1414400
1647044
2400926
2881593
709258
903280
1840498
1828346
2159525
1561529
2389623
792989
1775315
2439848
574107
1907437
1694860
687624
1677429
79862
2341738
1964146
1845585
2414165
63412
2453918
1582287
2081436
2505956
1123759
1629264
2201718
1611121
2177594
2446006
1760861
936432
652127
2273541
153857
766080
1392007
1066054
1005744
1406267
1182331
1676666
1454082
277522
1097509
691572
386728
1602635
179070
119853
588975
1656932
1932446
863532
2440571
2651414
2331416
276451
977875
1420353
2035966
1523011
2171333
889327
2022204
2347706
2059979
1827324
1563369
818370
842017
1643380
1795264
1655730
2063931
1892257
2779005
1479802
1258579
1163440
1114132
93426
1242793
1635233
1917058
2847847
2014389
1740092
3040107
2150750
95149
1413077
2301162
1028733
2026680
856743
1995244
1586892
1704984
1003013
2125719
1403588
1403276
733943
437202
1708902
1033002
1453452
1811477
2307722
822553
1573997
1700562
1972480
2266726
499839
1250770
1539040
3325848
1875484
2471418
1665564
1103520
1603080
98415
2619918
2484994
2111383
1094998
1961263
1700527
2234166
107763
1822108
2178070
1073961
1895604
1921069
2564638
272026
1192895
605717
2004925
1759171
2565022
1744717
1262795
1317124
1974177
1090928
1419243
2142744
2603689
788979
2651889
2545603
2064221
1587275
1092646
1697022
2285947
1231420
1774031
1115199
1481207
1736085
1487821
214248
2307721
1866415
1199852
2874944
1344860
99009
1582591
2087289
1383876
1890973
2149716
1053378
1181126
1429746
1466329
2287891
4308532
2603609
1417945
2664322
2319257
1591138
1694787
69131
1807737
773398
2593620
1725906
2229381
1388622
962782
1114882
1657926
1675085
2317907
1892644
1983406
1673604
2603731
1097223
1480862
2036061
1989536
578805
2054200
2574259
2340914
1426330
1118005
1791339
2174441
1572198
1283136
2287350
1288341
1943984
1657917
1626196
1250656
1891907
2221292
1090932
2173072
1495848
1398123
201523
1047758
1772514
3208830
2596971
1580330
787957
1366681
1587090
1480932
1717456
1809677
2129097
1952151
827926
2201145
727637
1524183
1094888
1344836
1828903
1770621
2418106
3040755
1807291
788113
970048
1676603
912625
2492765
737408
2857447
1663107
1734232
1593847
1175254
2077854
1417119
1270000
262302
2048477
1725782
1788131
1348158
1155547
2418108
1805438
2549105
503082
3666686
3644156
1140543
2300525
3076004
1588075
142954
1100091
124993
1084804
3034770
1140187
1712589
1359720
2546549
235880
1983081
2849253
1723203
1749360
1001052
791264
1912276
425761
1580334
3257369
1008998
813775
2320392
364532
2147636
2069841
1675830
2908767
1541853
896753
1543234
473210
2180369
1378253
2083439
1988963
705091
1580794
1855801
2161658
929999
1385398
602917
1361650
2184125
2538500
1558338
2306585
2635971
2294575
841599
1551874
2272081
1021579
1566064
968742
1842675
763122
2013012
1509639
1232039
1230854
1213004
2368899
1434351
1378285
3331424
1510674
1860366
2053094
1919312
419917
1886839
1162919
2042429
1945948
1448070
1810374
759056
827528
1691949
1619949
2076801
1831435
1889756
1618374
1247752
1025871
677962
1862525
279140
2280507
1274597
922600
1329592
1559394
2311796
2338623
2085794
1783213
1725369
1649596
1022071
1109513
2333525
1042088
2389811
1286374
813398
2204234
1773876
3166325
1816793
1625963
1060576
2084862
2476857
1102396
783127
2200809
2176046
1543159
965040
997651
1809850
495538
1160829
1709046
1216282
1670009
1605179
2687455
1677435
1257723
2154807
724832
2603951
2078232
1705176
655680
1991349
2634236
326550
2842256
716020
817929
1979462
1945435
2118440
1715176
933875
2066644
1945555
844058
2301107
1875444
2308666
1707994
930307
1004915
989017
1609385
1171316
380625
1034472
646713
494818
1732802
1722791
437393
1387233
1522333
1105536
3588981
572051
1607736
1829728
1074894
959427
2006664
240488
2751787
1817464
2128030
112035
736396
839569
1804040
2187164
2065883
2178008
1163239
2596015
1465147
1951188
1728456
1024480
890915
2017352
1872396
1752368
1115844
1023091
1690359
1734403
1927665
738980
1627926
2314855
1056562
2074136
1742204
2490307
1846113
3301339
1759915
990325
2180883
578163
863249
1436296
1172667
2445269
2199470
2009432
2055575
1555034
1058995
460044
1679788
1578351
1554404
1721685
3552792
1392757
1943864
611753
146957
1769702
1507125
1187352
2807407
2159143
1849433
1432041
854824
1051358
2362655
1614477
1918015
2078788
2987037
966203
1613687
833432
2341602
1419801
1977950
1983303
1943786
881313
2044362
1528254
1966308
1078177
3831812
1289534
2020379
1430822
2174442
2036467
1141858
1401543
1784064
2317127
1563645
2169357
1753084
1345671
2622787
2445198
3003472
805029
1360912
2039845
2618934
1682424
1023481
1073277
863543
1700432
1614716
2322515
725718
1760666
3369861
1289675
1774124
1135897
1481746
1843236
1039511
2194972
2242240
3333255
1453420
1567481
270490
1636757
768942
1564521
1765587
2244838
861415
2863524
795810
715044
1161457
1571976
1634887
1935748
241739
1562545
2610039
847452
2306930
991059
2799043
1596105
3087084
2313561
1482959
1608452
2125712
3310074
1828400
1026010
874939
60089
1754266
1329773
1985741
2140929
2573914
2535968
821070
1537214
1657931
3287758
1359802
1199955
992389
1257855
3763271
1602890
3333745
1571448
2918249
1116977
2822288
1274573
1053232
2503284
1851523
539909
1879899
724015
3331731
890190
1331237
1766514
1746840
2506713
2527867
2127653
1073934
2285713
1949675
2296606
2559639
1826438
1839649
1656727
1092615
1795849
1784600
1350175
2399834
1160948
1668949
905745
367763
1412016
2150449
1895699
1366188
1221423
998048
2452634
3156684
1890216
2187303
1519137
1584604
2997125
786108
1858669
1661222
591347
736215
1456429
1974330
2002322
2141048
1462224
816327
2531164
1992745
2682098
2742940
1578784
1945547
2677494
1696580
277983
1129480
1623206
2274874
986491
1706210
1679794
850854
927754
2226722
1570547
633993
1572141
1730657
3264076
1093406
1450282
1038473
2004799
1167475
1072897
1310919
1524581
569590
1783812
1956730
1431540
241294
726381
2119027
1679837
364473
3073983
1353480
1476582
1548125
1493052
1477241
994038
4095763
1805627
2038186
3081319
1038608
2803459
2346624
789765
1863869
997320
1625191
684970
1346404
2017538
1816320
2084677
1859223
2209888
1793422
1824332
1901162
676575
1329774
1158474
440547
2238810
1697643
2240404
2143044
917872
1976040
2234942
926644
1844019
1156568
841899
2099761
3263174
2675575
1551576
2361328
1354990
1772923
1634985
1533390
1278652
485125
2236260
2113754
1176927
3359700
978500
2122535
2153557
1518125
1067074
769590
910822
722844
950963
1400367
2060897
2791096
2431786
1524103
1084742
2377957
1765081
128132
1714756
1331610
1930636
2987479
2185651
1603540
2527150
2599514
734184
966177
2041871
1132818
503262
1131747
1562317
1358921
763213
1636508
2614851
2116237
779950
1257162
2304622
2134823
1572868
1743616
1449913
959272
1241443
1183809
1741989
1701715
875324
1729283
2144225
3066988
2528447
1803114
2896394
2535680
1216247
1594712
104229
1036841
1815608
971405
2022531
1666065
679943
3093271
1480366
2699289
1702581
806325
2450295
954254
1693184
1634739
1363620
1716034
1303748
484036
1885048
2064453
1087334
1897551
977770
1979836
119431
818022
2600081
2034895
1962955
2609731
2178107
2473365
880496
943248
3977703
1253351
1840159
1047919
1668945
831873
1115976
2363801
880761
1183338
677938
1609602
589581
525278
1907310
1440018
2061192
1306448
1103732
4059970
1788629
1178810
1562497
1619969
1829925
2273031
324516
479812
1500058
1623725
1372338
1126915
974939
2176591
2158483
1900116
1093704
1843663
523532
1566967
2407575
1158040
2743756
1796309
1629636
1761677
2476811
177162
3125070
592113
1313635
841565
2218609
2250471
2041050
2531260
2324387
2184521
3259719
679004
1809374
2048601
2131792
1788628
2886136
211007
1275831
217977
3501901
1287350
2417422
1763937
900957
848159
1714637
1518701
1082614
1084855
899732
1647382
1701563
1351501
1429744
1125406
1756964
1924570
1567645
2125720
1154766
1973466
975418
1990183
1562305
978213
1213579
1391815
3323078
416971
129891
1201899
1484989
2471823
1700933
1569904
1220408
732316
2138509
1612129
1112356
1403318
1702281
1451282
1131424
1546425
611751
2542628
3633025
779179
719051
901854
2106248
1910434
1563654
1380717
1586591
683825
1426038
2173775
1267198
2633668
1868302
1067720
2179629
1093661
1350927
2330574
1146756
2095627
1426926
3659089
2022061
226605
2189162
2049342
960875
1908543
1846898
837567
3094706
823710
1839044
2164095
1812392
2136080
1194447
1851537
1935880
1990545
2655718
2626473
462700
1585979
898106
1981733
855762
1083583
1398809
2320454
3569579
683409
1593927
3468194
1049018
1002613
2226085
2554676
2239445
1083054
684163
2430086
2564395
2689459
1579624
2679887
1230741
2271070
141423
1401231
1954858
2205657
745360
1636879
2291305
2014039
1115999
1002428
1218337
784791
2569254
69129
2126101
760779
3708195
3683429
2923999
2848842
2098737
2898419
3107406
1451703
2769504
1589931
3946759
2097855
2279621
3040791
767774
1223690
915210
1488685
2084319
405059
3323076
1268406
2212627
1170453
441740
1939637
1234480
136553
2156070
1204171
1469680
2470194
118068
3591050
2415080
1166289
1972417
2992705
2442129
2239876
2058636
108088
2004828
467821
599877
2699240
1679789
1134237
1692395
679131
3172209
1384610
1315479
1635073
3338304
2584895
1768241
2677019
2680455
1220396
2562794
2297100
1057141
790048
2488047
1640805
2144193
1295849
3774958
1734494
2269544
1551873
1045650
572525
1163521
3849117
2268036
2173865
1028910
1168174
1551961
2231703
1783013
1548347
3890723
1372951
774965
1233778
2730819
1021421
1555724
451612
1216854
2388562
1865418
1270888
588599
2578838
2022704
1075797
999720
1534949
1309290
39076
2267564
878369
812180
2512991
1749822
2523668
2504695
1840736
1582988
2786980
1608941
765018
1229863
1111493
2330076
1060951
2182100
2058088
2717891
821549
1792059
681813
1249815
2234162
1556971
890911
764082
1371599
1603081
995932
1083052
2211141
917852
1226524
2101986
4001454
3037642
1088956
959194
2340789
1450182
657519
1879169
1219210
677903
1715917
2992795
2533711
790229
2933746
1754659
2809623
2165744
2102902
2294521
2383590
2240526
2269279
1399651
1498892
1083470
1320129
1897316
2132706
1793625
1142960
3396147
1860991
1995061
1289927
1410548
1397599
2429107
1008079
2348869
2199220
2290717
2554582
997365
1922293
2057057
1306992
1626300
2296588
1995114
3164032
1616415
1794985
1313029
2011173
1783014
1081292
2795613
1612465
1377588
1966762
1886512
666825
1296370
2229699
2090255
2309694
1946834
1301354
1492654
3520227
1776723
1681634
2469346
1515526
1580084
2521259
1478218
1209708
1508836
727204
827952
1571568
1639118
1348658
2061188
1314214
411291
2343490
1294882
1410549
1688002
300689
1843086
1208919
1425112
1693956
2573493
1016169
902888
2203573
2016168
2201307
254656
1601287
1234400
2495251
2670817
2072475
1229651
1114721
2376713
2014387
2188807
2108926
2038860
1674139
170608
1138154
1105826
1056202
2968949
1168807
2495789
1988096
2060262
1040647
1398848
2623831
1483815
1858652
3500105
1243461
1593674
2200811
1804393
2332429
2021776
3495322
2022477
2352892
1685774
955812
3135149
1542373
1398110
1603128
1232752
2654458
2117380
1160810
415479
2026391
2590221
3283445
2392163
1149353
1549739
462736
3595696
1850329
986943
2209289
2311599
1627860
1693575
2463770
1692260
3976192
2040764
2388297
1343517
1907826
1730658
3578634
3194798
2200805
2060277
1679799
1182462
1306399
1400321
983609
1028144
1137172
2285424
17909
1100071
1686499
2068688
2359099
2431368
2929651
3057335
556716
2334023
1076701
2167232
2012009
1166087
2593243
1513541
3963274
1482615
889177
756423
851255
2201824
2943265
2633674
2175469
3256129
2443190
1231072
1783012
1215688
889632
3093269
3001532
1640115
490910
2061247
2264767
1819333
1597642
2173373
1815397
1705819
2399207
1731978
2084661
1577009
1762037
1584957
1022959
1125866
655679
935455
2136959
3560543
1686683
1067513
1332018
1978717
1415526
1623025
1247226
1545078
58064
948180
2514910
890084
990527
3920071
2048026
1567435
1345677
2220885
2844963
674349
3136646
1546209
1857321
1210660
1696136
2515132
2328679
1558337
2363298
2183215
690982
1031991
3403124
3557474
2835408
2815870
3582418
1527960
2988681
3126710
1408449
862088
2932798
2195728
2449729
2142921
1641008
4090448
1266235
2284947
1861656
1740993
1185233
924759
1906615
2153775
1226973
1581561
2365714
1353936
822765
1474888
2633754
1472242
2479479
2360072
1984258
1314987
2088045
1294402
1121909
1383825
1671176
1984256
1837350
992437
2050696
1187302
1850246
711758
1229038
1291225
1480798
1657723
1670874
2038263
500183
2169301
1989886
1351972
1544643
1385964
2332178
1390577
3379344
1169773
1872563
1260538
1632690
1160282
837604
1149423
3444967
2138577
2269684
3089379
1375449
952383
623699
939618
1299008
2813660
1384053
3352759
786636
1740944
2132924
3890688
3871780
2351094
777074
1872562
926143
1010596
2781522
2631924
1312375
2046445
1850085
2493793
2282368
2070594
3034391
1125642
1643106
1360895
2902513
857624
1453405
1723257
924337
1809573
220330
1540283
880321
2318302
2457197
944864
1803623
2502692
660247
978026
1738136
2331169
611931
1870321
3034396
2246659
827317
683970
3572698
1253352
624133
962454
1219310
1600465
2234163
3333701
2233760
2497465
1243117
2083676
2126990
2205311
1103865
1042089
1062374
1646193
1245003
2300237
3050529
969314
774293
1500740
3023004
1768264
1746902
663725
2061194
2037761
2553777
1842700
3119369
1565144
3006997
1885531
690461
35015
1137879
924414
1665638
561335
1396795
2433606
3567527
571291
996136
2489378
945157
1158325
2085694
2336310
3145415
1871842
628343
1665829
2045979
4031654
1869919
850964
848161
1949562
1162425
1839222
1828562
1729177
2634649
507099
3946691
897024
1126228
1294709
2555384
3854204
1726866
1902818
1988320
1905396
2726346
544419
1185036
3064687
1831051
1765069
1647659
1563134
3614314
1137173
2231702
2369202
2237074
3499015
2300175
755124
680689
3345193
937709
830607
1813910
1941208
1412281
702412
2531886
722470
1306932
2217489
1914037
1442992
888621
800237
4225553
2555405
1786515
950677
971834
3390227
1219705
4113363
1519160
1783010
2495793
4104866
2296022
2673582
1191209
1300513
966160
3093274
1782046
1454085
2799357
1160278
1944926
879061
4284415
3578050
2186019
1516650
801303
3054701
1137171
2825148
1977960
2304303
769343
828242
2006067
2599450
196977
2563946
2064615
820483
1189078
2602326
1006822
4048545
668460
1527747
2125723
2995944
3093275
2342739
3626128
1365772
2599504
1029677
1089798
933827
2478408
1776083
3019409
1935058
959119
2660646
2164601
2367340
2914646
4227679
2914288
758233
3782929
2550203
2514739
1926301
2040582
437139
4028364
2651888
4049497
2340796
3309764
1113246
1629635
1231616
1100231
1448038
1968283
1074806
1353828
1592916
1642114
174195
2622988
203701
2677343
Total scores: 4722
Average score: 219443.42
SSH: 14, SH: 164, SS: 3, S: 11, A: 1946, B: 1302, C: 1012, D: 270
