2397136
1754777
2964230
3665005
1989203
1695382
3018109
2097882
1469240
2025938
3648544
3548649
3385971
83975
1942218
2496646
432839
2102292
2826730
2659369
2067141
3126758
1970565
2778999
847314
2102287
2477065
2185879
2615748
2102289
1804553
1810188
1702172
1849505
2742959
2530810
2118443
3873445
2165271
1762724
2803332
2521210
104229
3082675
161787
3551549
1644535
845378
2245783
2596018
2201553
111680
2800850
2025942
2026805
2659368
2316176
1911335
1988963
1059388
2156842
2069999
2742960
1897567
2606880
1626537
2659911
1988748
1621319
2778998
1675842
910147
1610994
1893461
807074
1046830
1619555
2099567
2461085
2477069
2335553
1028733
2044368
2523311
1649528
1797544
3121360
2030431
1762728
2659371
2514777
1997892
3874766
1860169
2964220
905800
2030843
2222887
209276
2058788
555797
3607499
209576
1725588
1797557
2779000
3561625
1029562
1181761
65810
2684855
1851299
3310074
2596015
2360394
1420671
1373950
2330482
116128
1797628
1396152
3030240
2025941
2518844
2461086
2983479
658127
2245775
117182
1033154
1706834
1989718
3055878
2742961
146372
733772
1001682
2653571
1797549
2156326
514516
1800249
3126205
2522352
2404778
2222880
1608414
2070648
975588
1988751
869222
3591067
2060305
2060302
2409659
943399
1030374
2444149
2126752
1983358
1476606
1643386
915210
1985735
1889232
2231267
1695991
2069841
119238
3257742
1746492
1632673
1829038
845391
2405223
817929
2036340
2921706
432841
1169559
1372384
2851932
2889075
1838159
1385398
2514776
1474947
668662
2596017
2993974
3206402
1655981
2604568
1962198
97134
1978458
457257
1978494
2635558
1827558
453042
2651508
2164997
1969095
1420669
2060306
2502889
1762729
2651771
1127341
2654458
155236
252238
3071981
1909555
1983024
1911799
1639736
1670139
2245786
1802637
1670366
2469346
1810299
243487
2077121
1618411
2518847
965549
106033
658561
1579673
1623206
1639737
1182090
2025940
1988749
1613232
1762727
2969237
260098
1969635
3447851
1474944
965550
1816330
2892752
2365752
1970829
2782388
1860939
2281075
2328680
901854
1796418
1974023
2245784
662064
1849120
2245785
3068611
1770197
1988753
1838165
1645699
1690353
1797542
1121245
1675841
404823
2700059
2223144
1762730
2112898
1675843
1849121
2920787
1483063
1711830
1595191
2098548
1251181
1509786
1121248
2058790
2444151
2283574
2008999
2464481
116739
1850585
1945175
2404837
1963209
965546
2916636
3028084
1056524
1069949
2025939
2569254
2467121
2596016
1529799
2098534
1474946
1610022
492199
774965
1180037
1898519
1486738
2812121
147327
2245772
3257737
1509693
1635980
2102290
1241370
2861378
229179
2827249
2612776
2330357
2547614
2246465
2385730
2617892
1794170
1639738
2514775
1128531
1385397
1385415
2794354
207659
1517511
3044261
180104
2201876
2385731
2899987
1385399
1994942
2245787
2727032
2281079
1911786
1628528
2609485
1950964
2044366
1822516
1860938
2170029
994043
2670640
229180
2250747
1180151
543449
1869933
2640143
2882497
2803005
2836528
1871842
3010178
1825764
2794113
659439
1843653
2450629
114635
1961593
2414472
1917157
1655999
2851931
3078877
2284485
1946044
1971795
2444150
2833172
2874408
999566
1836484
1644684
2058787
1029307
2579079
2062362
1869935
2718238
1911333
1827412
556312
1983406
2851933
3045781
2044367
959272
1247975
2820118
2825658
1895399
2749461
2983110
1775840
1902624
2131813
2886436
2149448
3623106
2567535
1826030
1571309
2296789
2044361
2851929
2058786
2678701
2964222
932904
2639952
2202719
2118445
3042670
2477067
2164274
2130382
359357
1631290
794779
2882077
2279950
2404195
2514778
2279985
1818429
2331417
2399623
245284
1530642
1111413
526757
2794353
1769144
1150597
1846226
2571342
1199955
1623092
2059822
2385732
3140318
2742958
2730824
2097898
2149447
2596019
819944
1861487
2831771
1600415
1700020
2125288
2281077
1896298
1607736
2709210
1464026
2519704
1595303
2825255
2062363
2385733
129301
2227344
1911346
1764213
1989332
1988750
1846237
2245780
1150882
1256809
2680865
1659929
2564644
1648055
2467941
1762733
2518845
1124179
2281076
589671
1909493
1957429
529358
1614054
124275
2805447
1827324
3140221
2774196
2724777
558049
2155451
1848456
677872
201522
1079540
1351114
2663022
1078177
1894591
1860435
2245776
2826912
2444148
1043089
2608130
1032126
1830300
1959587
2804276
3747453
3009707
1897577
2129101
1645700
1946909
2044365
2640144
2359476
2425317
3262952
657917
155235
3257738
2914811
2281639
2547566
2815761
2851934
1848919
2223135
3637802
2860521
2087928
2688295
2370655
1675840
932223
1522239
1993064
1675832
2229349
1951721
2404194
1827323
2163449
2793094
1474956
1816113
2495753
1570183
1329273
1345672
2861376
1919312
1383387
2156323
2295687
2780934
1039165
1588610
422328
2201460
2951747
2149446
1697722
2821857
1642274
1911347
2874540
2469345
1482116
659333
1951720
2861377
2279984
2222861
3081596
239265
3183727
1785329
292368
1712012
2328679
1869936
1621175
1969946
2222967
1645698
890190
1797548
198171
1988752
2965153
947555
1642169
1522240
2296876
2779927
1675839
2681913
2831645
2547950
2168768
2486881
235879
2281078
1990449
3268285
2522076
2132926
2284484
1831197
1639739
1474949
2102288
1863222
2789488
2039543
2773184
1863225
2997811
1345673
2409609
1969637
2060308
161190
2620987
1700527
646713
2258687
2782390
2365443
2296481
1854034
1519137
1826438
1524241
2723452
3141504
947556
1690358
2223134
1899511
2641556
1609741
2038915
1856755
635679
2060304
965544
83674
2626203
3131969
2278232
933105
3367389
2226486
2582895
1984384
1627149
1744286
3111221
2643107
2915790
2732387
1816243
2331416
1768904
2836353
1620144
2201675
3031685
1869937
1597765
1796422
1949715
1914722
2173528
2924352
1702903
1039163
3601629
2808980
1309215
2826914
1627148
2039236
545169
2522835
935029
1974323
2045213
792989
2067117
1790866
160486
2719327
1718671
2142695
2823270
804164
789765
1911334
1962182
1597806
2167576
2475939
1675834
2969988
1612454
2595817
2988681
2861740
1898518
2201972
1857519
1039164
2161977
777074
1968605
129302
1144257
3445270
1893431
1570203
1696087
949234
683970
1483372
2456085
2620858
2461087
633993
2489792
1180148
2548638
1849273
1104057
119056
1625592
2669266
1972327
2719326
2044364
2569175
1690355
2467910
2742956
2097562
2727030
2245767
2640145
2495755
2058789
1796420
2951749
799415
3048496
2106248
1179678
1829925
3335285
550235
2044362
718679
1836274
1385396
2245771
2222070
2535967
1859185
2826331
1858799
1893432
2816685
2587642
1828136
2245860
2112899
2245781
3552451
1124137
1650657
2834295
1968445
2472811
1624513
1854032
1191209
1627157
3140220
2997810
1860433
1010596
3305932
1180150
2039119
1611276
1509639
418761
1945555
2779003
1983411
1649842
2813781
1810372
2023927
2727031
2254470
221777
902259
943246
1829998
2287845
539578
2517107
2519450
1026729
991733
2687022
1898521
142239
2131562
2118440
1964153
929999
2789777
3141505
2245777
1141084
1601387
2645464
2039845
2475402
878369
1592917
1969236
795627
2964221
1519160
2625911
2769851
2276210
1345674
2508517
1247976
2692144
1964152
3385966
2428357
1608992
2904378
2455484
2036653
1621068
790229
2269544
2522353
2540399
1419243
1956104
1696846
839947
2049467
3127889
3110488
1556943
1623093
86324
2520362
589969
2831647
1592916
1078178
1656870
690982
2860496
2479455
815857
1818428
2316005
1610745
2988413
2593620
1569704
2445664
2354752
1350927
2886437
2226722
2464480
1489207
1955170
539394
1969122
2465106
1917158
2791233
1949535
129891
1805627
736214
2839919
1793684
1944926
1643270
1911308
1915918
3011287
2077354
2606014
2701875
1909554
1960837
996356
2112905
2003632
2133576
1569904
2637278
1872396
3018869
1266392
943403
2478018
2022718
877312
1675830
1892257
3045279
736215
1154509
1083470
1610746
140665
2128030
2715016
2663017
2861729
2560356
1628503
1564921
2592149
3266252
725718
1967680
2022692
2663016
131891
652234
1345671
796161
2534930
3041712
1803962
2733511
2367340
2700056
623699
1849433
666773
2105741
1656727
831241
1121909
1462224
1807642
1495498
2168649
2534559
3403124
970048
2031676
3371802
889632
1150868
2877317
2535968
2815870
2715472
2291305
1218649
2933892
1863224
1829131
2560354
1969005
1475722
3135149
1788628
2786980
1613687
2053065
3025365
1948378
1809151
2546306
2657705
2587640
1705675
1978495
2854691
1706210
2084862
1648054
2664322
1682373
3259719
1551873
1709121
2545789
2549131
1949675
1192895
894090
2264529
2137969
2004799
2660646
2958956
2200557
2218609
3365585
331352
2118444
2514739
3179665
1343292
2728977
2245774
1874165
1551874
1636879
1556011
2628955
1690359
2523668
2046445
2758027
1527725
663725
990527
1899764
1563000
2267564
2981274
2562794
888010
888016
3650854
2201971
3240784
2863658
917062
1076862
1534446
1134237
3443974
3076004
2854062
2455482
2479479
1518125
1141858
1774124
1681634
2567560
1031991
3301339
1744385
2333302
2716029
3037642
1947084
2237579
2317620
1656000
2809623
2870806
1643106
2132924
2156070
3205626
3082601
2105163
2014389
2635981
1186901
235880
3050529
1345676
1809379
789130
1345670
3301849
1345677
3443569
544419
2740912
3119369
2715815
1922893
2064221
2774742
2455487
2799043
1909553
2951751
1809107
2779001
2303916
1860434
2779005
Total scores: 1133
Average score: 193347.27
SSH: 45, SH: 27, SS: 16, S: 59, A: 575, B: 287, C: 113, D: 11
