4742940
4828509
4866452
4392936
5028211
4897206
1044728
4746232
2257346
3128003
1125406
2059822
1083470
3185724
2708949
3191142
925812
1754777
2323911
4641395
1205876
4838655
4912929
2801009
1241370
4187053
4190966
3583101
4205843
2470194
2437233
1861487
2623533
3820440
4445719
3586535
3309138
3306465
4808112
2818772
3884667
1860169
4754217
3472218
4780251
2964438
4064320
1919312
2709349
3690510
4244210
1737899
3725959
1594426
2486881
2399954
1213856
2485595
4145797
1042794
3552839
3826380
1157868
1872396
1514256
2610039
4755428
4843799
4193382
2632230
3074941
4917483
2126752
4640775
3630575
4791798
1488203
1574230
415479
4788170
2662460
1677789
1911574
3851850
2863215
3134075
1199955
1217371
4803756
4423878
1554502
2368880
2466406
2663986
1773082
2315558
2836353
4778695
4591775
3826352
3995494
3045513
3137518
2457532
2898086
3885119
1589931
2657557
3733949
2282512
2502643
2269544
2419085
1253862
4000950
806325
3638014
2893506
1911705
4127421
4575086
2496318
4881614
1566024
1464254
2352279
690982
2711426
3891621
4804326
3655971
4628575
4306512
3448086
2933746
2095803
1594116
4352514
4684351
4350948
4607972
2178147
1816113
845378
2075704
2813781
3380022
4048208
2496720
2319170
3970329
1580084
4835404
2964434
4895970
369349
3416615
905550
2128030
3494148
2332088
2285920
1845585
2937933
675734
2240526
2228387
1925029
3302952
795627
4479719
2641556
3643457
4434308
3747831
4708233
1286726
1997307
3909739
2524196
774965
2608130
1746492
2082447
4215279
3665005
3708195
4528589
4651531
3361951
2058788
2326091
3403437
1815397
2209202
2141888
2185824
4805580
4819557
4176679
1192232
3357805
1989203
2203622
4848667
2570037
4598620
4555447
4643192
2079597
1172819
2032535
4804325
3284086
2602722
2674676
4846148
2781522
3264311
4701433
4276614
4571865
3876066
1103903
1881615
2725050
4876749
4608459
4270213
4636164
3595734
1921109
1603635
2505956
2514739
2456286
1933511
1771619
1955170
3622105
4795498
3109204
4641402
2969988
1091973
3062833
4787127
2625911
1261191
3983866
4498326
1943046
3233446
1903809
2354761
807074
3066331
2460688
1002858
3637802
2324906
2069933
2235465
4033854
4793132
4734486
2097882
1761581
4273585
3121104
2624331
1292452
4013493
2157291
2961551
3756074
1414762
3996180
2874408
4443814
2569254
1286697
4798246
2565986
3954641
3107578
3656047
3692895
4131123
3865683
4126156
1498618
1031991
4585194
5084607
3034573
4438740
4904958
3583248
764082
2964430
4393066
3879889
3623807
1569904
2233600
3514695
3752975
3419039
4294623
2365752
3719813
2149131
3876342
2315560
3121730
2062833
3063519
3311847
2362668
2655355
880163
1846275
4524940
3623106
4534858
3648544
2026764
1555792
4017986
2637738
1944778
2677019
4127115
4054471
4766339
2622787
1947968
3626588
3666429
2974112
2964361
2012300
4025463
2889676
3770735
2791233
2897724
4051851
1251181
4219154
3407302
3853723
1990718
4944707
4227410
1969946
3956011
2801428
4805054
4904540
4857997
816327
4448533
4987126
732951
4751287
129891
4146327
4231092
1874165
2854237
4446015
4365395
4595471
4572845
959426
2111505
2544117
4802384
2306595
2237466
4639931
4846816
3254875
3199095
4786970
2744798
4403746
2559126
1861434
3885261
4646545
3221833
3873379
4225904
4225030
2956320
4531245
3533482
2477261
1949106
3928577
4512893
2763702
1871940
1577020
3088767
4323010
3646969
4872744
4153481
3802267
1918413
4952940
3218544
4684761
2160184
2389303
3260996
1843589
3916155
4428418
3823337
3932822
3018109
3708780
3299312
3853809
2443190
2763312
4543721
3747453
4063195
2689931
2413242
4368596
1301154
3685606
4699298
2421670
3625911
4580612
974352
4746251
1226524
2539110
5027617
4541276
4476311
3081825
142954
4274997
3739950
4785253
1987289
750244
4860483
3932615
4157223
4609995
1329273
2492022
4023133
683970
2479386
3897459
2247946
2600930
2345714
4123407
2363282
4212344
1783947
2267262
3863961
3097443
4431476
2769886
4201398
4753901
387923
1832109
4133381
4753900
3873445
1809151
3837137
3854119
4805630
2274874
2142921
4951070
4364820
745360
3387212
2423593
1804279
3603026
1869406
3716950
4153251
865344
4225364
4385421
2022718
3145415
2505463
4796274
1181761
3787349
2049467
2098222
3213845
1866087
3026203
4645541
1911308
2696206
4451708
1736827
1322892
2249059
3789556
4156030
1075797
3215934
3188043
4119955
2135405
2025205
5007164
2693308
2197401
1401547
2145832
831241
4000414
2925589
4770387
3448517
2102854
4510472
4908431
4854026
3589801
4111035
1652549
4181770
4277533
4762173
2141415
3232952
4679519
3311489
1582287
3652141
4305219
3841936
4131039
3606457
5060064
3966089
3947004
3127889
4822475
4277110
2743756
2650738
3700073
1600415
5078406
4272169
2399304
949011
2993282
4383170
3558248
1625858
1849580
839947
1429739
3623688
2390472
3651961
387070
2360394
2036391
3520509
4392973
4867909
3252516
4146007
4331705
3909857
3196033
4634840
4735162
4573965
3590961
1783012
4999825
2677494
4510513
4780371
1714882
3186116
4808011
4669413
2254763
4215263
2276018
1912402
4941570
2410834
3154809
2146365
2994352
2527150
2619718
3415931
4502914
3351262
2226722
2596018
3145691
3867964
4921872
2902513
3832947
4999015
2371246
777074
4112706
2793731
2342187
2418745
3278573
2248906
4749785
3873289
4302217
4672863
4323280
2134538
2016359
3121079
3135335
3552782
4069336
4617965
4760524
978026
4571943
2680015
4344783
4745591
1817422
4144608
3727508
2348878
2654458
4486700
2144222
4001991
4850086
4052495
3743610
3112994
2272998
4019853
2707826
2728092
1066197
3633025
3987607
3240924
3151263
3792787
3638479
2958666
946405
4101954
4894723
4390731
2267264
4988335
2881756
3025365
2681355
3098371
4237906
3491545
4148631
2035949
2360637
2868674
2343932
3887258
4174237
2477047
4302772
2585550
4134579
2577510
2384141
724015
3962898
4685718
3839711
4238695
2267263
4658853
4132253
3056834
3882571
4889032
2173528
1010546
3295404
1572830
5005231
2988169
878369
4050349
2326157
4877481
4916328
3666536
3826008
4669813
2091233
2793738
767203
2359630
2161926
2589997
2284947
2996505
763848
3310074
4792723
4836916
4893335
4750945
4805579
1398259
3894303
4327290
4526467
4699086
2724942
3501288
4393405
4860374
2624022
1641423
4864391
3805636
3889454
2205649
2520220
3387541
4225952
2234808
4674858
1544643
658127
3825222
4239975
1973997
4046814
4181655
3262508
3649088
4392963
3965842
2335982
4718650
3270058
1537566
2205152
4941141
2328679
3502722
2680501
2691242
4805567
3854743
4754134
4251735
3958963
4224032
2367013
1940633
4101543
4622422
2590312
4153644
4414862
1126915
4529872
3563274
3629265
3730419
4296268
1984886
3906538
4802256
4707333
4990823
3194020
1808605
2183215
3448856
4059332
2660646
3355451
1573320
1882794
2382377
1010596
997365
4009923
4702632
3651837
4659853
4947080
1791372
3696834
3234910
3548649
4658242
3170563
4720447
2681192
2962115
4348975
3684556
2234883
4651512
3811857
4822679
1644535
4545930
2835408
4306835
2175863
1993380
1807460
2075548
4163988
3642423
2045115
3837955
4939871
4763564
3629256
2198209
4400467
3303431
623699
2496646
2365928
3621507
3946158
1059776
3624004
4992898
4211571
2133576
4766137
1377957
4100557
3841937
4837918
4680797
1141858
2222880
4640368
1786111
4862036
5083496
3902138
4537220
2841428
2285682
2597311
4346508
926644
3851983
2246465
4341189
790048
4448532
3771820
2960685
3742304
1410748
3286148
2051817
3950021
4852514
3620424
4503583
4403447
1706210
5008487
1099201
1888553
2020385
2225765
2131344
3055243
228425
3248124
2908255
3791647
939408
2614851
4487893
1277254
2493793
1599882
3959036
4882708
3547292
3590785
2978571
3427384
3817010
4801102
2468865
4111695
4708012
2372903
4570808
2991319
2731892
4373225
2076544
4389301
4395884
2721096
3111877
2511171
4097500
4011865
4521513
4941216
4097298
3505029
4085207
2211017
2798439
2128271
4496879
4395907
3635931
3497321
1822108
5001427
869704
878791
1947687
1990449
2615748
4815899
4625936
3449740
1409923
2640500
3970526
1948937
1626300
214903
3014841
2292543
3104522
2861157
4864379
2693859
4839949
4382678
1169773
4881475
458582
1671813
2236260
1028733
3487299
5068198
4435715
4303678
4215344
4030293
3058489
4792013
4439821
1058707
3729850
3977067
2946267
4001992
3602756
2548087
2540399
890190
4791387
3005812
3310130
1974981
1460331
3746471
2045979
2368758
4412889
4177202
3710700
3872148
2004520
4948755
4872576
5059138
1462224
3295903
2955445
2563989
1632562
4715827
3779492
3886055
2201145
3608737
3510788
1431530
965234
4512228
3135149
4654340
3476542
4077217
2886273
1231616
3055000
3949741
4682244
1937075
3008709
3571124
3609961
4280849
4009988
2848118
4796255
2551957
1985735
2127344
3647431
4339576
3836767
4298765
1401132
4140160
2898085
3205101
5092132
4825535
4394287
4256699
3017461
2039845
2518845
2943265
2962915
4708029
2831036
2332963
3571675
4248465
2056945
3737197
2100822
2580981
722844
2592438
3730756
2311868
924717
5020005
4468738
2166311
2266013
3113645
2709284
1083052
4440090
2325387
958098
3482199
1656498
2077121
4873470
4768777
1029307
3311490
1850085
2926208
3629272
2039334
2789186
2539503
975234
4502085
156352
699422
4054997
4106603
3883450
2690695
3685605
4990870
1897262
4881738
5017768
4019798
2162895
3994410
4830469
2256387
1819763
2060305
5013403
1131424
4112730
4190194
2225036
3902585
2942907
2360153
2349497
3358511
2211019
1539911
4053290
3642565
2123199
4682289
1484304
2118937
3880732
2815870
2627079
2025308
1527960
4208735
3469663
2414472
4220690
4417243
3560365
2405863
1824928
3606209
2486606
2409570
1648055
3992865
2176046
3353491
3102876
4461967
2602336
1894962
4829140
3629261
3995619
4791612
4081902
1296370
3151979
2628833
4419972
4106514
4625979
3917116
2847847
4590815
4557064
2574593
3645144
2076851
4685807
2881890
4234279
3138563
3393903
4431142
4593640
1867520
4001990
4509709
4358129
866727
4636370
4927491
4704349
2471384
3214586
3287550
4704022
3725972
1646193
4618597
3847754
3871800
4710077
2379028
5008484
2935781
2077119
4851790
4523530
1300502
3629263
4112173
4886597
3610692
4002050
4708129
4179379
4558862
1539107
949029
2441889
3479800
3099922
2623071
2944063
4704307
4087255
4407298
3417911
3629259
3130993
4452452
4499926
3641589
1219975
3642651
4697137
2477510
4274014
4976301
2155771
1702903
4368642
3291179
2237467
4143815
4829545
4628870
3619402
1889232
3026470
4085195
3906726
3087082
3207094
4088354
2659890
4575997
2285281
2236710
4728719
4385764
4758794
4750845
4714765
3682590
2485000
4763025
978213
1681360
2919041
3353695
2552608
4687866
4984460
4916484
4396672
2635571
4556181
4355592
4270897
4881796
2699196
4440172
2778643
3747445
2719462
243946
4534855
1991177
4940345
3877905
4147364
3873357
1586061
3644971
4090911
2817560
4281124
4277943
4573108
4839530
3491027
4855807
4383199
664787
1082260
4358041
3041616
903683
3623423
4037318
3481302
2791432
3519945
4055410
3030161
2673534
3688567
2559127
4316417
1407839
4257662
3230638
4921405
3133778
4254659
3776011
1633520
4412459
3020230
4226271
4497773
894744
5028070
2670604
4750242
992106
2452076
2710212
4451388
3691860
4321000
2069833
1265017
3084567
1300361
4511021
3237678
4796508
2895613
3513437
1609602
3911239
3550485
2356157
3773248
853024
4726220
2433051
4078837
2926264
3934169
2564428
4500605
734339
1804553
4425879
4018770
740044
3928149
4454510
3499914
4233659
555797
4643441
3700558
2300505
4706384
4321425
4191912
3695440
3628777
4993831
1294882
4844095
4362309
147030
813005
1829993
1436329
4231651
2275111
2793736
1578505
3804374
1783014
2648218
4792718
4940126
924667
4849630
3668020
3052252
3407846
4881965
4960051
3661526
4894244
2267564
4402861
4757019
3769324
4140417
2168220
4881932
2308666
4134446
4207215
4800470
5007747
3644487
2880855
1493597
3808128
2103969
4076230
3911813
2109961
4704306
4743364
47152
3400608
4508127
4599327
2318937
4061167
2964188
1681634
3198591
4226165
1475722
3303880
3063047
4880978
1977950
769995
676172
1282960
2238053
2506707
2171842
977770
2812931
2737358
3603823
4214164
3334816
2587891
3624005
4722420
4859592
3834998
4835931
2677493
3152390
2452829
4581028
4858550
3545720
3686467
4748878
3758911
2393357
4166754
1809691
3764426
3647082
4926909
3076925
3122603
3029026
2351797
4788933
4817950
1843621
1620271
4067028
3333793
4916269
4981253
4132560
1486561
4525832
4766905
1962910
3161211
4976824
4132662
2438537
4867544
2147769
2495792
3792984
3629248
4717874
1672641
4863302
3802051
4872640
3780298
2762163
4245706
4859330
3730442
1866744
3960339
3945472
4226548
3462002
2773548
3891728
3168012
2815315
3987084
2509953
2274992
4270838
2299561
2102316
2557979
2066817
4832549
787307
4553143
1391651
2434547
2963943
4103881
3760517
3179441
1529189
4293574
2250027
3832409
4852517
2066802
917061
2101567
1997892
2337375
4225705
3674403
889729
3966493
3629262
930249
2994583
3874534
3831206
3521564
4072542
4376782
2962588
1602658
3137593
4682716
3990534
3432407
4109500
3110075
2456779
1493121
2469170
3736223
4990957
4764383
4665169
1042395
2330438
2645524
5031524
4111778
2044749
2911355
1087334
1115086
2637980
4303291
2409445
4973362
4412268
1905345
1757846
3706250
4518724
2965359
2496130
2109448
2431781
3392275
1844417
4932034
880321
4763026
2925905
1481730
1142884
2069999
2843416
3352778
1601457
4980738
4491213
4376495
4763657
2132119
4832133
1201636
3877136
4166404
3897504
3013996
4024863
2932601
2665344
2036903
2845459
4606556
2738164
3350946
3118876
2402946
3671741
4485821
2505225
4246635
2474756
3764425
4919463
1849390
2462350
1974769
4675478
2192488
4928359
4557237
2209640
4754948
3215583
3974974
3708050
3898555
2299523
4038913
1799275
5090866
4907477
4798763
4005541
2207953
4864408
1171193
4815930
1964673
2671379
3963934
3945161
3629266
3720994
3629267
2700108
4926838
4928547
3193716
3385967
3345681
4122892
962194
4966899
4999545
3217550
3577296
2239445
4994793
1432943
2256318
4132878
4849716
4052456
3662624
1943817
1047758
2654775
3999084
3316281
1976327
2719283
4818104
433168
2516616
1585970
3561626
3791906
1956730
3684530
4200550
2022061
1108149
2779334
3662485
4643768
3758766
3101066
2403677
4724809
3833484
4669814
2382822
4762534
4252985
4638723
4938625
2321148
3598876
4754213
3629255
4207798
4161734
2444544
2330576
2535650
4881931
4232907
3710568
4477738
2738447
4884908
1744043
1970565
4929406
3629252
2104183
2760833
3919008
3889200
4874839
2593880
3267558
2183287
1950583
2361119
3814490
2612584
1969064
4720134
3487236
4152645
2270715
5072973
2238764
2588481
3491877
4816255
2547084
3915306
3568590
4750081
2229689
3866017
679131
4039494
2798273
4368366
3691464
2338996
1571206
2603107
1816243
2714989
3538909
4881934
4823831
1129532
2101986
3784901
134856
4867167
1995114
2595686
4865429
2836988
2646883
4352819
1214618
3238282
3890149
4934001
2128895
3764431
3286045
3808127
3047709
4669956
4981161
1432297
4274367
4831659
2578936
2674582
1309326
4039860
3629275
4618345
4285238
2524882
2925076
3023460
3405188
4503388
4839039
4070109
988726
859280
4409183
4363883
2332679
4730931
3157046
3914810
2651771
2664065
4140869
2729414
2455505
2206829
2748273
4371253
4234867
4445617
3644997
4432931
3593095
3559414
4327083
3592622
4853789
3555295
2184669
3832753
2909363
2582566
3167957
3557110
3708082
3699025
3069381
2243958
2957855
3835572
4279127
2746061
4647420
3317368
2294643
3797883
4850205
3647330
3625849
1727798
3167072
4629229
1115737
4726804
1900013
670881
5083695
2294912
4713808
4384217
1744803
1042089
4569877
1898692
3181259
3899780
3854615
1625870
3515714
4370690
4918937
1129145
2350833
3322411
3070066
4358592
1401254
2988174
3423857
3468687
655686
4438630
4993336
4647381
3847842
1176293
4336505
4487659
2014387
3853082
3029430
4988011
633993
1520526
779179
3591502
2616665
4849615
3716129
4877528
2152330
1119135
2979808
4834834
2087544
4875453
4050090
3320987
3390098
1069966
4872984
3933318
3757382
4654539
1546425
3210177
2689031
3010519
4735898
1121504
1631047
4497568
4167145
2641007
1506912
3629251
2466127
3986692
2831298
4859466
1818239
2347615
2908441
3923785
2298847
927439
4021115
3644656
4341638
3142746
4416883
3792564
3473589
3057053
4798675
1859085
4590529
1843086
4852495
3554756
2613131
2078533
4694048
5095298
4131680
4000886
1114132
4056680
3001494
1827293
3008842
869222
4380440
3819343
3757508
4829677
4060415
134563
1886819
3638921
1551873
3713033
4858759
3938307
4784497
4847546
3622609
3295826
3629276
4746348
2104200
4385231
3435049
4653776
3319955
3654792
1216854
2486379
2738531
2926322
2246663
2242240
2377917
3540614
4816705
991258
4452129
2325900
3436604
592113
2844029
3868556
1252859
3629270
1757416
4177060
1528015
4683486
4277471
3060298
4179859
3921649
4257292
4894243
3485539
3736355
3211514
2152484
3683516
4438960
4303564
2971813
3671891
4992401
4933727
4316382
2554945
1954900
4964317
3986984
783860
4798658
3560727
2172445
1200757
2231443
2357328
3558964
4834698
3879079
4803733
4384665
2143630
4587339
4428535
1826282
657627
4427262
4389559
4482177
782882
2077140
2097898
4908432
4518098
5056300
2750550
4262989
2113851
3815421
1343383
4888279
3732759
3355432
1685752
1289675
2244060
297811
3226141
2361466
651744
4331503
1819819
4025337
3936305
3342436
223397
2137438
4754448
3957153
4384365
4180297
739816
4036313
4573964
2583506
4555230
4698947
4881960
4364658
4960692
111680
4954338
3802390
3941991
1793090
2747333
933228
5067997
2650704
4698941
3818928
1857003
1813803
2020028
2283400
2936640
4135879
3220037
4257329
1630941
2092400
4746102
4149135
4679393
4727903
4683164
4421081
4726119
1631457
1897802
4108937
3111558
4672937
3182653
1764250
4290894
4191511
4011399
3629250
2152153
4667149
4139244
2389656
4860572
3698176
432032
1032915
4786342
1928650
4134097
3480947
2801378
2501851
4152746
1887783
4347538
5080973
2211018
3870910
4672373
3763138
1551874
4015727
4633325
2763447
3366724
4585722
1634629
822166
2014389
3768514
4545974
4917499
1836680
2207855
4316370
2578111
4317467
2766094
767774
4190588
2140171
4849832
3001431
4898215
4053842
4208504
2967232
4008199
3508672
2299701
4620902
3007311
4912108
4938442
4346795
4766272
5126253
4246905
4940017
4644117
3617592
2077120
2777102
1939512
4091722
3077126
2307676
2990396
4808077
3980742
3293083
4411254
4557457
4939631
3823653
4763797
697377
3802814
2670866
3192005
3459651
3245209
2955643
2303231
3076031
3947583
4275827
4056814
4830025
2856091
3802054
2700534
2461086
4635403
3144118
2388297
2517705
4122644
4001454
2327211
4288459
4247751
2752177
5012130
4804180
2448542
4666984
844103
4526089
4733747
3995174
3265638
2521210
4666832
4833472
3688688
2985153
4382905
4168895
4755431
3078415
3672823
2885093
4560400
4739476
4294475
2423298
2538074
3131174
1288341
4617662
2903131
4843902
2755564
4751290
4454945
3215763
3579517
1408543
4337668
2351858
4876662
1429500
4588808
3081743
942085
4436162
215906
3097122
4663439
3204875
3726536
4455763
3822820
4985611
3697859
3625239
2204117
3845906
2721291
2701787
3106487
4783842
1850246
4132505
3802045
3855998
4426662
2032631
4020291
2674066
656385
2353596
3038066
2619459
4181631
4143600
4748054
2584527
1597247
2189162
3202090
4543568
4825593
2094186
2659368
1934624
4360113
2486919
4805187
4713710
4440049
2537815
2357806
4501622
5016950
1310581
4881616
3963329
2918331
1975955
3889361
4235039
1602635
4097904
3372493
786379
3782723
1924025
4225083
2133119
4266651
2589617
4706688
2219820
3047284
973278
4521187
2274076
2414011
4638949
3005828
2446892
3328862
4859889
4449257
2041472
4577505
4485345
2799046
2556911
4483915
4114513
3762927
5062775
4252710
3936306
4890721
3113243
4982315
2210170
4856987
3126403
1088339
1172150
4441067
1294935
4436185
4011692
2583616
1157878
1164074
4618590
2375080
1397146
791274
1917886
3579406
3701299
4308969
4405245
3629274
389818
4228688
4451458
2561147
4391591
2689058
4956752
3524974
4816704
4717514
4317383
3966233
4482732
3475744
4122187
1809379
2682168
2055202
4843562
2690011
3471880
5021756
4796486
4749407
839634
4476448
4749537
1155294
4074799
3580429
2947032
4324571
1770970
4816640
4314301
4955014
1121435
1764177
4816189
1583320
4894324
1856597
1876995
4004289
3346897
4869857
4305957
2323381
4962179
2760834
3790978
4000375
4861693
1111462
4562960
2692144
3586225
1959516
215238
2143344
4673259
2196289
2051609
3216936
1129193
2044368
3001356
3131107
3759170
3853480
1514898
3173626
3877661
4441985
422328
3639107
2216432
3227871
1907051
4902079
2178087
3467573
1988250
4225477
3877518
1124857
2677497
4355086
3460338
4202292
4213526
3778937
4714642
2850404
3570066
2099931
3157129
1822965
4031700
5056381
4462026
2404833
3161292
3574694
1533884
2072496
3034128
1175902
4881161
3523630
4555316
2523383
4751757
3327827
2626920
2627509
2638639
1549739
2368477
4624238
4641392
4750990
4609993
1121668
4833841
2018149
4693296
755075
3938933
4631913
4626052
4284470
3860779
2881220
2992943
3785896
2406600
2348896
4834702
1819587
4900461
3035067
4419051
3975714
4436172
1823875
1554552
4034432
5101912
2322515
3322613
2403812
4436166
3764429
4742319
2964222
3802050
4165290
2454944
339640
2651989
2809810
4712869
3629258
3755042
3148572
4287878
1331110
4884492
4853059
1911335
4807434
3545215
4140873
3318448
4929458
3489230
4964228
4594109
1695382
3885884
4838413
1911303
4144353
4841213
4403624
1579914
3115672
4061084
2874944
3796617
4254630
1507089
4858993
4354283
905745
1398110
2640530
2540771
2222846
3509484
3613938
4446924
4632391
4658979
1024469
4734554
581141
1807831
4532648
4544851
3672424
3968104
4496554
4643612
3407287
2546040
4857657
2562794
3151924
2545457
3093277
4791605
2760507
1317090
3374074
3351134
2574309
3310526
4544929
3196322
1620675
4683144
2699308
3796021
4150203
3800908
2608381
4936186
3293318
4855553
2988171
4393036
2807730
3246377
4037809
2729897
326864
4065386
3802047
4807042
1038158
4246656
2529903
1980697
970048
2559641
4246897
4528633
4872869
3669571
2137200
2585233
2685873
5091147
2736374
2454706
4765626
2397583
1361574
3353486
3238173
4961103
3206402
4677373
2128331
2963436
4076649
3260969
1931535
2496721
4440930
1682424
4002610
3475195
3052611
3124279
4599272
4736827
2786569
4624777
2340906
3472890
3998361
2744034
2798990
4894090
2675575
1476606
3076508
3320331
4796504
1783859
3836877
3840367
4796738
2903129
1744286
151229
3689013
2249401
1665868
4828645
4787645
4207608
2530810
4051063
2706047
4671518
3495617
3963430
4641177
3890011
1234064
2084629
4867605
2043315
1242793
1590448
4117777
4133479
4889331
3881782
4776900
1886684
2504668
4133726
3403124
4082763
4458959
3635192
4184185
3414173
3213722
1221602
4769735
4845319
2707040
3941094
4033330
2668591
1434080
693195
4108340
3262144
5083698
3381911
4445008
1648057
5068001
4649371
4771567
4372384
4254657
2823325
3727753
4800284
3999531
1007522
3093816
3168656
3424415
1776935
4009913
4891486
4060108
1911572
793238
1128261
889632
4137259
4499167
3585965
1941004
4499925
4766603
2223303
3556567
3960371
1850948
4555546
3458333
2721165
550235
4061893
4638288
3196815
799415
4291598
4621973
4183703
2543043
4401291
2815392
2747688
1847380
2221799
4288589
1897567
4550618
2223893
4479848
4357035
3856534
4125708
3605468
2464479
4493151
2902017
3718789
1207581
3004787
3647184
1891376
2132924
4307403
4504796
2247517
1993418
4121672
3938406
4652841
4636368
2980850
4678869
2227949
4605501
3217551
1868531
4329889
3730300
4761009
1235495
4935653
4958758
4894595
2274993
2547134
4277944
4257500
4672134
1751277
4938378
96391
3333792
4758305
4796796
2415476
2489835
2034654
2546512
2092811
3779342
4858317
4165257
4940273
4874071
2839773
4859591
1864662
4803265
4378138
3001532
1218337
3690237
2562814
1682749
4768489
4547354
4214347
3497077
2861267
4267177
1690189
4880910
1827864
2970594
3708812
2257746
4777878
4220544
1649528
3683292
3702456
1746902
4146167
1187353
4830168
1175425
4442315
3938939
4653638
2210301
5075463
2336319
1503470
4868016
4858992
3520394
4880909
1580705
1759171
4914437
4922772
4125465
2447121
3629264
4408829
1559292
2759776
3548983
1204171
701018
2768158
1487213
4964139
3388515
1243784
4730515
4877135
4423554
2548684
2129555
5045143
2574259
3992876
3403460
129434
2025860
3652744
2500162
3494395
2352321
4780999
1271046
4997559
5036611
3929930
3437580
3318982
3430044
2205151
3180896
1908552
3077605
4245115
4678759
4462029
4143887
4581220
2240125
2990196
1785659
3942893
4004244
2753223
3281757
4803734
3416081
4467095
4569104
3383316
3153397
2313419
4882477
3362732
4415584
613823
4771681
4335065
1602159
2997878
3245938
3891218
4142121
4462279
2327247
3023917
2314336
2106248
4164164
1286241
4958921
3965856
4954031
792236
4436163
3887257
2451494
3644967
2250670
1463777
2715820
1935726
4758303
3593881
2332316
4914171
4298214
2201824
2373569
2322600
1720423
1255288
2567564
4975644
2280205
2482117
4692979
2985110
2417822
1541683
2243489
4230017
3170564
1879176
1714083
2968055
3793449
4384562
4783843
3716206
2564546
2344572
5089788
2844963
3006446
2823535
4236205
2840919
1912276
4472636
4015532
4968450
2424712
2988163
2445272
4934522
2536179
2719837
4439021
2773398
3569815
4881530
3263755
4664927
4365768
4952941
3385971
4652942
2058087
1277157
1836081
817929
2664463
1899011
4692119
4453780
992389
5080878
4246478
4323323
2742959
2556199
2560354
1179007
4122212
2850593
4100492
720193
2307722
847197
4096501
4350927
1535813
3996361
1219310
4617870
356164
3027135
4871867
3248872
2128664
4881930
413597
3137322
3984266
2170310
4408978
4108651
3896805
4023439
3085180
3777926
2640534
2351193
3336714
4098596
4115484
160490
1419243
3754089
902288
4276950
4960361
4652809
3765367
1520445
3740327
2222845
2571108
2535520
3836663
3969861
4898103
4117326
4901283
3192017
2526646
3871511
3680890
4980422
5008489
4721510
1857484
2783461
3855128
2551887
2269172
3426719
4657084
4872641
3665553
4775318
4001979
633373
4323431
2986990
2155805
2224774
3879863
4792028
895201
559059
2009116
3856528
3169717
3278132
4702508
537808
4948430
589969
4345709
961859
1908705
1788997
2925077
3805895
2102292
764293
5064521
1350433
2272342
4544026
4063445
4281457
3462039
4885742
1951721
2359099
3298014
4151821
856738
3983491
3600851
1360220
2335621
3778569
2538500
4186745
3612033
4961519
4131316
4057060
2568117
4873831
2798331
1969909
4408758
2509258
4987241
1176493
4802426
4410462
3602497
4041699
1362711
2981463
3209836
2696280
2344219
485109
4941140
3209338
2077439
1869182
4741439
4882601
3858839
2906887
4875539
4183429
3143271
2438030
4941131
1169201
3861077
1544629
4428287
2161122
3376658
3125070
3833757
1059029
4737095
3603231
3231170
4493398
3000845
4234569
4119897
902709
2185106
3613084
4140511
2928224
3656896
4853246
1466471
4714136
2667753
2753990
4344978
4763483
2015472
4761012
4500604
5033125
2982131
4143964
3724615
2691096
4827835
2974365
1597481
1112356
2432498
3557274
4080906
2060897
4091400
4843989
4360903
3431510
4921971
4605017
4344451
2676854
4662772
3823651
1923214
4631919
2650733
2051305
4887051
3583414
1530057
2457945
4791385
657054
3983213
3793506
3111554
2930322
2786980
2682098
4254480
4705446
2689921
3506315
3470799
4231799
4851922
4300049
1518125
1351114
3547866
933686
4955263
2462759
1306871
2477243
4878595
3873678
5060063
4874289
4659591
655794
2492886
4346025
3622335
2792119
4923415
3831149
3404786
4726790
2689713
4469955
3589666
3682480
5095355
4493857
3277524
2593365
1182613
3412196
4793647
4510857
4047115
4780098
4065540
4503735
672100
1889190
2706046
3265243
2583505
2754130
4151404
1110281
4915096
2284525
2475474
2632326
1563445
2495820
5050430
4812949
3158090
4802503
4900387
3394571
4867606
4734882
4757557
5006488
4706679
4641263
3902023
2090723
4270952
2778999
4575603
3569994
2394576
2238838
4360066
4658978
2139225
4545802
2520049
4360906
4403711
1122789
1988096
2193147
4317154
1695254
2463470
3880947
2364104
4838456
4860512
4413783
4528258
3937083
4601814
4618010
2208203
4182561
4864424
1685500
3175993
4102814
2873706
2291305
1544408
3741141
4255032
2613064
2391463
2710969
4968396
2505545
4193231
1977189
4586455
4117682
2658590
2784213
2198640
721995
4242487
4815862
3456606
1291571
1716732
3120877
2078712
973046
4208733
4902130
3541736
1926301
4416937
2562831
1594727
3014105
1163521
4454423
4157523
2331645
1400405
4169797
1972802
3083782
1454845
4812528
4177106
1687642
3028087
4392960
4600745
1700386
3551549
1644000
2652498
4817853
815156
1769222
4061593
4320740
5039538
3967922
1526121
4923980
386899
1572058
3367757
799916
4923042
2049991
4294955
5053356
4166422
2582053
2137969
4088922
2821580
4852493
2420315
4363788
255694
2386287
4927894
1637465
1859185
4826298
2409659
2622976
3031505
861180
4514604
2242434
3529128
3622590
1793762
4344412
861181
2099491
2272673
4187682
4384667
1410548
4128717
2722864
428047
2461732
4793476
3863485
3520967
2517969
2502889
2918971
3580003
4093503
3616426
3838299
3608994
4787986
4663553
345099
4884314
1729283
2922201
1242790
479812
1714821
2424513
4378628
4775860
3694070
2004420
4839673
3252518
4833931
1810154
3793544
4823625
3310481
1966638
4223559
1898518
2014039
4622078
2131544
4944545
2139546
4933920
2742960
4266652
1385398
2038263
4717705
955737
3834006
3989513
4222468
2184260
2360152
2328227
4847819
619051
2503780
3871753
4276005
4475771
3523999
2514462
1565265
1473283
1822501
1098833
3855810
175693
4208732
2872154
2455776
1810374
4553976
1366917
4596742
3652123
3105129
1219374
1718152
1146443
3903393
3351879
4672306
2677495
883364
2423226
4864890
3754518
3557351
4505716
4631697
2493032
4026536
4455529
4982561
4100999
4725939
3534951
4827212
2311019
3603450
4821539
4859596
2535584
1223500
4486330
4021669
2907623
2885518
1882982
2726352
2141309
4842099
4549233
4939632
4919418
4216779
5014660
2476330
4863998
2359478
727637
3721334
4213728
4664966
478437
1975954
4703989
2462333
2218881
2554098
2315274
2785693
2937543
4383860
4293331
2149792
1191920
4469976
2119933
3360553
3251902
2278930
4568904
3621495
2246356
1315468
4945100
2073150
2928620
4260723
2245529
4770147
3877553
4436179
3333669
346014
4722606
3382987
4883846
2127114
4322571
2382343
1979462
4031440
3187358
4024684
2394336
3981579
4704778
1919508
1860767
3006313
2404250
848597
2388562
1863228
4650205
1701940
3064515
2983479
2324126
2671061
1484122
4796983
1392159
3852739
4851380
2492098
2328043
3950891
3045915
1894469
2947395
4737301
2646080
3870286
2196507
4819009
4197025
4614431
4178415
3071477
2740115
4286614
3081344
765873
4705031
3351800
809469
4678868
4053559
1152984
4465109
2809459
4215847
2349207
3647151
4533949
2230657
1483603
1745634
2633335
2662949
2599514
4446227
1065863
4749446
4906159
933666
2356073
4851920
4417025
3097066
4113664
4494088
1936982
2727080
3860268
3380958
4824244
3955517
4116304
3933105
3985996
4351582
4212498
4071712
1175516
4266525
3971855
5030975
1860806
4087988
4231693
1802456
3784710
3600715
4724308
3551491
4082234
2259810
1158325
3228582
4699269
4993832
4634744
1944890
4153160
5021708
1725588
4886464
4315180
2328433
3261055
1785322
2278580
4053834
4406631
2414830
4045456
4665758
3565136
2988165
3589511
4588546
1861094
3535897
3978477
2561939
4866476
4660022
4559904
2686709
2797998
4279620
3359653
4301621
2252005
4834692
2761831
3969461
895495
2655498
4843983
3942556
4809993
4119388
3993830
4300976
2654506
1822181
3644162
649184
2551888
3216822
4829866
4221214
2020747
3587080
2749921
3404667
4796542
1144257
63133
4347569
3629273
3014590
2449782
962782
4909468
3178933
4199616
4624736
3778960
3151627
4497325
2035798
644971
4536768
2453508
3871699
4635976
912610
1245830
1963137
3838098
2336104
4081890
3010178
2007682
2260687
4917244
4844447
1831083
3316580
2730292
4020068
2948669
2810175
3830451
988403
4625396
2688677
3937896
2566736
4392649
4483205
4859464
4445343
801443
4956704
4693364
3728276
4684043
2589321
969713
1192256
4544135
3772726
2628959
1808053
4135739
4044924
4497567
4822348
4865603
4854385
974655
3242494
4889893
4997435
3617254
3832018
3849223
3834529
4944540
1257564
2042556
2196360
2769798
4134502
3330579
2252737
2943575
2588365
4840519
2344208
3880893
2677191
3331463
3077399
1733305
4053095
2471632
1571082
1221423
3537513
4571684
1854932
2586574
2271070
1935748
2552046
2761537
3790385
720314
2043408
4011040
2784093
3415531
4948942
2679477
5002980
2744091
4917659
3381137
2664884
2584906
3171891
715044
2933115
1034734
4529117
4797731
4855537
3531189
2583502
4945751
4247133
2179220
1747221
4655526
4192119
3587813
2681037
4597154
4349998
4171624
2958190
2777735
2436143
3287483
4101726
3238445
3939324
1100512
2131365
4810017
4358589
4838404
3201572
2833565
2466476
4400439
3969588
1256809
2367340
2503194
4866300
983399
1682412
2464761
2603850
3026811
2199470
2906211
3595421
3625423
2007648
2715553
3131384
4510284
3613161
4614232
3616997
2759110
4796213
4266258
4833771
1053810
1836136
881061
1029562
4735045
2570165
4962528
4213668
3508908
1451025
3029802
118687
3701046
4426270
2783766
1397930
1922175
3426993
2459145
1067906
4374096
4021122
2587006
694305
2219160
2810326
4559039
4461211
4168951
2765068
1009197
2169775
2327761
3462001
1313566
4313548
2798052
1649525
2229834
4205849
3965898
4247753
3629260
3906694
3180722
4393494
4952649
3385966
2490762
2973619
2630863
1564521
2131704
4871421
4908436
4170341
1450282
3321959
1685634
2922555
1503624
2661655
4563318
3884234
1499108
2770287
4239389
3950005
4623270
2728977
1063874
3828823
2456481
2988167
1862523
4832938
1115636
4202707
4202750
364532
2461923
3398719
1639118
2506306
744672
3131511
2683573
1958817
1994564
1229705
4531220
3569185
2434361
1711395
2797839
4629735
944864
4952993
2483555
3981434
2711069
4584156
1625407
3530570
2690880
1389624
4633305
2161806
875945
3067638
2514803
2041396
3754757
3097881
4751224
2730819
4294875
2522366
1150882
2651794
1740368
3200376
3322513
3100645
3909823
4455970
4507477
4899491
4238418
1862506
3424944
2332135
4559396
1506227
2069969
4760461
4659634
1871913
4427766
4528060
3837403
4201394
823257
2882267
2948302
3266457
4052630
4284475
4852494
2026595
3957063
5030426
3881390
4102017
2256578
4601828
4190538
2723086
3664401
830322
1007546
4174539
3740462
2931779
4177061
1462180
5041666
2877774
3440909
4784179
4323919
3459995
2776930
4535982
2759774
1356023
4521745
823366
4643978
2519913
4702724
2478408
3282546
4791748
3629249
3940708
1721450
5021710
1488898
2619948
3083730
4696034
2092259
4964042
4346785
2971023
839627
4558321
5059741
3547138
4572969
3241457
4755906
2958498
3598494
4668371
4557603
4302219
4139171
4377500
3323253
4708806
1591933
1994789
3678483
2836380
1158434
1745752
4290079
1107102
3228701
1641323
4775989
2298220
3265468
5048782
2981986
1935764
4253102
1743845
1204683
2852271
2047084
2182186
3465365
4917412
1301175
4791393
3281635
1176958
438316
4056040
3795164
517308
4864905
3911372
1164369
3284308
4215965
142239
4837806
756423
908042
1457148
4164191
2790287
2349954
2488047
2124108
4795551
4257903
2596164
2986935
3688850
1065821
655300
1894110
3205026
3601894
2698130
4407456
4828545
2997638
4069235
2191964
683409
3293324
4501763
4880274
3095281
2009476
3954875
4486048
3662850
4551189
2104896
2278525
4958651
4857656
4074898
1301562
3299362
1993340
3619940
1729489
1770552
1104333
1939887
3017372
3853713
2550435
4191546
4436190
2047227
5003332
3079767
4732153
4394341
2791350
4951662
4223987
4528156
3257909
4723768
2983174
2224271
4244560
4643979
3981047
2631078
4269905
4436176
3568573
4267591
3996728
4940324
2275674
4867754
2970030
2775172
4902123
3684503
3094900
4663523
4284969
1506910
1940296
3912083
3250442
3128537
4011352
3880108
4767844
4465455
1018019
3740467
4892836
2944785
4728625
4414541
3990318
3316498
2384437
3456699
3142574
1763222
2719282
4278093
4851947
1354319
4168976
1974729
2829376
3666992
2600867
4861306
1769144
2730666
2443750
4805363
3247312
2853674
2242435
1994599
3833981
3536137
4761895
2950695
3802256
3408139
2157700
4492762
3257742
1245258
4422715
3339815
3083836
2497751
2625809
1581973
4231841
4407541
3897477
4746103
4489724
2558055
3960207
4999186
1474795
1993339
2468645
4559341
1514799
2344868
433005
1787835
3792329
2946886
5003088
2572105
4193498
2570115
4058449
161686
4950836
1394187
188709
3077141
2403914
3698097
2763970
4309763
2014613
1351956
4578853
2333302
4272584
772293
4019133
4158187
4190694
3927309
4566404
3764427
3289426
2229281
3181385
4295978
3793439
4910248
3854477
3049607
4300137
2017204
4065511
2897463
3850910
4850612
2103963
658994
4034701
3248720
2730325
2347665
1794985
1811527
149549
3720237
3252519
1961683
4613531
3177954
1803962
3591922
1466557
2895675
2776718
4526870
3401839
4225939
4276022
2367012
3969490
3133842
1690475
1942388
2638888
3460818
4586611
3145816
3889280
5014706
3323078
4657212
3343605
4424145
3708090
845391
3985387
2224313
1436138
3660758
1127840
4865935
4334517
1606929
4965307
3869617
3708488
2221510
3272422
2420339
3729439
2824457
2686391
4880925
3709977
2439797
753445
2870779
726357
3564460
3757843
4705585
2604425
1001682
4501762
1684967
1093704
1282380
2966127
910523
4419660
1662821
4051071
2037326
955346
1125657
381928
2285719
4858327
3152587
4744347
2125716
4587570
4313550
2293731
3030156
3439142
2669266
4757386
835314
2314855
408378
4635487
4633754
2019588
2510875
1876210
2389350
4747432
4127902
4722229
2382427
4453839
3057801
3832425
2146011
4948424
4249876
2471173
4499556
4760676
2251634
1219934
4716026
2877776
3783072
2103893
4274349
2177220
3409146
3057318
3688379
3170566
3862068
2116804
3249380
4503025
2908653
1116417
3063007
4567074
2130435
2139064
5065959
2068688
3253699
2659724
3470668
2684033
4678809
3563444
3082675
4729713
4364805
3282362
1766008
1824536
2231267
2679663
1651389
2732033
3218863
1083583
4307953
966920
4818677
2236985
2571178
3364216
4729012
1222063
703794
3923616
3712677
4436189
4706617
4225181
1695149
3768165
2159336
4762084
2410799
2908440
4131691
2015643
4307982
4948487
1627845
256840
2518844
4586623
3261346
70760
1855440
2219645
1099807
4859632
2562227
2499277
4180438
2541028
2057558
3524782
2134989
4887207
1879781
4186890
1966634
2477065
4769314
4359835
2557463
3723310
965283
2646572
4414275
3238761
727145
2034895
4854344
2597321
1407946
2155524
3976178
4243239
1742937
1463294
2035276
4722501
2026805
4012167
1490015
4295737
3388222
4178040
4900852
3007522
4825999
2516136
4345662
4887711
126715
3802052
2200171
2362284
1702194
4193921
1113246
2810443
4915922
3654496
2714880
4691520
1177137
2542628
2452634
2905739
3511219
1046676
4399917
269294
4478624
3255921
4047193
3834682
5118114
3893425
2115829
1763938
4913570
3897111
1963884
1456306
2423227
2732509
1263127
1618424
541990
3028567
1092516
1046424
2495226
1723142
3976581
3095186
1634985
4519250
4904004
1768240
1313816
4902122
3173440
4874744
2006819
2253413
2855280
3808645
2896286
1555610
4393552
3669845
1199180
3550762
635679
4352824
2590221
4599213
1092870
2254327
1438946
4280150
3616054
857477
2257362
2337080
2776196
3344294
988082
4478898
1213524
2441846
663973
4315273
3831190
2449729
2702907
2158783
4778226
3814122
3616050
4050214
4504797
2982888
1714161
1617484
2165773
4078016
4116889
2848088
3247992
4149603
3885954
1310748
4538482
3515115
3080926
4756120
1875484
2326801
3286982
3841861
4093206
104229
4415614
1023355
2690223
3991666
2503599
2581092
2520047
3961912
4093216
3156877
3161721
3097580
273096
3006105
2763966
4216541
2098486
4787441
513775
3744646
4296688
1344602
4796570
3972763
4216040
581401
3172679
2423981
1679794
3476789
4108955
3155278
2252249
3750140
3900321
2154178
4773166
2443183
2816027
723079
4605483
4834695
4459432
2237470
4775231
4275964
4485104
3437768
2334023
3311073
2510533
1964974
3067643
5004304
5053358
1055121
4429036
2462422
2156980
4866637
1744385
131891
924355
3011287
2477307
2680248
5043504
4068548
3910148
4753267
3080668
2825695
2807610
3241034
3764532
1745431
1170505
3542892
2905806
2869288
2231320
4702355
4246922
3836016
4829327
3851547
4835921
3790655
2567141
1441081
3974395
4447805
2325023
2633634
4781122
3773894
2533711
4507398
1687347
1621319
2328680
4955030
4231652
717866
495776
3770736
2993974
4019123
3566234
4683060
1166381
2347706
3816000
3316500
4205366
2219395
3032477
3530437
4769662
3412256
4026470
1604125
2874209
847314
3486334
4500397
3167357
4402778
4215832
2061893
4503771
252238
4847096
1660602
1962277
2708952
3580367
870839
1762037
4778054
4519119
4648154
3306583
2530370
4002558
3119428
5047427
2999755
789668
3678820
3196892
4622448
1992711
4552052
1797548
2523668
3920075
2414377
3933469
4051898
1941208
2458108
3946327
2697861
3695537
1928647
3215636
4608517
4852518
2719628
4355904
4946060
4794721
2324757
3328576
3216900
2890219
2238810
1693151
5056294
4571079
1774124
4226738
140665
776322
2356185
4584393
850964
3890663
4350369
5013321
2709056
3726990
4760125
4796396
1127341
3347941
2609903
2286279
1884883
2829681
2282368
1112521
3945696
4614397
1693573
3367978
149550
2892136
4831283
4267593
3793564
3165704
3982291
2775198
2246099
3359695
4054197
4467498
4135184
3863003
4899449
4801992
4166988
2650676
1869933
4760832
1290095
4865417
4310133
3654412
3741904
4808501
3590149
3641172
4797634
4557768
2389746
4419700
3158433
4839832
2258242
2454006
4698568
4730092
2444971
3315751
2486293
3436190
3603906
4197943
1141084
4208143
3750139
783229
1744805
3077626
4710563
3019578
3959014
657917
4872429
2964306
2856086
3244451
3519030
4640091
2533642
2410519
3902560
3299406
2550009
4984115
4832603
3720948
3040107
3297498
4062876
3796379
1889804
3010882
2469254
2525394
3323076
2591468
4469021
2474223
4254444
1027560
1579624
3685863
1740092
4883910
4132085
1554632
3120431
4344435
3030775
4186126
2956199
2164733
4777711
5038466
646713
1586384
1760861
1432512
4108341
3493711
2498021
3045279
1063867
4386400
4466873
3348940
3644428
2161659
3744296
2451533
2810671
3978413
2410430
2173373
924759
4647289
4562997
2014390
4286459
2570752
4454372
1108590
3348061
2582808
3927817
3831082
4742434
4258297
3996835
3059385
3239420
4921665
1387007
3192177
4236619
2135519
2615210
2602326
2610188
1499387
2324562
3975848
3205692
4877167
1989886
3870266
4939933
4452812
4479223
3109881
3629253
1923556
3891761
3347825
3528840
3277270
2555110
2689510
1343292
4454511
4341664
2547328
3854478
2319348
641605
2233984
2976962
1932489
1695964
2106625
4728612
3108158
2017276
1990062
3638672
4031482
2648634
1631290
2039417
3689911
1219148
3205607
3688198
1543234
2736672
3901957
4672137
3289381
2636840
3081735
2597236
2629813
4812163
3278348
3167412
902259
1087337
2204234
3110728
2421848
1715819
4932088
4335982
3537514
3469843
3061372
4775095
4481161
4615135
2374611
2724576
3779703
3103373
4395015
3014022
4645170
1139787
888975
4829864
1504551
2122535
1511837
2540772
2806422
1873205
3784101
2487880
4562014
3998267
4376532
4218074
2560356
1603081
161787
3797570
3140158
4505464
2485793
2351094
3130037
4792024
803828
3087894
1756964
1860763
2719327
2172149
2510353
683456
4954788
2330482
2517071
1690353
139525
2606880
4842367
2232089
2419749
1407861
4774005
4220065
2180369
1694814
1925556
2129143
917129
3625243
1049962
2448565
2507141
4332231
3833944
1188172
4641396
4528387
4657303
2247825
677903
3993175
4852515
3915604
2467744
3947003
1858896
2273753
1584614
3432278
4589672
4058321
4682938
4861771
4728481
4792591
4318867
1634984
4710869
3020256
1914037
4142871
3071125
4421402
2835733
945686
4884430
4479224
2324863
2372825
4158577
2761221
4276882
3215612
1875674
4195581
3259309
3076939
4786514
3485341
761379
2245147
1128411
2691949
1780118
3328812
3503023
2961938
2073818
2453247
1670393
4644051
1856239
1137433
2937500
4630404
4436180
2961755
4392958
3557924
4395482
3505136
2021526
2657558
2830397
2405862
2231702
2273500
2553242
2555269
2603095
2623756
3565576
2629594
3054701
3872812
1076975
5035975
3311309
2583501
2125049
2711757
1518377
2522651
3927779
1021550
845374
2824852
3006530
963404
2127254
1948378
3607499
4380786
3228566
4061726
4399974
2713199
3765501
2042429
3489532
4891493
4961220
4986426
3625241
1489536
1783213
4372494
1726994
4436167
2756879
1542211
3621577
4704124
4930859
3842589
4449788
1215529
2349329
3528700
4390052
4756121
2280822
2459125
1826438
1166087
965524
1605533
658488
4895740
2302774
4446255
2281078
799907
2460825
4871245
3270246
345189
2193177
2548006
4726749
4446270
4089734
4277730
2032654
4457848
2459768
4933433
701603
2324154
4322610
2140220
3497070
746090
1805022
1706834
2833915
5095300
2202755
1531196
2292514
917872
1816706
3434016
2027309
2990195
1461901
1796438
2679932
1173001
2032559
2805729
3859785
2681263
4152823
1318499
4419503
3622127
3467317
4405382
3954874
3977916
3098286
3395033
4004446
3613647
3641545
2398423
4805902
2496580
3839419
1025210
1974926
2867817
2330357
3802046
3640228
2994140
4023319
648081
3834534
4351426
3561325
2947344
3131529
2192843
1748354
75831
830607
4450791
4310556
4043108
2749285
1639738
2250833
1965479
4023942
4657226
1875860
2686456
4193439
509510
3524799
1359595
3205649
3794849
2633689
147327
2412400
3865913
2930403
2217377
3407158
1245365
2708442
4941811
3276724
2328816
2358861
3387327
4698942
4722155
3242187
1269132
4497716
2837737
2795613
2718544
2790573
3366726
3712188
929999
3087084
1362265
4003754
664436
2972901
4436177
2040764
3634084
4999888
3227634
3832075
2142828
2514641
1512664
1292962
3925597
4560980
3333661
844058
1001757
3994593
3460439
1534949
4019244
3371443
2639428
2484012
1175602
1498630
5101911
2906888
2760786
3772513
774188
815477
3962022
3176799
2924111
1258579
2195031
3153518
2440299
1750943
3057335
1756445
1850200
4950776
3847615
3890620
2269122
4015407
3263098
2557707
898106
4761326
2276915
4822601
1955829
2037834
1867874
4796346
4355354
1386449
3755316
718679
1817464
687624
4835239
2423610
4878738
4327575
2251036
922600
2639521
2998904
2857448
3906630
3875095
4286523
4619055
2775405
3364783
4660618
3508473
3888682
4113908
4108608
3354660
3501567
4493386
1193307
3688602
3693966
2571081
2144193
4060450
4019707
2929651
2462487
4509353
1684086
2394621
2561807
2256636
1718671
4452451
1560537
3771944
2482967
2157947
2044526
4835310
137121
4247538
1963889
1691871
4063840
2035586
2741323
4886542
2909812
4293542
4804348
2769029
3672828
3992315
4205425
169271
1242795
2739265
3573569
4756958
3776531
3849384
4429280
4758623
4216118
711923
4045548
744673
2826238
3287456
1614500
3619450
2581265
2459171
3964993
4710792
4532794
3535916
3629508
3371562
2855687
1747610
4143625
1102427
2556204
2198659
2404840
4752299
4862035
2454945
4000906
1489207
4189739
4999511
2543244
4411823
2870245
999064
2883194
2040201
1425953
4169289
3985085
4901495
2125715
3838622
2070070
4826740
4022235
2883760
2592033
2962175
4849082
3176797
972691
2766527
655682
2759775
2411760
987724
4442934
2004799
3917473
4331611
2347627
972034
1979409
2759779
1529361
2611482
4832703
2440287
665240
2509495
2326783
1873090
459845
83338
4795709
2621492
1654579
3931046
3282990
2165580
4224431
4859405
2124919
479681
2197486
3337690
4332113
1783556
1849816
1242787
1628403
4925294
4917887
3380697
4046760
5050419
1883745
2395689
2883759
2187883
4163104
4601999
2039544
2445760
4507313
3771524
2009560
95954
2792200
3181311
1027692
2917122
3939551
684163
3011628
3494667
2450629
3879010
2628691
4704348
1464221
4423749
3138838
4013921
2948446
4810225
4265739
2907936
2832743
3333728
2258287
1524103
2249464
1600465
2045906
4073961
4853009
2512396
4677367
4638448
1318360
1461137
3091401
4438909
4016003
2307721
380625
4841404
2988308
1903626
2652057
3764428
4304137
2697174
2478259
4531537
1944926
1223596
4297972
4557895
4081856
1412805
3807508
1335581
3248365
4820704
4653740
4865644
2048026
4306501
2768157
2011762
3205020
2073076
4448094
4538348
1885125
3205030
3666433
2294521
3520088
2388366
888035
2014470
4886024
4701494
2371744
4414654
2415023
1768904
4898278
3186966
4669009
4529450
1370029
3688177
3141680
3061369
3021732
4114488
4572837
959427
2312594
519401
4643850
4579571
4581701
4855471
1245344
4453223
2761247
4878016
2470211
4961517
28148
4698740
2442676
4199377
2035966
1914981
2985706
4575043
5070973
2432570
4598670
1918015
2777517
761641
4178730
1871842
3661894
3015615
2552930
97934
39209
4619759
2389725
3578523
2469246
1655981
2363770
4688135
2637278
890327
4209387
4390824
1738139
4870967
3148592
4710562
4979189
3607095
3611958
1294885
2371698
4501764
1742625
60089
1243967
1184335
2852981
1774140
2590502
3229225
1859841
3051753
877312
3805646
3353088
3263130
4549701
3255601
3581484
5039821
4875456
3734270
970233
2880794
3589449
3253552
2641372
2102289
2497263
3698095
1373950
3355363
4041126
1650859
1706902
1808741
4892236
2818017
4134681
3998933
3229063
4943285
2561517
2396057
4954337
1962275
2733313
3396324
3729845
4877965
1403588
3534671
3880109
4150202
3437394
5006974
3197624
2790048
4587202
4078836
4885411
3170562
529515
2948994
3180049
1891490
3967920
1857519
1248316
2323184
1783968
931575
3508931
2561965
4542585
4139919
4935687
2919367
1654117
3946326
2078680
3649199
3856548
4503949
4871366
2566471
578805
4037405
3539132
4337229
3777586
4914436
4371030
3981435
4899677
3683148
1580160
5041438
1521106
4450922
4619913
3588131
4163120
1093703
2557379
3622253
4701260
3462120
1589194
4828570
2335100
2593933
4552004
2524042
3223091
3758798
4450755
3871735
2926947
2917552
4543572
1693575
1773591
4446795
4878741
2150737
2928569
3257738
2130903
3713817
3435401
1702281
4106917
4603725
4458520
1118005
4268957
4933158
4245881
2161148
889228
3207573
3735441
4312259
3858877
3373242
2698417
1124226
1512179
2729687
2899553
4732295
4481263
3921179
2516163
2828365
3632723
4301629
3193038
2643158
1602636
3214639
2609052
2324976
1260538
2636406
1701404
3097451
2224773
4963601
4737797
3028380
2155550
975588
811127
3057312
2968671
2126250
2849415
4417382
678106
2336704
4677368
2929650
1728042
4436188
1036841
2444513
2583617
5094235
383536
4942317
3252181
1408381
2824039
4053575
2061188
4306815
3064002
970331
3022592
3406641
1178184
1605598
3440631
4913339
3158833
3784872
2677498
2099172
2245841
4459494
3666142
751984
2582812
4341639
1299791
2702095
2847746
3890657
782332
4537141
1829927
4258136
1863462
4820266
1215555
4641390
1328048
4641400
4296156
4592063
1694501
300689
3734751
4719804
3904514
2902384
4840450
4789345
1634160
2965998
4955561
4170171
4570077
4693029
3977196
3981167
3768586
4562027
1080109
3250375
2224154
4355992
4813225
3798091
4715012
4420855
3148045
2952515
3860325
4417849
3830615
1148052
4188767
4436182
2443058
1300972
2705201
2241579
2613171
3597763
1436181
2884019
2187164
4829379
3926567
5015377
4290199
1945555
892414
2813734
4827837
2257469
3106411
2830966
1686164
3815415
4100838
4176731
1610746
4969016
3365677
2461027
4698390
3348201
3205628
1150938
1950290
2712411
3852943
5050870
4672887
4325880
803964
4176800
2154168
3212416
2922339
2555568
2413824
2891924
4672163
3911765
4381851
2898312
2254470
4849840
4068474
3817199
4872864
1030374
1450182
1650139
4953909
3151589
4112691
2300428
4832395
2266773
5050429
3246975
3756887
2954855
3868590
1884687
437139
4173168
1529756
1709121
4399973
3246153
1603550
2560737
2480902
3646286
725718
2474574
4315232
3689548
4757532
3668392
3495401
4167838
4426275
4812839
1562497
2529989
4083586
1230741
5060556
1852884
2661537
3910028
2778998
2924352
4136910
552068
3878466
2224855
2715945
3809913
3129222
2512702
4956325
4860079
5067211
4838497
2058288
2626473
4630407
4895729
3602682
2626469
2860521
2719427
1774822
2069841
1778984
3031077
4225579
4095748
4696039
1360107
4767848
4236616
855762
2707857
2330076
2313229
1596114
2974777
2201675
3119382
3771988
1942387
658561
2765308
2786716
4131247
4304502
4838455
3510572
3813394
4836716
1672204
3220851
1166448
5045936
1028537
4850987
1871548
4669375
3832625
4178416
2199185
4145857
1018869
1494312
4893780
3977190
3146250
4032016
3693726
1619555
1027895
2785406
4140868
2249320
1055079
1949715
718156
54642
3157089
1900182
4043065
3073370
4175158
172611
3030463
796311
1158227
4669914
1761677
3155167
3928638
1836484
2992705
5050418
2077354
789765
893739
2583508
4436184
1862525
2700934
1578937
3873355
4463471
4360371
4800282
82604
4793648
2360264
3079954
4452473
2313932
2149822
3880946
2304321
1682831
1099474
4337667
4455530
4985480
1382710
4886195
2343246
1948911
2507884
1408631
1288056
918422
4654556
2122460
753012
4878950
2835796
4125819
2496309
3652955
116128
3802251
3987055
938709
2069760
3689081
3344400
4850273
3406997
1907933
1949520
2299118
2719875
3158171
2707973
4721696
2135515
2593669
3897222
4487446
2135493
4044923
3031504
4291753
3046849
1399240
4018467
4544732
1836593
2915505
5116556
4425510
1760393
305227
4908111
4532004
2455429
1655728
3985592
1276291
5013310
1869883
2441605
2205657
2718479
3404946
4384672
2662925
637477
4146523
2241258
1380717
2771203
2684084
4074847
4795422
2485418
2426162
3136135
4486792
1116728
2002477
1083639
4605957
3035602
3414154
2405223
4464302
4336978
4005105
1893013
4278984
1176256
4563164
2801406
985141
3155845
4582687
3118054
3089701
2368899
2299553
3429032
4228563
3980686
3174650
2918724
1962676
4954340
3900737
2430973
125448
3459360
3478558
2185951
4188673
2376362
2799048
622407
1781533
2016040
4527319
3802048
3645570
2485542
2258310
2189895
2065883
4795354
3788125
2210016
4186976
2772466
2362655
3079004
4799818
3806677
4094348
5003333
2978196
2473039
4975480
2097308
4889395
3802049
3413538
4881613
2022477
1139440
3591050
4164508
4436183
4035235
3836392
3241728
2077849
1629636
1025390
1539034
4803500
3932583
2969152
1417119
2008453
3259719
4383888
1476582
2873968
3629277
4411320
473210
1794074
4499606
2631387
2240948
1189538
2125712
1008079
1749360
4178267
2101126
4509624
3908845
3141681
2548533
847256
3595088
2674117
2766688
2261700
5071422
2938138
2036804
2292207
3439145
2779000
4986512
4861034
1066243
2959921
4043305
1600095
3262337
3155346
2460928
4462722
3007920
869285
2780165
2974549
3608500
4145243
4347692
2973576
1863110
2770304
2206954
4433616
1234720
3440920
4209337
2670759
3595089
2300342
4622106
1612129
994893
3239746
2142716
4589744
1524357
1872563
1680025
4538945
1947084
2076512
2023927
1974330
4500079
2506983
368238
4041716
2992795
4770694
4262787
2501595
2732588
5032450
4126615
3029793
1797542
2666379
2631719
3123039
1304049
4436170
2598720
2592031
2534993
2972038
4422792
4607187
4151095
2450295
3910672
4221001
4801969
4339979
2459394
1636508
3795820
3830483
3651944
4713876
2437960
2116237
1579923
2238682
3781584
1231420
1694583
177001
2678820
2286284
125702
1578256
3725129
3595825
805855
1389732
3364127
3827811
4769622
3359671
2417150
399756
1705675
3603190
3759697
1566967
3002063
1995061
3151257
3051587
4280072
4402802
2474287
1636127
1597642
3206294
5014834
2221627
2698023
2504345
2473220
2316176
3250378
943054
3502800
4015706
2674418
4897819
1162919
4568650
2761854
4437948
3836515
1494944
1404982
2291964
4569710
3073476
2635006
4235656
1536685
2788498
188758
5055283
3349336
2640648
3268231
5006973
1750033
2394332
2659364
4142758
2040756
4762074
4866126
4421635
4431817
2004385
1998195
1686505
3865522
2777604
207721
3722196
890955
1971080
2118693
4859315
76717
1871950
2334381
1501933
1521299
2412506
4658798
765740
986939
718032
4468818
2374098
2646306
4772769
3336277
1661565
3561820
4446955
2605092
4794834
2551546
4748879
4735044
2836027
3328794
3574192
3736363
50892
1975915
153606
2681336
1635073
1988769
4697929
4680256
1245714
3618502
1148303
2634748
2689525
2918146
2109702
3348077
3699265
3528797
2992855
2892008
2227698
1587405
3376336
1010850
4877160
1905293
3414967
1524217
3261575
1330098
4529671
3817536
2009475
4844117
2261061
1034836
4430993
3020303
3480248
4977371
4187144
4802425
4762374
3952971
3159553
2483209
4281577
4350128
3431357
1459734
3739233
3382077
3936946
1075432
744241
4253027
2074728
4502004
2147615
3629575
4885549
3506220
4417977
2413427
4428985
3642206
3133901
4164086
4443005
4050858
4607131
2046504
1078177
2968871
4817166
2659858
4481162
217651
3158473
3108159
720132
2628639
3154777
3678427
1983358
1391631
2559287
2581192
4473176
2604568
4861214
2024425
4212326
2626855
3834561
4059836
2389623
768358
4823035
3668377
2719437
5097651
2096046
689803
4619056
4307866
2198933
3593220
4636715
2119075
1211828
4299254
816383
3902057
4666501
2728162
2764088
3920486
954692
4440910
1007185
2050696
1563134
1988748
1605302
2920787
1632051
2848318
4989677
4472720
2474306
4798381
3126073
4206360
4591697
2340924
4854340
978774
1679799
2407572
3975099
2424515
1483032
3362963
2362339
3298727
3017375
4430381
1257732
1632692
4779013
2063931
393845
3783177
2882253
4760930
2475433
4753563
1281920
3669724
2170029
856743
3783058
2030410
4790281
2034862
3537114
2067983
2486025
4571794
2613179
3639206
4616520
4466096
4425508
2929327
4644086
2351892
2117871
4764906
870707
4436186
2917124
4959872
1863201
840426
4638447
1480798
2596847
2705921
4565079
2220743
824970
3093177
3868466
1252916
1805910
4295286
4221265
2112902
4762297
4045439
2108926
3350672
2446824
2073663
824891
4305245
4028682
760779
4317938
4563165
4729583
4642478
3554698
3414730
4567276
1650328
4789197
4724034
2250398
769590
4326979
4385366
2711306
4061730
4801973
5128937
872275
4663291
3546710
1501761
2154805
4645349
3694974
2571915
2058789
3327998
2880879
4907776
1577870
1160967
2520832
4104335
1149303
87171
1225501
5041442
4608206
2376642
4746442
2897138
4932080
2905591
4273276
3986513
3037582
3148982
3204575
4918964
2755722
5017068
4131657
2125360
725026
3678481
1972186
1217462
3722427
1510355
2620562
1352717
4012237
4565568
3242582
4368472
4484069
3015874
3938092
2811951
4389515
5059124
4904115
3330445
4468168
4114555
3632796
4536056
3829812
655679
3903620
3675267
3296278
2342655
3362117
2077273
4465331
4719299
4329390
2870781
4295977
4429033
1481624
4907542
1591892
1827120
2186185
4963444
3146886
4765967
3729753
3646451
3878798
4463310
3550360
1221541
4438988
1451733
4684338
2317802
829779
3041536
3795123
295985
3622831
3004561
4095499
3204347
977875
4337931
3617669
2926075
2647406
1154100
3967160
4745366
4436164
3842521
2808698
2384031
4630822
1217278
3215610
4665757
4699367
2538171
1788379
687614
2523985
2564751
4405093
4545631
2921737
2367179
4655343
4639927
2346363
2813124
1925409
2078661
4641401
3880714
1028910
3877854
1062350
2836842
1960518
2218545
1849433
4253364
3833969
735272
2758940
4537221
3171500
1838165
585673
2307679
2297417
4392941
2431786
3890672
2363972
2442117
4823798
1655990
4344485
2022201
2946713
176280
2779107
1586059
1014580
2504422
1055147
2612975
4637845
2398590
3877178
2193304
2826730
3134515
1073789
4233193
2104299
2715742
3578725
4003018
4883529
3399305
2910994
2039543
2546549
3070208
4409621
4637234
2188586
1101611
4314556
1304276
152480
1807580
1860433
1977951
1949675
2939810
3598883
4719985
3899312
2609485
4297254
2159251
2641365
2431368
1633753
1972244
2012780
3630567
2539403
3092168
4037487
4329149
4976816
2537685
1350562
2594785
1436185
4013498
905800
4026954
1353779
2428358
4067888
4398778
2549327
4630503
2221292
1545078
2690198
4764998
2659153
3178484
2772751
3943872
1053232
1088347
1054501
2510762
2680677
2670354
3896659
3208192
3545188
1034278
4052635
1893432
4417001
1345670
2274397
1421048
536847
4948425
4570656
3603269
2412062
2699218
3088665
4544892
1754329
3920357
4484078
3660705
2659371
3056342
3320181
4354127
1376907
3177532
2492021
800326
3952738
4179347
2088045
1717648
1286225
1696136
2652420
3770219
1644648
2531904
2659870
1752927
1495498
2112898
4368604
1180080
4635864
2880877
3321835
1548125
4651479
4176360
4509876
3581290
3017376
4462884
2013876
3197358
1578503
4447086
2320301
2662780
1805627
4575382
2663151
3601659
4442227
3992308
463136
3228626
1594404
5030972
2303525
1603596
1128403
2621030
2631924
2222861
1706625
2791789
3311346
2328042
1961106
3784870
2581860
3266811
4231930
4668594
3717063
4575012
2778653
4918949
2461051
2159472
4864020
2631277
3663066
3182654
2834042
3943602
3928851
1114721
1656233
2361516
3829080
4861532
1569271
4435334
3172083
4631723
2492765
3205089
2356345
4641387
4012165
3486884
2329321
2324484
2201553
4219582
4021389
2434433
3740669
1759483
1677008
3836039
3209017
3609114
274365
3054350
1827616
2450395
3851186
2552621
4868766
3195522
1483815
2709049
3650832
3443974
2035756
2525170
4885744
4483942
4382515
2723893
1849273
4205886
4368636
1290855
2265858
917080
2712579
2460543
2381026
4324023
3792133
3513512
2342037
3557879
4042687
3751526
1095855
4998819
1569878
1889660
2713369
4304136
1653038
2014201
792989
2023996
2999238
3853807
4462918
4208843
1986783
4152460
4163483
3916412
2477497
3755661
3731322
1754009
3299411
3848889
2933892
2793739
1803572
1854479
1001052
2581812
3293681
2528370
3684357
2680824
1698069
4503715
5095534
4151497
2534559
4777422
2827055
5064384
1294887
4904264
2909397
4358928
1510498
1430944
4393816
4669227
1649916
2209177
1415026
1627157
3373086
3168447
4332223
3074360
4429035
2681313
2824441
2535968
2735049
2399834
3569906
3526895
2458212
4001315
2292884
3759590
4758783
2821215
3536190
2105163
2759778
3103656
898576
3853594
2112910
2528448
4170261
2598804
1655730
4050215
1711326
4921600
2395941
4719125
3021562
4041465
5018456
4793617
3081319
4794591
1444167
4739911
4612267
1018776
2258467
3003325
2892161
335041
4072252
4015731
2324435
3019887
522936
4430868
4908423
712015
4015594
3158432
2405667
4493856
4764561
2224018
1860939
4060312
1767814
4215985
4421836
3863570
3033024
3943379
3665648
2789992
4832693
3243430
298007
2721301
3228532
2287350
3784709
1165848
1087789
2415330
2173072
3842253
2509257
2377581
4225295
4309106
3677357
2730082
3409211
2510015
3998695
3688631
992474
1964641
2102287
4829851
1075039
63412
1736727
2028600
3344392
2701959
4902679
2916185
2720360
1817085
1980823
4148480
2851566
4381538
3920729
1763937
3152082
3158680
2182924
1725906
2200806
1129261
4136777
1873154
2184521
2075554
1627148
3998658
4668425
144737
2500672
4605881
4479251
1304791
3229042
4024170
4121000
4820374
2085643
3971470
1880259
2437719
2038113
4662127
4609830
1083816
950679
4168809
3142708
991670
2348349
3593473
4640911
3198872
996356
4591698
2234942
1104057
3626627
480561
4621073
4368903
2476719
1026010
98566
2281075
1724319
3092842
2244584
2766807
1294884
1474012
3452400
2470955
2115738
2515988
4007957
1843597
2632032
1042088
4105808
3527358
3473532
1914735
4934557
3467510
26726
4661678
609843
3606270
2017555
2012485
2078232
3443569
5067638
1226904
2223096
4919438
4888741
3499455
4669044
3591067
775482
4204441
1538301
1746296
3883486
3235391
3883260
2430730
4020786
4074832
860870
4283549
4567617
3680721
1733039
3226670
1683526
4255412
1871283
4123456
3656955
514515
2762787
1109552
965243
1361572
3606973
2494513
2730960
4731228
1528842
4928197
3943942
4070812
3802261
4742651
788615
2348884
3244054
4555323
3916090
4413454
2720302
652234
2044722
801557
3425503
3093724
2088985
3275720
2124531
2976329
2431442
1083817
3623961
4058282
2190486
3025080
4290545
1848919
2186917
3496430
3400087
2326085
1820838
1828691
2711896
4467947
2370560
3200029
4352515
2923999
1551673
4506099
4584861
2183646
3302156
1645523
4139229
1597253
2218537
4662218
3647284
83674
4436168
1037478
3130038
2803332
16266
4900516
181507
4462402
1509693
1024742
2290441
4053606
2132926
3913792
2218727
2612742
2708970
3733776
4074533
3250911
1864175
1039801
866192
3896655
4207078
2413216
3081816
2680853
2121051
4663484
4043068
4548336
2451448
4190094
3840593
4219575
4164079
665210
2335225
4673439
5006678
2575572
1951034
4089506
2332462
2779112
2851636
996357
4246358
1975682
4134503
2631156
4722860
2627629
4360220
3226901
1329672
2808695
3057732
3622644
3197008
2472324
240488
3681518
3421603
1523740
1117799
994495
4419203
3460357
4625807
3861182
1082783
881123
2970682
2614668
2921624
2382841
4626839
2409854
4333021
4462417
4024348
2207682
4552672
4622069
3090521
1700933
2165271
2264767
4593307
2622332
3629268
1871949
2178107
3916408
2460307
4197214
3817245
4376744
2690632
2189687
2908630
1964153
2015527
1414456
2693310
3602746
3487113
2174699
2486596
1611251
4482019
3111219
1128531
1466504
3192865
1093078
2528621
2143572
4861751
1369207
3421591
3152398
2320949
2044366
4615093
2398422
1968440
4626898
4023168
2528860
4850780
126645
3103318
3963574
1563000
63893
774527
3767538
2107518
4003659
2387896
4775852
3779039
3123843
4295249
4190716
4248680
4164841
4216586
4834271
1712598
3644527
2191143
2472144
992281
2162263
3159842
1147
2722172
653685
2823993
3636438
3311238
4594393
4957800
2674634
1524183
4061900
2600354
2020176
4060807
2865886
2319944
2173865
3056724
783127
3485104
4101719
2484994
4258413
1427700
4097515
2556049
2608124
4364562
3260573
1911603
1721284
3429042
2360258
2060262
4361195
4576604
4402632
4865236
3729536
1563310
484890
2066894
2923026
4044401
3437290
4415585
3825369
5040701
2680427
2044522
2094638
2004342
1594009
827926
4073921
3495322
1053282
2497195
2086927
3056718
2404778
3181298
733943
2779404
1610994
4355276
4284620
3897179
3891200
172834
3470543
4157997
2592676
4134796
2171890
2125710
884418
2202181
3875606
2520179
4866416
4452821
4052458
2701407
4650494
2458056
3848197
4272592
3957892
1933400
512000
1856039
2305272
1828339
3782385
3732653
4771644
1407475
3481520
4920770
2732387
3652145
2125724
1562308
2910854
2722977
4050758
1634114
1929268
3388584
3954253
4862117
2483109
4018711
3956922
4131933
2782912
4013979
2237074
2530755
3133900
3110365
4591765
611753
21010
3168820
4947946
5067994
2066838
2680877
1242897
3946807
2490136
2511561
4234283
1478228
1343293
3795211
3960582
4672817
2442129
1730657
2564395
3675153
3110148
4365526
1909553
3265470
2431332
1192895
2681287
2813145
4341640
646530
4075984
2972512
1567435
2245834
3533612
3922628
135783
4351958
3554367
5022053
4433300
3058298
4006306
3675152
1189905
3615775
2521073
1459559
2591381
2835333
1033154
4794151
3713947
5050416
1432320
1772514
3640375
3773335
3654975
2402171
2796473
1480162
2331330
39825
2717662
4565975
1573762
559673
4602726
2404144
3595681
2124842
4713865
4953008
2843148
4463370
4022354
1061134
1649466
2788540
775624
3329199
2365443
3493155
782067
2719334
3524472
3209300
4317035
3926702
4721743
2042323
3233350
2140929
4621879
3693433
2457409
2100140
665149
4266182
1064909
3963421
3315138
4188060
4899442
2897762
3511714
3886949
2584895
2632448
4662519
4738889
2856171
2273962
1988911
2085546
3564458
3456372
2903366
293142
4809580
4268963
4349626
4717166
2393684
3395419
3902497
2598068
2622607
2324729
589965
148083
1106704
4010877
2506721
1865097
4055348
2680328
1879833
3582418
1786958
1886839
2975946
3219599
4677651
2157430
2732590
4327735
2794354
1083053
3998934
3250456
4446254
2940865
64267
45211
2112908
4231650
4131111
1821081
1361805
4315412
4418140
4407787
2046771
2517235
1983406
3530278
2784285
2557466
3872274
394069
1509639
4412105
4774882
4828160
1431540
4749406
2755278
2176962
4026189
4331157
95716
4438409
4804625
4544597
3044911
4896968
1679788
2848898
1973337
1977958
5045032
1426798
2063570
3825063
3213729
2361902
2682467
2022204
4359938
2460502
1205372
4538943
4436191
1343703
4638156
3841965
3495399
4541206
3961089
2517295
2275639
2559209
3903214
4436173
2718560
4863637
4119358
2149814
4280310
4528076
3070143
3711526
1106611
2302024
1637003
2602195
2725342
2288616
4491365
235880
2358493
4340998
3205217
4163113
2906715
4428212
1027105
1297215
2038860
2301151
3904513
3884610
2488915
2743354
2657705
2456966
3383848
1624946
2864777
4807139
3054426
4206505
4038917
2746343
3994301
3259955
3076004
1092582
4684398
1433306
4156532
4788916
3314129
2541434
3083319
34211
3965763
4639614
4120529
2039119
2973414
2341602
2071921
3980889
4035837
1590814
5071143
3252363
803979
2804906
4113700
2838093
1640253
2833172
4389357
1154744
915606
3792864
4368595
793845
3376496
2333933
2506713
3168762
3015347
3385965
3138443
2885283
788088
2056505
3688672
4360360
795096
2485387
2133274
2622411
4638446
3819286
3434235
4058171
4667123
2324387
5046955
2035753
4422612
1811970
2812094
3711545
1829595
2019892
86324
1200272
1670401
2410946
4327321
4541408
1700588
4950775
4384706
2567738
4615083
3831252
3633547
2880023
1714819
3583163
3690830
1604076
3056719
4163110
2592032
1132240
4650294
1694582
2401143
3532071
2577331
3783059
4150578
2259800
1603080
2283640
3609936
4861018
4243845
2975322
4794599
2619314
4578602
2441933
1961304
3807210
484036
4917875
2225237
2888919
2278582
894090
3894021
1032374
4202719
4411101
3753321
1387661
3623806
2745957
4561155
4340514
1626196
3095288
4275273
4642177
959272
3815215
4313543
4513705
3076552
3499390
2939525
1709115
4729584
2541432
2340905
2411485
2231703
3361563
4668221
1078421
4368093
1900116
4283907
1966308
4872901
779567
3179177
2924043
2701221
4539244
4682936
3829636
1667375
3971402
901854
686421
2823085
2914708
800923
943617
2759772
1964152
1181871
3727105
2301034
4684332
853694
3144021
26436
2882272
2137778
3126486
4351425
3863348
3263131
3710759
816600
1930097
3238843
2301941
4884019
2718124
4195136
2012871
3802467
1866555
1020458
3144568
1599426
697187
1943551
4386727
986861
1043095
2364107
2149816
3168834
3557429
4215951
4409590
2381613
2609731
1341603
1489921
1562551
4873102
2660567
2624158
4218788
3740584
4611641
3056420
4826294
3571154
3216536
4160097
4486793
4442826
1495657
47359
4771778
3629271
4388174
4187402
1117451
1546209
2137013
1639736
4429034
4275701
1943554
4428211
4948428
4231220
1115199
2060729
4019633
4968530
5063068
1984378
3930612
1862521
4841278
4107520
128935
778641
4294767
3052739
2625175
1715176
4314300
2808550
3866351
3967923
1602634
2508059
1358216
1974024
632127
4108936
2286314
2286068
3251852
3629269
855741
3716454
4651603
2301161
3078877
2414466
4927338
1648053
3113565
3416675
2164997
1853285
2413737
2006067
5063107
979547
2824646
3033662
4042472
4885003
4145247
1702172
1232225
2096523
4231852
2118443
1813565
3393848
4130247
3470299
1887951
3665853
4060642
3377883
2685524
4574319
2896717
1523119
712945
4211053
539697
4171478
2324859
4403972
2778437
3230689
4683503
2464708
2030431
450139
2549543
2044364
3866033
2578464
4056631
3390823
1647864
4182402
4100142
4647035
3010503
3882370
2613136
2330808
2999233
628755
4965523
2522864
4066096
3561018
4518097
4438522
2943621
2629415
4158986
697346
949756
4428914
2579197
3922786
4164436
4266949
977982
2628166
2708983
1623173
4189004
4031495
3596672
2471823
3103322
3513324
2528447
707187
991733
2911230
4537613
4533593
1672657
4584860
4302851
1163440
952368
3111553
672079
2579287
1771721
2223144
2899197
3791771
4989226
2640535
2432636
3356825
3440632
3580335
2684219
3754417
2603674
2149823
4184768
1854034
572051
2367232
1106034
1907310
2397136
3040198
3250615
3893227
2965177
4114030
4086426
1375128
2040220
813573
1639052
3994108
2848842
1185311
1743443
991014
1599674
3959077
2260036
4052454
2409120
2802630
1869619
2690172
3185984
1503731
2937345
803798
657916
2469200
2026358
180103
3916837
1536579
2918249
2296588
4307617
3718853
1902624
3996611
180079
4651599
3012921
490910
4675178
3426904
1401281
2673273
3385676
1529763
2003640
4511162
1135281
1454407
2730615
3218308
1700562
4226273
4344111
2658705
152561
2628159
1330828
2191891
1076575
3542386
1452466
4398988
4664587
3073499
3880715
3602782
1653519
3746156
4472564
1141022
2364768
2346812
4415583
2588639
994310
3613662
783230
2709040
1354636
4056033
4711372
2531431
4440817
2922871
3529127
687859
1434424
1595777
4532791
2533410
4207799
4919343
1140543
3712082
3167295
2099631
4146401
4454370
3891774
2918688
4562987
4451276
3573508
679943
4766263
1955841
1601387
464294
4384636
2894221
3781503
3844651
4256603
3989708
4715166
2361008
3643664
2234484
774514
2950137
2361362
1675085
3456446
2389485
2799043
4329746
4398779
3751460
4987162
63604
3311565
4054809
1387757
3486882
1509915
2380608
4054060
4632296
4176938
4586680
5081061
2562865
1183809
2459139
3311891
2239892
2002882
2497465
2732587
1414507
3840298
2497398
1193413
4161238
2302033
2179560
2654002
4717268
3165996
4160834
3392330
4536385
4001804
4737989
3086896
324516
2438516
1521274
1813910
1703048
2903363
2499617
3335556
3645482
2392163
1809845
1981142
2635238
4691169
3093786
2538573
2642575
4238348
2332429
3334274
889529
4549043
2259267
4372653
663889
2220106
2934266
4322558
4207205
2533119
4783641
4798412
2097124
4120158
2158814
1899511
1691360
1247752
4531221
3947753
4042350
202756
1787848
3892384
2948070
3789976
2240223
2395150
3794533
2145649
987133
2589229
2410242
700546
2089486
2153914
2788974
4159953
1250919
4794241
2230771
4804953
4000966
1291655
3598464
3228551
3207095
4383166
3398960
2352543
1166404
3559170
2150735
1142205
1330115
2582733
3429581
3036792
3332936
3685575
4682592
1576331
2099636
3839691
921621
4993844
1829131
2561149
1988434
4922768
2065515
3070111
1442221
1732618
2473353
224132
3998977
4139032
4243780
3632070
3899615
2245772
1691090
3392001
3508726
3832127
1567481
2107577
1910434
2880367
4595512
4662140
715394
3235170
2620910
2572696
4700911
2027911
1342357
1158474
668662
3997710
2628834
2806687
1243416
3102474
350033
888036
3419890
2628039
794779
4065151
4130913
4329908
2609695
2668635
3052683
3941047
2355252
2146420
2316160
4565772
4381539
4901381
3873310
2097562
1174596
847288
4718580
338682
4482186
982600
3055178
2857447
2612893
2329514
2500164
2778366
2680719
1863231
847313
2366967
485631
4471231
862246
538765
3957347
3256129
1447537
3739457
2776702
3404996
911537
1614261
2809623
4184938
1774821
2385097
1305841
4429031
2943704
1891907
1612465
3895339
4261405
2708972
2252829
1763666
4234626
2548638
3128702
4598217
4165072
1522554
1452457
2009770
2045167
2968792
2476527
3768521
3479786
4031832
3990707
2023961
4360573
2779001
2179428
2044362
1679283
2319171
2983416
1165847
1956157
2707258
1442920
4436055
2789238
2113754
2201460
4467502
4811442
3960320
3245438
660248
3030495
1892257
2663767
4388676
4511012
3967672
2443726
3063275
2382258
4622531
1203221
3880642
1454089
4508259
3658572
4519533
3893237
2868791
2881772
2282405
555965
2999389
753732
2886423
1572439
1524104
1113263
3311376
1271853
2650542
688289
1895004
4414056
4539737
3237351
2063029
4528299
3440595
4313549
1404903
2226504
2331984
2517999
3836013
4157759
3337054
2410947
3949083
804963
4262792
822938
3621995
3552451
2726492
4071590
1626837
3450362
2469840
2831708
3888889
2619262
3190784
4622442
2624041
3845870
1382030
2424768
1164988
4814630
4412694
256018
3158751
3237424
3180199
1860435
2677173
2744036
3502281
3746773
2836433
1401036
3242265
4665887
4770543
4041185
4261579
4711076
4577577
4287678
1028172
1876720
3352461
4378441
4276948
3852942
4163852
546944
4655566
2097855
3929532
4344442
3654660
3389746
4112197
2661154
4678142
2513756
3081700
4106804
4343206
5013556
3292416
3179121
4288121
4492902
1382659
4893847
1115462
976409
1749276
2596586
2759773
1109972
1139717
4530522
2951729
1634739
3396312
2618934
4169017
2524393
4544595
3866502
4376310
4198821
3548715
4065131
344709
1708928
1828346
3737887
2439848
3181167
3536469
2427563
4403445
3264588
1287350
4309132
5045930
1542899
3754398
4843987
3438148
3511585
3349164
3618901
4486250
1965315
1015266
3678555
2184492
2673768
1078109
3690874
2495051
4375019
4238461
4487010
3440297
890974
4472993
2482462
1812660
2301681
870481
4738887
336229
4574991
2336545
2339004
2492632
4652324
4501442
2836584
272454
1275831
3366758
2844649
4716274
2344231
4188720
2034983
3952352
2423615
4044360
2610417
3702903
2231831
95382
4794536
4551694
2768788
4290288
1582610
3252522
2998945
2810708
4453776
1784089
2631145
178353
4689736
2656852
803418
1909963
4640173
2149819
1543159
1768241
4142172
3645574
2284222
3816687
2405231
2315229
1827146
1582988
651937
1817083
1519070
2455191
4270165
1259798
2520633
3802053
1629200
3728042
3213730
2151273
2808831
4463380
1842867
3298109
1701715
4721736
1875444
1757109
2894747
2907457
4433609
1975916
3059613
3675154
1898907
2674928
1642274
1777067
3968518
4063846
1118196
733432
4357322
2983325
2331037
3758914
2348761
4734795
4637121
3742334
4250040
136411
1070785
2400926
4472039
3965931
915210
3802129
1351972
3961756
4682693
2486175
2405462
2334423
3952312
1291225
4596798
3265250
2786639
1623285
4329734
5030971
3088791
3656069
4316314
4784496
1643386
1892340
5018455
2444148
3992524
3343060
2262172
1043169
3114360
2565590
1551135
2684007
1556943
3438225
4152466
2234729
941569
3415083
4762061
1229141
2592760
820336
4049716
4846512
4257852
335786
4441433
2233986
2336375
4543012
2055425
3929904
107410
1601132
2630984
2947682
2425743
4487849
4838708
3218172
3395093
3544004
2594547
2345637
2818076
2482089
4300734
4795151
4550015
3634730
1909554
4412092
3572698
4527762
3571341
3066546
1345671
4130233
2136959
2195883
1341563
3697466
4131201
1284430
2549105
2019213
3405314
4258863
591347
3859480
1972924
3004748
2115928
2453042
4163108
3461160
4544596
1368564
138008
3359370
1059816
846105
4436169
3883180
3834882
4186400
1473301
4176037
3352759
5032325
3705380
2922259
4491814
4710976
2088758
2468861
3414029
3619274
4467958
4691422
1086000
1625191
3576129
3749538
4715504
178645
2014567
2250533
4878739
2719372
2527492
3715069
1908522
1370463
3568902
1696207
3275914
4496794
2486401
1300906
3489934
1974306
1925633
3657305
2554365
917736
3889322
3987562
1820339
4546538
2260625
2499427
2762719
2915407
4163207
3468194
2496306
2905235
988276
4226545
2939958
4760458
1350134
2257531
2518847
1678041
2298047
1610745
4646862
1126510
4839022
579821
4164087
4456172
3544773
1691088
2250471
2184124
3297831
1900208
2245581
3953062
400211
2613076
4134856
3469884
1741741
4347840
4792231
4971479
3902744
4630750
2248366
487384
216151
3439769
3636008
2731363
992174
561814
4537193
1413258
5041435
3808702
910147
4323222
169841
3110488
3565338
2963694
2283638
2365948
2940376
4436181
2632518
1158221
1241924
3445728
3461323
2797436
3120531
801303
2450053
445177
3057865
4450083
4074058
2425079
2279004
3801808
4104858
3932185
2876407
2593620
2606431
1213612
1492008
3104528
1760652
2559128
3581775
1397263
2581632
4872267
3961787
2606246
2032688
2121609
3860776
1690355
2253082
4941556
229695
4350484
2486149
4101047
2442838
2751787
3141685
3005705
4335397
1373482
2660097
3032444
2402999
2083439
4689737
4330189
2512181
4834157
4093542
2789861
2578841
3845724
717133
3523993
4929271
2779114
1560572
4478118
2908136
1223770
4436175
4455671
3328315
3615458
3146877
2267413
960875
2858422
4275147
2035633
2311464
3902584
3843928
2442088
4934471
1715403
2961859
3170501
881417
3667382
4000053
4999974
4122809
4376308
1696042
2036061
2200803
4275452
4310021
2053065
494818
4948246
4111996
2773184
1160810
4920379
4243286
2733483
1372142
2129097
2655718
2430086
4184497
1510674
4052453
728092
2445198
2174442
3882667
2053116
4163506
4665895
2946457
2637355
2234918
2505367
2445127
2779110
3665398
1827324
1648505
4145246
1112171
1843653
3447585
2125720
1974867
4736984
2773170
1413257
4178006
1169701
5046954
2418108
588523
2404379
1109572
2076889
1578322
1674036
4913073
2465619
3237420
619891
2053600
2603845
3806838
2897462
2416524
4591699
4644253
4459546
3167071
1221614
3321542
4918572
1166376
1429168
3760742
1931668
2907710
4062985
2394997
2036653
1688154
4462023
4321070
2458202
3801898
2299368
1782090
4708640
1401173
2485439
1611276
2708997
3885872
2685401
2046351
117580
2457669
4470043
3994098
4507223
2708956
2555515
2245774
2009777
4852316
2146181
3218157
4400435
2477069
526757
1497406
4541231
3904548
3118504
4946212
724471
3671660
2257445
3812196
1713929
3896950
1828903
690461
3768635
4463325
4569012
2161977
3558966
3073960
2468866
4056633
4671406
2960557
3404717
1498774
4132948
1749822
3107406
1788629
4146216
2685242
3230906
2551547
2675215
4050411
682053
4284327
1669990
1383825
1825258
3384836
2643109
4340997
2856172
47462
2258010
2622377
3477875
4552085
4537459
2130269
4045384
1818428
3404789
744675
4809574
1679782
3482904
4733411
4618302
367763
1401231
2148623
1231850
3572081
2443188
362423
1588725
5015496
1033430
4875454
3102501
4631987
4309650
2017799
4177402
4857915
2046116
1329592
1628056
2651508
2541854
3464117
4113672
3359655
1245231
1672656
1589232
724470
2556238
2402400
4519458
1865292
4246714
3126609
764292
1989198
4668219
2754917
3719806
1697777
4710791
1925527
2505187
536476
3847619
1632050
2248253
1257855
235471
4041492
2905732
2200811
2983143
2587630
4180832
4292589
1863199
4018669
4090133
235470
736215
3699498
2507296
4592989
3568109
3879312
4113673
2111262
4178041
4800049
1571309
1803208
4395875
2921013
1527747
3906541
2321277
2456349
1843575
2422137
4994378
4650495
4673315
1171316
4712892
4655828
1372951
2570453
3955294
1705819
2625105
1809719
4113616
4804443
2420320
1208673
2472303
4603303
1826136
4040927
257793
509165
2059455
3895736
2047085
4224418
2440264
3580096
4004208
949234
3714809
3119228
4653572
2231704
2283637
1925933
3877108
1372338
2834752
3931694
2262523
3802847
1910987
2223322
1746840
2840670
2592887
4613647
2617331
3754436
4654501
4207466
3073983
187791
3503704
2506984
4918973
3705545
2445621
2732058
1596706
1507125
4095152
2909595
316018
782021
2455742
2915478
3779682
833605
2431627
4788885
1447383
1785888
4095399
2578838
2754191
3264713
1925798
4366416
3728856
2913566
2143996
3643030
2462384
4134002
1955676
2290342
1014943
3251761
2099637
2711521
1009330
1331610
4242237
1674139
2457075
2924836
4644186
2132142
4158001
3605750
1443865
4841179
1245003
3110027
179070
3029279
2523311
3087146
1429457
2311115
2210863
1416272
2513164
3665817
3813152
1570203
1969171
1648580
2326935
1623206
4838199
2417486
3295345
3579653
966160
1538480
4051892
3472926
168504
2786744
3784708
2084194
2972514
1903676
4712823
2471418
4610836
2841393
4163098
1841365
4622109
3959365
1784064
4412721
4657713
2825422
3644502
2456973
4069432
4622519
4637233
4555370
4719928
1522754
2222967
4439457
3570768
3802734
865102
245284
1219509
4610121
3856225
4287587
4886601
1542554
776951
3410035
1754266
2565270
4186705
3583226
3729848
2013012
3642791
3034033
3309764
4602531
2034490
728878
4467468
4351959
2447579
2636964
2635971
2708967
4405889
3219818
2546306
2226486
1332018
2731945
4499482
2779441
2118444
1644690
3866940
1699888
2625751
3802044
2206802
3386123
3310657
2625297
2452218
4056629
1697230
3951197
4209315
2410945
2531439
2131813
1906388
1920872
2385798
1226609
4210974
5002009
1807642
1502448
2866795
2625671
2081372
5063067
1348161
2856173
1678973
2201971
908059
3121175
5069929
279481
4776507
3544219
2409855
4576729
4949132
4398269
3433655
4483822
3435046
3964749
3704458
4745919
1589834
2569622
3644079
1095854
487900
2634845
3972764
2719326
1605179
1966086
1457925
3398882
2520609
2498577
2651838
4994609
3899521
2299446
3034495
4655728
4490711
2134474
2878366
2419195
2593942
2559639
369921
2188031
131564
2907086
2570530
3279341
2693462
1735214
3301301
4366318
4184505
4839765
3864535
4915498
1230854
4660273
4316318
4150121
3828589
3905683
1483396
2516260
4921876
4468295
2437116
2410846
1917098
4045773
994038
2661438
3334491
4582371
1931149
3715945
4811668
3997772
2514751
1411920
1018938
2389811
2793431
2939167
4806611
4163101
321481
3668261
1988751
4014722
4506590
4536506
3384447
3493206
2758027
2097442
4622474
3748459
1483395
4851107
2607691
4570598
1578784
4754031
3460998
2388288
3229026
2404722
3801108
1882215
2239073
2485438
3293035
4782063
2591358
4555888
2325531
3418992
2820225
3103657
2559548
3729849
668780
4457177
3838729
2457696
2346860
3064876
3370546
3582212
4186134
3828894
3635551
4068394
3329445
3367489
1934166
2168768
2316729
2413619
4404552
2095627
3881333
2444326
1451342
4130926
611751
4383164
2961640
2846620
4100533
1592915
3476108
3852831
3093814
2964220
2838537
4472505
3930382
4915942
362728
4168408
2675202
3755396
2497058
4818953
752980
3783060
555420
1529762
1574314
2300175
156905
1719019
768453
4097868
5002098
3916409
2633674
2758299
4344774
1831935
4034069
2117884
1864300
1497403
1294744
3920659
2993754
2685820
2557225
1770304
64266
2870806
4760487
4561480
4566976
103199
1924570
1613232
976190
1213004
2341586
4622644
3890660
2730291
1672531
1109513
4044108
2036902
2533406
3666979
4303686
1925935
1501447
297115
1563136
4013475
4682282
3749403
2620911
2016168
1219259
1613624
157321
3969527
3505225
3794518
3920663
2779004
3340945
3767750
2231706
1990545
4499443
2410948
3241947
4500934
2428214
2229756
48449
2647275
4901760
734184
1560189
4624945
3736423
2674804
2217638
3183132
3672688
2317620
3938961
3381891
155235
2724213
3267588
416971
4257855
2052344
2016778
2047086
875324
4313237
2560355
1430822
2145650
2044485
3833544
3411617
4237734
2245768
1472242
3957404
2395149
2233436
106033
1885018
2348275
3399770
443270
3993681
3721770
1261868
1695973
2557524
2708968
2846226
3912663
2803688
4284602
1607736
4681625
2149821
2886136
2610040
3117786
4058154
3680112
4753272
1983725
1530620
2369402
2731889
1566064
3757491
3873306
1211507
3069191
2301159
4642302
1392444
1717644
3806676
3072686
4692379
2744035
2040486
3678428
4146045
1993172
4999973
2495113
4863240
2776356
4122059
3748289
4473225
4803502
1697815
2889995
4958345
2605356
4078838
785156
2072692
1614383
2660803
2744506
4363321
2643112
201523
4163118
1995243
2731512
2299512
2590652
4235307
4215882
3989706
1656000
3216417
214143
3981488
5045818
3464414
3429031
1661477
1757744
97840
1028144
1583561
4682959
2074136
1665810
1083054
4284814
986042
1918539
2381240
2057263
3717906
2457775
3199964
3128330
710949
5070035
2708961
3008935
2454373
841599
764295
3623605
1615427
4951502
2274737
3238551
2246659
3104339
4272369
2743818
3714434
3134948
4629120
2577893
2470712
4469359
3172759
2014554
3598891
4163103
1295849
2550234
2504503
1935880
3880527
3597764
3629246
57397
4646146
1138154
3610068
1977528
4111506
3650854
3930321
3714433
2715151
2710278
2038915
1838427
3959370
4414921
2075849
3869279
656916
2764150
1492654
698742
3920710
4163107
1643106
3864487
4163121
2784162
3299353
2145646
1857880
2670208
2081373
2769616
1416954
1811460
4866853
2553606
1634933
2592998
3781582
1775350
1595667
1951675
3908671
2270137
107875
3468193
2163735
3158270
2844075
4215338
243487
3688634
716348
4257854
3200847
3955279
1157344
1768802
3389394
3308439
3695164
3802317
3506732
2326286
4278109
2473455
1696087
3407177
3812588
1426038
1523640
999944
2801629
256027
4226803
4939464
4975261
3533276
4857598
2376778
4402935
1828136
3521079
4074465
2934553
2296178
3079844
1223690
1559740
2722429
4242786
3802263
3296392
3200714
1793793
1837350
3636358
221677
4852729
2678916
262302
1572100
2596971
225296
2875310
2612892
5067150
2510040
1092234
4044864
1374107
2731139
1610723
3989709
2779005
2835277
4731417
1712377
1064998
3289389
1529758
4302205
4275851
4515101
4783687
3784569
3410085
2449759
4447232
3594057
756424
4569921
3669885
2606014
1070639
4454127
4002196
4437053
3660852
3311423
1149423
275628
2209289
4163116
4001494
4716281
2087927
83975
4638948
2740330
3940504
2411157
664513
2293450
2531886
3373825
4426100
1767646
4305331
4129305
2750915
2427814
3646291
2494068
3377642
1596776
4317683
4811053
4189161
2882521
2479479
3476933
4307175
2846500
4760269
4205455
2849194
1071131
3066988
1476996
447035
162311
4078834
764517
3375364
4418212
2659781
2708957
2161305
3111047
2709083
1360895
3511508
3666686
3289429
1396017
4271043
1801734
4861945
2648427
540955
3588223
2733476
3608241
2708979
1593723
4210354
2623831
1151654
4169920
3658383
4162520
1059305
4104860
3963451
3521387
3951771
2658004
2505634
1124488
4243840
1844019
1966563
663888
4064324
2271364
4622434
4241525
4820036
1845293
3328721
764003
2651811
3802035
4658024
3680348
2197801
1730611
4783688
113896
3828488
3516863
3302302
4257707
1529761
2775397
293134
1247975
3648315
1078157
3111036
4762526
1593674
2755277
2446651
4610117
1960574
1100071
2261701
3587557
1985918
2755563
4049440
2724478
3859537
3229091
4962239
161902
3169718
2469345
2311599
2848846
3899964
4235786
4726669
3450779
3132748
3037326
4689249
3310651
1449327
4396364
4019213
96375
2250747
2084862
3684245
4557334
3338395
2510294
4284866
2504205
1102712
820619
4224642
3248707
2404675
3876716
4380619
2061192
107434
3904563
3522485
4392985
1442631
3702674
4093667
3841003
1803640
1714637
4434512
4408082
3924008
2783227
2486013
4287966
1573659
4804606
4201984
2520217
2386166
2610994
2600984
3791032
757067
1318432
4959873
3041193
788979
5063849
3643658
849199
1430468
2005099
3666371
4978005
1354531
1576337
1241418
2125719
4759715
3284042
1061662
2301351
768454
2768155
4308709
2209888
2600081
2964221
3833545
2708960
2738964
5095813
124349
4569628
2796126
4865190
3977703
3295531
4963966
2156070
61415
3912664
2854929
4242100
2585452
3907830
1939269
3557771
2009771
2460411
104842
2963126
4267269
1954597
2523194
3216899
3118383
4166578
4080287
4188027
2519927
4821685
4643686
4492206
3484572
1839276
1227055
3059216
4662226
4295765
2708971
4010041
1167475
283705
1706410
3957929
1714634
412288
3854852
3333703
2699135
93236
2099634
3929365
2597191
3171632
3725996
1061972
4730816
2798051
4617966
3449694
4716427
4710977
4635489
1212244
2255524
4561146
3867435
3990587
935029
1902818
217493
2487840
2303916
72585
2222070
2374190
3465650
4216038
4356246
1165694
973781
4261090
1656650
4164929
2832649
5081063
983896
2495787
2854691
40017
1656727
1652613
4354448
3844605
3033120
4884577
4152853
841565
4196437
3527890
2605902
3228592
3073972
2374574
2042449
829238
1743349
2781054
2774742
4376790
3639372
3226341
3889455
4001334
305948
2755127
2451690
3614063
2053279
4662118
2708966
4176606
3904854
3404788
2560657
2341738
134334
3837338
3873308
4302972
4270095
3587688
2044527
2579667
2739798
2734813
1210810
4705256
4163018
1508522
1294709
2233987
4676798
3669775
1613687
2778418
1642251
4284458
3446204
1365214
2200557
2256051
858241
4129522
4599805
3963274
1842523
1870068
2082725
4281456
4362245
1702971
3608995
1875863
2628955
2397591
4595501
3674116
2778368
2722655
1580835
3486101
1702072
2018512
3869340
3140798
2298473
4119360
1399651
3790214
3330501
2182100
2781369
4665271
196977
2643166
2666259
2200172
865534
572525
4570329
3401749
3836587
3892194
2408194
4006415
523527
1481149
4415495
2510846
2869070
4351237
888621
4471261
4415097
1360822
3749859
1306992
4173749
2603619
3222991
4433942
2779106
2163736
2637461
3860803
2191760
2445269
3530608
4967836
3043939
2495789
2642164
2722432
1402538
4431725
4074787
2035370
2512583
3825863
2194972
3880952
1125866
3679760
3029177
2634649
2841505
4119610
3169643
3020221
1721369
1057141
3851147
2589292
4594280
1145198
2825441
2225697
4375442
3425436
205941
2555384
4360217
2633704
4750823
2450838
2794099
5012141
1776723
2417147
2908886
3638000
3989710
2493463
405059
3292348
3256928
862088
1826476
1164568
2200805
2559412
4837373
3333255
3057790
4312218
3195227
4872796
1762937
3688729
1592916
208722
4647025
1631588
4597846
3218424
2133688
1121909
3496408
1596326
2349701
1106700
4572346
4530677
3643870
4351960
87570
1186901
1397838
2812672
3034396
4302884
1297260
1056202
3101226
1712012
4374452
523532
2573493
4295240
4434464
3494530
3907765
2456112
3976121
2115650
2815425
1241727
1641008
4895643
2497064
275250
1469136
4354505
4059970
2630685
2269514
4643995
4010086
2140894
2459903
4848779
4349303
869286
1661048
4610114
1110532
4557010
1365213
4517806
2477122
715395
3688687
2700452
4155175
4342891
460513
2046445
4559387
2127199
3124830
3588263
4622077
3478969
1829925
2123284
4759631
3832299
3220153
2702470
2813660
3476632
2438517
2044338
2235053
3768437
4168135
2844779
2786058
4182613
3093269
4722377
2819139
4165657
3442299
2265623
1134237
4812732
4694612
2011173
2726346
4099365
2099955
4889905
2138509
2842174
4722435
4405119
3872838
2659837
2095312
3677312
2716029
4655647
1451703
2095310
2512990
4013509
4884210
2940845
3720116
4999611
3229008
611931
1828342
3023414
917062
2186440
1884654
2109120
1126228
4278439
4635096
211007
139182
3655780
4833488
4249197
3967773
172662
69058
4587414
4978004
4766022
3793488
4260808
32570
4664783
2321562
1647659
2628556
4706222
3273140
4302973
4029776
2941965
3181499
3653442
2621336
1594969
2250214
3788079
4839808
462736
3717699
3514427
4884868
4384804
516754
4848656
4839234
4564782
4648374
3914213
4584242
4622728
4833487
2914404
4262004
4323945
871116
2933646
987223
4309889
1367292
2875228
1502221
4355352
3123433
4840034
4303461
4635488
2546844
2015629
4394873
4592916
Total scores: 11428
Average score: 366898.73
SSH: 23, SH: 42, SS: 418, S: 2681, A: 8171, B: 62, C: 26, D: 5
