4792013
4111035
4828509
4019149
4940126
1808605
4968530
4897206
4761861
4742940
4975261
4356464
4134856
4214779
4865603
4651531
4019853
4493700
3854743
2079597
3058489
3700073
4177434
4443814
4273030
4606556
4685718
4061167
4867167
4565459
2627079
1754777
4101954
3847754
4842367
4298765
4735162
3710704
3867964
4318971
4886597
4127115
1064976
4187053
2209202
4653513
4838606
3881559
2460718
4529872
3811857
4985596
2520220
4914437
1949106
4520510
1990718
4383664
4859889
3548649
2708949
4176938
4835404
2556199
1860169
3393903
4838456
4466844
4323280
4749785
2228387
3642423
4704020
4376495
4792231
4641395
4830469
3624005
3623807
3579281
1569904
2141888
4270838
1940633
4119955
4237906
1681360
4768112
4641389
4783641
3040104
1989203
3810679
4896646
3647082
4134446
2671379
4070109
2524160
1582287
2100822
1997892
3946158
2556200
3866017
2294912
4236382
2487880
3310074
2176404
4189842
3648544
4425879
4861384
4748878
3891728
3796122
1714882
2446829
4135160
3737197
3684556
2743756
2981463
2699196
4657226
4122187
3361951
3130993
1296305
4415584
1583228
5091148
4438736
3945161
1162425
4876257
2090974
4978004
1282960
2382377
1537566
2881220
1911588
4605491
4315784
4351473
4201398
4923042
3353695
2769886
3854615
3432407
1866087
1744043
2111505
4181770
2911355
4704022
4543721
3773248
1923214
3933318
4109500
3804374
3568590
4844348
4305957
4186288
2396057
4451458
4838413
2510998
3691464
4425486
4912905
2016359
658127
3468687
3658332
4095763
3727753
3383316
4013921
3963934
2691242
4351425
3999084
4850086
4992898
3877661
4055410
4226271
4065297
3070111
4999937
4161097
4712543
4963444
4190966
3668020
3779342
4843799
3415931
3622590
2461258
4468592
3684530
2955445
4074165
4947312
3892050
3771026
2659368
1046841
4832603
4860572
1498618
3666536
4190864
3932615
4415744
3061371
4302219
2801009
4736827
5069637
3545720
2272673
5056300
4476448
4559341
2064453
4244680
2817560
1565884
5004968
2726326
3855998
2403677
2573914
4057285
1306992
4064320
4531245
3797166
4440053
4134502
3465034
4440049
4634744
4872744
4541862
1903809
1241370
3328576
3070066
3551549
3545215
2280910
4832938
4402861
2574090
4880909
2458202
4462023
1226524
4424168
2581428
3975714
2853674
1918978
4218068
1816073
3093271
4435685
3660758
2026805
2077119
2026764
3683363
1255288
4225083
4838455
4166422
2324958
5059741
3091249
2935781
4464302
2318117
4349998
2511064
3078877
4638447
4392936
1842675
4279127
1475620
2481962
3346897
888010
1962374
4193449
4193498
2189687
1813521
3778937
1816243
3644156
2546607
5041674
3071981
3523496
4042905
4202719
4577926
4479251
4112173
5130700
2058788
3914810
2126752
1362711
1636104
2945273
4551189
3526068
3523630
1938974
4057855
3992865
2241258
3855810
4829677
1350927
1844622
4471539
3901039
2684033
2682641
4470043
2667280
2178404
4710115
1718152
4071712
2448542
2328679
4987241
1711307
1558337
4629404
4850273
1487213
4481161
1770552
3034770
4113363
4579565
1256809
1801586
4699086
2660294
4189841
3131107
2931779
2404778
1912402
4586680
2241579
4246671
851255
1083470
2752359
2242249
4861513
3405683
2549105
4452401
2323911
3018109
2445438
4059970
3849847
2624331
3672424
4608402
3832947
4641390
1860433
1728456
2364135
2634748
3990534
4357157
2058087
1621319
4915498
1353828
3284709
3632631
3249380
2496646
1911308
4419490
4190194
2557979
3284710
4198445
4445343
3546710
4844447
4999825
4855256
4729584
3837137
4783687
975588
2629595
447145
3295903
3926086
4851922
1828346
1871950
1889804
4788933
4376744
3215636
2236622
2982131
1690355
2035291
2581610
908042
3700558
2205152
1159687
3970526
1075797
1160996
3946327
2069999
3248872
4833931
4337666
1997307
2496721
4734795
4419660
4897819
2088427
2201145
657917
4507477
1860991
4059980
4215847
3121730
2241580
1519863
1725588
2969484
3706250
4583712
2240526
2977084
4764855
4809580
3265469
3353088
4019213
1892257
2791432
1736571
1911572
1125665
4652324
3989706
2603845
1413257
2365752
4930859
1029562
4585194
1537768
894090
3001532
2993974
2689931
3526561
3665005
4597089
4466096
4143861
3532090
1001682
3206402
4880274
2486881
2034654
4444067
4628575
3151956
2798282
4472749
2828520
3385230
2295882
4193382
3675267
4751287
3980686
1649528
3641902
2055393
3884667
2809073
1822501
649184
2179629
1919312
3214701
1849580
4985768
3355394
1895602
2141309
2263415
5058002
3967922
5058000
2469200
2360394
1181761
4395884
2319171
902259
2572295
2632230
1384781
3891761
3385971
3041577
3431132
2731892
1229705
4093216
4839039
4379114
917129
1563000
3399305
2872154
1935764
1836593
3328794
4985836
2354761
4157223
3526823
2896983
4387380
1889232
1942387
2547879
2041050
1933511
4986860
1802736
3708195
4226993
4989720
769590
1571309
2399954
2657557
5062775
1849273
2663986
4102017
4479223
3038997
1593724
3768514
2059822
2751287
4215507
4452319
1199955
4638448
3385967
1648055
4137259
2278930
978774
4436738
1255495
1946507
2389623
3601629
4274637
1287334
5018216
4246905
1474795
807074
4855807
3083836
1920872
104229
1912276
1869933
1838427
4360220
1805627
1108149
2469345
1551135
4833604
2132775
2485793
2315558
2794936
1062394
2428358
1769144
2297417
4186890
3957153
2576941
4252608
924667
4987126
3045279
2530755
2331169
2354378
2679477
4715012
2069841
4807873
2204234
4708806
4843902
2976489
1704794
1489207
3055878
4902117
4083196
2568117
2660646
1208922
2285719
4936186
4876258
3054701
1828342
4871942
2191785
1836903
3493583
1649842
2419085
2629589
1500645
3257742
2843965
3121104
2176530
1860296
4323431
3074941
2015643
2281078
1649064
1655981
3695440
1935845
2495792
3954874
2506707
4926838
2410948
1975370
2564014
2368880
1191920
4134504
4985511
2189162
2360153
1435459
3017461
4016003
2055394
1760666
4463310
4900284
4272569
3998295
2188586
1746902
1726994
4147579
4348113
1466557
1736329
2565452
4935686
2161155
3666979
2659724
1890062
1897262
1808053
1875396
2622483
1907048
4355276
2881772
3963421
4733327
2075704
888015
3998658
3411122
2560248
1069949
2673453
4722415
2552099
4641402
1075001
2444148
1656727
4382719
1028733
4791798
3526895
3374887
2666060
4536514
1811722
2188031
2020939
4838348
4919688
2639644
1951721
820737
2281075
4819750
2351797
2933746
3597770
3041777
2338610
4644712
3448023
4119821
3654660
930249
2550204
2485595
1185036
111680
1843481
4490286
1783947
1843589
1743616
2512396
2060211
4039338
4834698
3708780
2261561
3012798
4503583
1129193
4751290
2034983
2659369
1895603
3313094
614323
2173763
1843653
3018924
2196331
3568573
3131407
2391970
4273475
3039112
1816113
1846321
1725174
3746239
4119513
2060278
2536179
2474574
3762927
2187164
2073663
2528860
2164997
3554815
2363282
2507141
1032126
3814944
2695411
2506240
4839022
1462224
2156842
4783765
1742623
2097898
1180701
3701306
1626537
4224418
2979808
1566024
3891218
2168206
2362668
4989342
2496720
4039337
4898278
1662175
1826438
3022072
1737326
3029339
2596314
3030240
4028364
3992524
2860521
2825441
5055300
5062370
4655948
2628166
3003399
1627148
4225181
1762428
1313029
3697984
2485438
1385398
4169905
2336427
2530810
3456606
1741391
1977528
3969861
3131529
2681192
1642274
2099491
3666019
2597616
4408758
3928577
2477069
2974590
4468528
1231616
2781622
4921870
1872396
2328680
3160150
3048810
5083695
4307891
3014649
3722078
2026320
4931085
2394642
5075751
4319071
4213989
3670895
3486101
2231831
3502722
3511219
116128
2298047
1366917
901854
2112908
3334587
1385397
4902120
2330357
142954
2389695
1846270
1828339
4663484
2622555
745360
2573459
1242427
2143572
2677494
3042164
3063047
2686031
1044728
4680256
3415914
2863215
3036835
1895605
2778999
2541735
3707958
4748879
1651290
3027953
4415585
1610746
1895604
2603107
3894551
2014469
2025942
1816571
1644535
2444149
1995061
1630299
2843304
2149819
1955170
2129143
3483015
1701404
3873445
660247
1141858
1370029
4840247
2410945
3226527
3663667
4202750
2615210
1838426
3092842
1637380
4186277
1209163
1804490
3820910
4111778
2685873
3888921
2362951
4537613
2518847
1983665
4713808
2522366
4947083
2025393
2546306
4957328
1983406
2206542
4614397
2201553
1073279
1683307
2370646
1095854
2616981
2457532
3927904
4870528
3485917
1301212
1419243
1886839
2197401
4452777
2580634
2068681
3299312
1826549
3647151
2245774
4877481
1892340
2518845
4536305
2056505
1991379
2636733
1968836
2594347
1848919
2609731
1515487
2149822
3834249
1890412
2616989
2185148
2802630
2043199
1973410
2484994
1893432
3906726
2397136
2596015
3121360
2395969
1702172
2118444
3910830
2598214
2237465
1936713
2417147
5100570
4140323
1353480
1763013
4860509
2628159
4152746
4158183
3885119
2149823
2628691
1003447
2596018
1612453
2444276
2552046
2610843
2178147
1108593
2282067
1400414
2022718
3354156
2287401
3236099
2367127
4133942
4885547
644971
1570203
4126173
1768904
2295253
958098
2301351
2192267
2102287
2283281
2562794
690982
869222
3600118
1988753
2041871
2593620
3814186
2505956
1836484
2131079
1659421
1770623
3083319
2924352
2118443
4955187
2102274
1274573
2964221
1351114
2442744
1772514
3699058
2078961
4096258
3012582
1420669
1860524
3714304
3061372
1289926
3093269
4419203
2514777
1484122
2485565
2615748
1573320
4866452
4631723
4383669
2044366
5000520
1344602
2629591
3832477
2931007
3586535
1053520
2524196
2576408
2064615
1154744
4508127
1941499
2122460
145876
3357329
4064861
3467890
2474728
2439570
3077971
2532278
4999511
2020258
1401254
3209460
1988911
2905732
1609180
4179379
3511585
1970829
3143545
3208196
1343792
4587434
4000886
3861065
2799357
2014389
2894747
1973474
2593880
1801734
2928224
2128030
2898419
2050536
4311270
622407
3765706
318340
2797470
2205151
3821789
2098783
2097562
1989857
4876676
2166311
2586618
4547394
3220384
1610745
2520049
1893461
3509524
1846275
651744
1501472
3257738
1911333
2261562
2279617
1968445
1990449
4471430
2628161
2021387
1783812
1843593
4214867
3520482
2250747
2044362
1572198
2040582
2620911
2246465
2034057
1909555
5121698
2619743
2237466
2988233
1969946
4208504
2983479
2044368
1969005
2410947
2423610
1859166
1675844
1734750
3320563
2871671
2450035
1981996
4276045
4199237
2033294
3884914
3501901
2245777
1531547
3403460
2184680
1947968
2164274
1046830
4803756
1992711
3107578
2237467
2703519
2823906
2468866
4082715
2302419
4298815
4954619
724015
2519704
1942218
3545146
1556336
2336704
2706078
2089708
3244451
1769418
4618179
2295605
2610039
1975912
1031991
1956884
4231651
4351426
2953859
2589942
1980544
725718
2742960
5053359
2151203
4725071
3045513
2569254
2581426
3595734
3690510
3521898
1926434
1586059
2677176
812590
1626530
3852957
1951733
1213856
3911766
3874766
3334274
4058154
3937149
1030374
3195618
3919008
2316176
1612454
2964222
1985735
3069848
4198619
1474946
3802617
2564395
2579405
4694870
3266014
2168568
2574259
1675838
3392330
1897567
970331
2025938
1848803
1619555
3192017
4795498
3901653
2245772
1605598
2384875
2975356
2726491
1956123
4136910
1970565
1554502
1960451
2779000
3874871
5050894
1695382
2601893
4537141
1851299
3688094
2131813
2618935
1807642
820481
1810188
1752311
1619564
4568046
1983405
1849120
2803332
1988963
2581812
2642699
3982291
3826352
4025463
847314
1917158
4942836
2587891
4037816
2350833
3126758
2245766
2485259
2964230
790048
2659911
2313934
4915922
2500162
2322888
2450629
4134503
2327308
2590119
2502889
2299561
3008709
4404049
4870470
2222070
2921274
1710847
2521210
1827323
2204626
2563055
3168871
1675837
2360152
2946713
2394645
1804553
2742959
2237357
2914811
4760930
1515526
3385966
1989332
3982549
2304259
1786111
1742483
3193000
4354283
3306465
1988751
1836354
1358299
1990791
2336252
1762724
1218337
2582615
2245783
1851177
2053770
1844417
1988750
3339824
1682475
3546207
1632673
2405994
4466783
422328
2197593
2360155
2447121
1752315
1400686
2338619
2225011
2619459
1831418
2136676
4166302
2324863
2715086
3194930
1003013
2925823
2226722
4431476
2911993
1640362
2053094
1820257
917062
3954875
2022201
3296788
2240223
2294617
2060305
2315765
1741498
1678956
1095855
1174838
1483372
5065247
3397860
1534523
3623520
2052478
3862594
870707
2461086
1764213
3217116
2519046
2165271
2479219
2866960
1675832
2559938
2488852
2257346
3257737
4468295
3624206
1849505
4952141
2468864
1252651
3209835
828242
1925194
3135149
1014580
2102292
2761640
4546446
2238881
3591520
4054197
2008748
2643264
2785693
4989925
2606069
2726492
2327792
2443190
1296610
2570165
1993380
2606880
3334273
2948845
4197563
2468862
1706834
1401283
1749322
1850409
2468865
2931011
2022204
3286201
2931006
1932649
2067141
5095315
2269172
2475907
4913570
2468861
1852860
2269544
3651245
4846148
4073961
2861378
4076589
1594713
2587226
1981053
2999389
2686032
2191240
2654645
2512371
1899100
2449782
1918979
4601828
1621068
1487821
2099714
2237470
2369202
2470194
1757109
2461085
2958102
3010986
1857519
4786970
4350927
3905266
2459764
2077126
3791672
3254875
1262832
3229766
1889563
1704129
4880497
2274392
2470211
3407846
804164
4756087
1554632
3136589
1385396
3631228
2449784
2902017
3385965
3561534
3522976
2201460
2037502
3082675
2774812
2067117
2570594
820483
2586467
2719893
2249059
2211018
1628131
555797
2465804
2625911
3543557
2222880
762207
3382215
2820225
2589292
2633231
2386115
2567535
1917082
3122809
2361328
2336468
3115758
4048208
4085207
2030843
2150733
1860939
4468621
1755524
2943272
1476606
1982146
3388689
2409659
2129145
1978494
2609733
1675842
2249387
2800850
1932924
1298486
4287878
2098034
1620144
3484856
1797542
1797549
1969637
4796915
2238023
3708488
479668
4309247
2330482
2098548
2618934
3102108
933875
2742961
965243
2517929
519080
1676233
2586769
1396152
1671171
2315560
3097443
2099567
2778998
3958966
1503470
1139789
3053375
2223057
3053377
878721
2295077
2055202
2437233
1573638
2347052
905800
3954721
3989790
1128531
1762728
3920486
2477067
2663734
1403240
4060265
1410748
2078195
1948378
2367122
2335100
2620912
2103566
2150737
1705675
2477261
3584736
2995944
1861763
3237351
2349469
2620913
2288381
4705821
1915794
2347578
1537817
3626627
3962022
3126205
2428357
2518844
4243596
2459394
1988748
3767138
2469346
2436293
3481136
1961300
1829038
2201675
2367123
2486606
3933758
1524133
2112898
3157180
1639177
2444151
1701996
3048435
4207029
4860510
1861487
3921750
3005850
2150739
2030431
2586235
879062
889632
4528380
2959921
1911574
2149816
3873678
3495996
2449781
1267491
1818428
1555610
2969237
3959991
1922277
2054242
1650477
3175203
2474572
4411233
2044364
722238
1558876
3737266
2863658
3076004
4453888
1498091
2512373
2461089
1925409
2185824
2631078
2191143
2222862
2409643
2479386
161902
2129147
2750832
2327793
2617143
1448813
1529189
2490307
2781369
2477273
3628459
2052644
2659478
2964220
2048477
2097882
787430
1474956
4013897
2142744
3238820
2548908
3466914
3749934
2794354
2745389
2410946
2449791
2596017
4963601
4908291
2163087
2593933
1968552
1845585
2021273
1720903
2025941
2580525
1128411
2327794
3122808
1864566
1261879
2156326
2204720
2455484
1961271
2382822
2328042
2514776
2096800
1786960
2499765
2377855
1892411
2238522
1613232
3119369
1989076
2588639
2512368
2092400
1935596
2457197
2474570
1610022
2919032
129891
1912653
1454214
4783688
1804850
1595191
3511508
1720423
1618411
3623644
2634392
2365443
3199701
3152717
1768802
2580767
3220698
611931
1776723
2349470
2977095
1827558
2475939
3063080
2449792
2179560
3351262
3841936
172619
1886838
4796704
1675834
1827324
2512395
3544961
2657109
3062908
3557351
2367340
2485437
2168425
2227344
1573762
2114567
5013749
2039543
2102289
2518969
3385969
1783813
855762
3019409
4877528
1852572
2347579
1655728
2452960
4008303
2245768
3920150
3638672
2225036
2784168
4977898
3626128
3214886
3104675
2409644
1454845
3173880
2786980
3607499
1797544
3989387
2168768
3993680
1679789
2281077
1791963
2376778
2382179
1762729
1041682
4166300
910147
2480902
2321562
1952177
2064497
1926301
3197548
2150740
1711830
3221518
2102288
4922786
131891
4101543
1669990
1531842
1800249
339055
1512179
3758491
3697985
2118445
3645144
2025940
2658172
978213
4421119
2679078
5021688
1649990
4028743
2083422
2914708
1347841
2025939
4225030
1738018
3069490
2775397
2998745
1810372
2235036
2628164
2522356
4841213
1492008
1945555
1718671
3614514
3874133
1762727
2629590
1974023
315
4291753
2195806
2201876
178966
5070572
4203094
1843595
3592622
1700275
2871670
1992682
1627157
898106
21010
2984584
2628955
2449788
2390945
2677501
2317735
1125784
2742956
1766216
1746492
3364783
2559412
4608407
5009463
4212330
2097426
2173528
2118440
2467121
4017839
4480795
2533709
2118828
1149303
2102290
2084631
4956395
3011287
1863083
3965515
1972842
1256875
3745820
1086057
3392673
949233
3324966
1846226
3706935
816327
3957208
1962182
2222887
4063846
2675575
4103800
2550203
2149821
1909493
1737899
968220
3557726
2325387
2083421
3758766
1654061
2874408
2774742
1433306
2049457
1182213
1611276
2937933
2409645
2660053
2925889
4869656
1512180
2205311
4653307
935029
2245775
4039494
3057790
1570183
2612893
3385968
4610836
1492010
2941386
4555447
3460680
1021579
1770197
3279599
2626473
1484989
1869937
3407302
2084862
2597330
1797548
2245786
1286697
1492012
2281045
1860295
2596016
3257740
2418745
4265218
5064384
1969635
5063107
1962676
2048191
4853789
1144257
397535
2495251
1762730
1329774
1785888
3545014
1706210
1777804
2631719
316
3025365
2625324
4978145
1558869
869310
4787127
3608828
4874181
1106776
1892049
2610193
3499071
2046445
845378
4552914
1257217
2599504
1775840
1377957
1962161
2245784
4843520
4179321
3145415
2405223
1201636
929999
2266572
2726493
1373950
3149030
1885374
1828340
2352279
4806838
2312539
2202719
1142884
3221833
1657639
3037582
2245767
1136506
3010882
3457531
803418
2622409
3145600
4054196
3746081
3881448
2460553
1495848
2077642
2219848
2964438
3613647
1059894
1869935
1822108
2457519
3666462
2254470
2628162
2916636
2620910
1675839
4415495
860793
1522511
2581192
2624078
5054544
1644937
2796473
1153237
3217551
2021776
2769435
2258687
1690353
1752439
2795613
2004799
3802844
2791233
2739798
1588610
2514739
3278509
3500256
2924887
2055396
2427262
3389280
4177202
3933636
1279361
3209836
2336424
2134538
2514775
5066679
1974024
1182090
1869936
3242265
1844239
1772611
3349882
1410549
2168508
1076862
2492021
2520832
1633532
2067473
4354487
1971822
3492582
1849944
3024873
1292314
1893431
3133974
961692
1592913
4672863
2818772
4721743
1251181
749189
2805013
1909554
2543707
1410548
1983411
2914646
4100836
3957206
1793625
2867817
1821081
2509953
4129168
1603635
1278814
1809151
2264767
1180149
2461088
2580222
4244210
2492022
2800319
1158424
2399265
1952037
2495917
2334062
3179168
1166448
2514778
3073983
853926
2989093
4184538
2239445
4715391
2883897
2044485
3968194
1711395
4884682
4547815
1473300
2898086
3457731
1988752
3113401
1391282
1872563
1179679
4201394
3842526
1768240
960875
1712012
3627858
4611641
4881967
2202603
2679663
1694814
4016104
2222443
3055213
4404164
1827864
1599961
3782929
1304276
2526689
1655721
2473353
1805910
1609688
4574873
3545013
1762731
1559179
4864952
4020786
788790
2753891
2786058
3156257
3773045
4559851
1703420
3056718
1639739
1269264
4860483
1675830
3970329
4054322
729619
1149864
3977191
1602890
3967210
2463764
1801936
221777
808566
2058789
1930159
1762733
2486391
3582938
2632608
2565986
1961323
4166299
2223734
4638949
1711983
5065499
2737141
3985893
1257235
1931138
1492015
3440631
2267564
1492011
5057511
1689294
915210
1179680
1643270
3526562
1659530
3713071
1655724
2040232
38800
4124528
3849117
3707950
2854691
2022409
4121936
1924570
1675843
774965
1270000
961907
1930289
2987243
1777160
3574500
3206007
785907
2658147
3260996
966136
4330718
1702971
2276210
4857996
2020602
2668065
1363365
1059388
704360
3707953
1375399
166017
2205651
857603
3486334
135142
1639735
1181187
3095597
1004492
3641547
1819898
2856416
795703
3050529
1592914
1201505
1399651
919818
4091838
2388298
3412600
4895740
2677188
2237579
1714573
1729203
932936
1180148
777074
1383386
3989709
2732387
820619
1074806
3742921
1400196
3989704
3078717
1179678
1811434
843307
2759787
445437
1528015
2805014
4772080
663725
4528224
4345352
3542856
1492007
1294709
3991958
951401
3497649
2284893
1709121
943403
1229603
3688439
1655718
932935
4059152
4088605
1592916
3229770
5052145
4033854
3365585
3499015
5128850
24057
2116802
2813660
935503
4708527
1245883
3438148
3697682
1071416
4054201
857602
2971241
1286726
924759
1497404
1649989
3329253
1312375
1510461
4989664
3164032
2303916
1670491
4550417
5054162
2668755
4859703
4908434
3074108
3869560
831241
2943265
3577374
4054015
3607697
2223077
4570949
1331685
1064692
1134237
4529671
3976192
1405991
4342225
5073695
3037642
660248
1730178
4889905
4973473
2735748
3104339
1324910
4845231
1201303
4689249
4131039
1079133
2169525
1919344
3082601
4174332
3064687
3989708
1681634
3093274
4059153
4976816
4054203
3462322
4675618
4046281
2153331
2809623
927842
1187302
3443974
1842700
4580248
2901666
4648374
4520249
3380022
4129169
3572698
2479479
4041185
2794099
1643106
1383387
4852497
1768241
2622988
3989707
3929365
3461154
4257707
4857362
3656603
3285233
4630904
3459056
2399264
4561901
2654506
4303564
2004828
4804609
4717049
4321070
3783060
933105
479812
2327962
1186901
4642202
2168419
4553375
4156714
2726346
3034391
3844305
3905645
3505229
1397854
511051
3941094
2829376
4252607
3325377
714001
1629635
4224431
3513159
3727989
1724319
5119884
2784275
3301711
3152714
1802637
1256873
Total scores: 2633
Average score: 238209.78
SSH: 103, SH: 92, SS: 35, S: 220, A: 1505, B: 434, C: 205, D: 39
