4897206
4742940
4651531
4735162
4835404
4886597
4177434
1083470
4866452
4828509
1860169
4520510
4641389
4850086
3854743
1064976
4838606
4837115
2382377
1990718
4061167
2079597
4529872
3946158
4392936
2624331
3185724
1866087
3058489
1754777
2708949
4187053
4746232
3432407
4111035
2209202
4641395
4298765
4944707
1241370
1655981
2486881
1776723
3648544
1989203
4808112
2126752
2573914
1861487
3191142
2059822
2469345
4862040
2228387
1816243
4704022
4766041
2437233
925812
3884667
3548649
2100822
4214779
1044728
4662127
4064320
1125406
5113735
4070109
2689931
2628955
3208196
3306465
4109500
2257346
4425879
2818772
4565459
658127
4729584
4892236
1199955
2964438
1570203
2249387
3361951
2659368
3773248
3963090
2574090
2901666
2631078
4792013
4803756
3707958
4896646
1566024
2457532
1838426
1157868
2097562
1681360
4634840
3647082
869222
2034654
3742278
926644
4190966
4628575
2201145
3885119
1969946
1911308
2410948
4193382
3078877
3690510
1838427
4791798
3238551
2581428
2444148
4754217
4788170
2663986
2615210
2204234
4124529
1997892
4641396
4917244
2176404
2639521
3128003
1869933
4751287
3325848
4551189
3267170
2575008
4934522
2518847
2512396
4153251
3071981
2790477
2282512
3551549
3533482
4805580
2128030
1842700
1770368
2245774
1808605
3336277
3131107
1925409
4704020
1845585
1642274
4917483
4647289
364532
4846148
1782795
1695382
3666536
1893432
1251181
657917
4189841
2627079
2964434
1462224
845378
3782349
4641263
2118444
3752975
4805054
806325
2113578
3665005
4318971
2780924
1621319
1977528
2995944
4947312
1872396
3518450
2331169
4755428
4894287
1603635
1571309
2149446
4033854
2496720
1690355
4000950
3018109
703794
4810225
1488203
2338610
4276045
4581701
3963421
4415584
4661447
4796396
1344602
4893484
4028364
4155614
4112173
4543721
2610039
4793132
4190722
4059970
803828
1746902
2118443
2246465
2633231
4698324
1142884
3846505
4181770
2069841
675734
4027448
4019123
2315558
3737197
2387523
1010596
4013493
1909555
3881559
2404778
2774742
3645570
3239420
2618935
4137259
690982
4836716
2797470
4694276
4472564
2512395
3625849
2874408
623699
4834692
1588369
3814944
2058789
2354761
4862037
4552914
3704352
4529409
4849082
4794536
4403746
1644535
2145832
820481
3716464
2596314
2050696
1675830
614323
3970329
3958596
2134027
2496646
4757454
1501472
2974590
992106
3501463
4054201
3523496
4921686
1616415
724015
2609731
1804553
4958759
4662519
3623807
4921971
4127115
3390210
1871842
4142643
3954641
3374691
4605491
4803734
2078788
4618179
1475620
3983866
2413242
1886838
1274573
2608130
2089220
3310074
4795498
4459494
4359132
4912905
4614397
2750832
4806838
1860991
960875
1619555
4678354
1951721
4905645
4844447
2596018
905745
958098
95382
3651961
2872154
153935
2143572
3030766
2396057
4722420
1997307
2502889
4309247
2021776
4881965
2245783
816600
3632631
1028733
1236211
4549701
1097891
1892257
4165290
1181761
1563000
1507125
1809845
3257722
655686
2026764
2569254
1074806
3928577
1032126
2677019
1518125
69129
3746239
3505091
2173528
1242427
3301339
1218337
3813485
3906726
2181195
4680797
2492632
1649842
1127798
1843653
3415931
2194972
3505029
4798302
3860691
1556336
2185824
1026666
2596015
2115829
2084862
4215263
4317467
4791383
4176938
3789243
2443190
1356298
2506525
2118440
3130993
1770626
1001682
1079133
4225617
3215934
1822108
1886684
4607972
1860433
2660646
644971
1709121
2267564
1621068
1746492
1895605
839947
1555792
2637738
801303
1166448
4939631
3569185
1774124
4201394
2964222
2799357
2615748
4280507
47152
3796494
133938
4131123
2852981
3801992
1370029
1515526
4784320
1569153
1231616
1770623
3873445
2388297
895495
1046830
2530810
1862269
3100786
3579557
3179921
1169773
2108217
2512990
4270213
2044362
3057801
2690695
3919008
2836353
2249401
2595770
4021115
1682101
4710115
3257738
4306835
2388298
2447121
3667466
2247825
1782802
3768514
2587891
1620144
954692
4867167
2599450
149550
2022201
4787127
3257742
1706210
4641390
1893461
4792591
2445438
4805579
1985735
3260996
3415914
3039613
3385971
1809151
1226524
2457519
3257369
1341646
2250747
4682959
3934692
2496721
111680
3061371
4728625
1797542
4870967
2201460
3874133
3704366
978213
2800923
846872
2914646
862088
555797
2679663
1052900
2037204
1829131
2189162
1469240
2639520
3379344
2826730
4308532
1705327
1029307
1783813
2245768
1968836
4905934
1150868
2316176
718156
4817853
1351114
4728369
1353480
1201636
4704234
2520049
1687642
1863289
4320233
894090
764082
970048
735833
4376532
1919312
2829376
907594
2273031
4591775
4549301
2567509
3874766
2222861
930249
1229705
4847819
2556347
149552
3012921
2129143
1623093
3972386
4842099
1872132
1002858
2097898
2751775
4838655
4205425
2459394
2467121
4929271
2918688
3643457
4148816
992389
1964152
4958655
2619459
853779
1889804
3905645
2514739
2683120
633993
4041185
1816113
3135149
2222070
2321562
5043508
893696
2022202
1872812
1717282
3851983
2168768
4076864
3644656
1405981
3882087
2227344
2233760
4419203
1309931
728870
1836593
816734
4112072
1869935
4612454
2025941
4934557
1482959
4124528
3082601
870707
2606880
4225619
2245766
933875
4075203
2185879
1623285
2131813
3778960
1692260
2532278
3369861
1632673
2774812
4349998
1990559
1307320
2759787
737100
756423
2833172
4533960
3514241
4683658
1619564
3692895
2006294
888305
752980
4007768
2330482
2132924
156675
2403859
2968055
3243569
2245860
1926301
2713369
2138577
3623106
4832938
1578505
2976489
2008748
1669990
4512279
2484994
2622787
1396342
3858848
4934525
3627294
2477261
4805791
2761640
4403715
1613979
3055124
3505066
3600342
4762173
4672306
3213845
3572698
2493793
3967995
1828346
2357806
1170505
2778999
3628459
2082487
2156842
3841861
2226486
1256809
2132775
4748879
773398
3142477
1474946
820483
3257737
1648055
1657612
2995539
2983479
4705585
2347665
2039543
4546446
4180100
116128
161787
2753990
1582621
1942218
3669724
2061247
3081319
726381
3796617
1260398
1530797
4704854
4698086
2328680
2523668
3078415
890955
175693
1853547
945157
50712
4791387
4720294
839569
3688491
660593
3724573
4217258
738980
279032
2495788
870839
2245772
703725
1436138
4642440
3908671
2123284
3907765
2231267
1927666
1419243
3553117
2222862
2014470
683409
3209690
2133576
1121504
3118383
589969
1649528
2223144
3563444
4805504
1589931
1551135
2226722
1935748
1804279
2025938
3076004
4049612
2483555
1427476
3833484
4931085
722844
4104248
98486
2129555
1594009
2268730
3025365
4156030
4748878
1702172
2047227
4987241
4873640
649184
2670604
2453247
196977
884664
4791385
3583226
2637354
1113246
821785
2270137
3238282
2486606
3929365
4054203
41313
137124
3638672
2333525
4274637
2445664
2082996
2209289
3270246
1004492
3606457
4552003
185784
1399651
4952141
1992818
2179472
4839673
3019319
2258368
2564546
1206499
2607691
2102292
2507884
3345731
4463675
1782215
4386516
924759
3333669
3613816
3104339
3625423
2480902
2039544
2269544
3030057
2443516
1788628
3169485
1843589
1221423
2562794
1592916
2521210
3257371
881123
2223303
3802617
4247598
801158
205282
1651290
3697747
3880946
4433828
1234064
1069949
3309764
2061985
1329592
1762037
3275891
172662
3851546
3002063
987133
721995
4139244
1043089
1988750
1668949
3549213
1003013
3439713
130500
1380717
104229
385544
4952136
4550418
1245365
3282546
3891647
1843591
4897847
1994599
4898278
1047758
4886195
1067513
1144257
1610994
4443814
1702903
2548907
4689249
2641751
1759171
4127421
1306992
2207263
4333021
479812
4809574
2958956
2223057
2511561
2245773
1696136
2792207
4424145
2025942
4433832
4051851
898106
2058902
3256660
4753330
4796007
1759915
1600465
4161121
1965307
126645
1764213
1075653
4146007
1331610
2661154
3861077
3076104
2089201
3588263
4358912
2044366
2211018
1902818
3641946
323769
1477910
718679
1231072
1572100
2321980
2779000
799916
905800
2786980
2042856
3802844
1047994
539909
3259719
2815870
1410548
4225621
4569104
2009432
4266651
2937500
1712377
1270000
2739798
3962022
2245781
2737358
1230854
1855195
1579923
799415
1528015
2655079
2135515
4397592
119431
1886839
1420671
2982835
1026010
3105129
2269684
2471823
1762728
1420669
1185311
2229349
4172054
2142716
1113332
3467272
1925556
3637802
3440631
2076261
1544643
3623520
40017
3802251
2791432
1544629
3851186
3319395
4345774
1595191
1100071
3671741
4134856
3924754
3307806
4113363
2895495
2403266
3385966
2149448
1874853
3462039
129891
3921750
21010
3821207
1315468
2103101
1627157
4347692
1302583
2744035
3688634
4238418
2836542
2596017
894744
3087285
3144568
2443188
106965
1681634
2820454
131891
3613647
2817622
4774712
137303
1557914
4826294
3387541
736215
3041193
4802265
2169142
2311796
3151808
3604997
3443974
4905829
3217551
2185106
1754266
4655903
1027692
4419660
1897567
3852943
3508868
734434
2123199
646713
3515714
1860435
1862228
1009022
1768240
2351364
3093275
2512991
3307411
5075544
1792026
2926859
176280
2070079
1650859
4266652
3513437
4387937
4225622
4883762
1463737
437139
3459056
3784901
2223134
2061330
2145988
2850905
61415
2004799
1602159
3957036
145669
3561488
2030431
3832960
3229225
683970
965243
1786111
2641580
39076
3337690
2730928
2803332
4041762
3926567
2113754
4063846
2264767
2364004
2003923
677938
1725906
1004823
2557979
2775397
3683516
318340
2628834
1694501
2562756
1524103
4483322
2448542
1607736
4357157
3568389
3307169
3147541
3206
1534523
2565986
824038
3561625
1415466
4288226
4513705
3774858
2296022
3907769
1286241
2692144
1945005
3420529
3798342
734339
3854204
5006339
1911665
3690388
3817092
2844963
2403907
3880732
1076862
3434177
483164
3902399
2741954
1306448
4704018
4298815
3711613
3381070
2352495
1947687
3322616
2992705
1149638
4234626
3794517
3772188
1874165
2022204
1883681
3001532
3545215
878369
1980295
4303564
1072460
2249059
3509293
2680248
2809623
744036
822553
2609733
2863658
889632
3615458
2139724
4010086
2411157
3467954
2022718
1783812
3438148
3591050
2526517
900957
3151263
3412882
3073983
2732387
3598891
1107381
4433827
2438517
314672
2013012
1724319
3446204
3337289
2913269
1805627
2583502
591347
2640834
3369714
4896057
1983406
4859801
3671921
4449473
2023927
2961859
1709022
1213004
4063840
2239445
256839
2108648
1843597
1982146
276451
3592622
2717433
1899100
3941047
2066838
3071759
4116965
2083439
2563946
3745820
2125723
1541853
2677191
3540245
2351094
1655991
1631588
3137126
1787964
1785659
1528368
4760929
2540064
1695991
4480795
2498577
462736
4950835
1988434
1727798
4852493
2324480
2141888
2791233
561335
49101
2090255
1149423
2245771
2564395
2630863
1762937
3002999
4140868
3238236
1643106
4246939
2615898
2961551
3020221
209285
4745173
4522470
2423593
4342484
2202862
895806
3367978
229695
4415585
3839997
858241
2115738
4493700
4225623
929999
1612465
2546040
3573970
2030843
1593723
580941
2468865
4905646
966160
1488097
635865
228919
2657055
2298473
2479479
3670023
2403677
4880186
187791
3863485
1885461
3153085
3315779
4794326
2190904
2962915
4445221
4342225
2048528
2260493
1495634
888621
1610746
713867
986837
4078148
2254470
3452359
2898086
4453932
2328679
3471168
966203
1957843
1862525
3662485
1134237
369868
4225083
3802259
4106914
3645144
4805790
3967023
3352759
1191831
1859247
3747453
3320026
4729371
3844651
3615857
4277322
3877128
2291964
1796164
1092234
1013839
3841983
3025593
736396
3569579
2719326
4022867
3054701
4852316
1743443
1125866
3644151
3467573
4322847
938174
4044924
663725
3912664
1106034
3331635
2272679
1838665
4975261
4213728
3782929
1432041
3535586
1345676
1377588
4274701
4435131
4644712
3480947
3132748
4924798
4818953
1174838
4718650
4542922
4895740
943399
4368642
1861434
3267169
1623725
4433829
4561934
2775172
3104522
1653519
3118604
2621030
2245529
1897317
2196289
1995244
4856302
35015
1544408
1938365
3650854
705091
2201553
3467890
4931910
1911123
2937933
5035509
3805646
3273002
2904978
1826941
2534559
1062374
3257370
1219705
4793648
4015707
4655948
550235
2069999
1808741
722448
3256129
2564428
3982198
4583712
1551873
3119369
4992898
1599961
3753144
2719327
224132
161902
1061972
4069161
3037642
4970187
1569904
2926947
2577747
3511714
2514803
3628152
1783947
1593361
691083
1658362
648081
1949106
1451703
2501595
4610839
1041682
1398809
4922800
2731312
300689
4215344
1988753
2552395
4061893
1621175
169841
3876716
4573938
2826252
4084959
914220
2040232
1508535
3834006
2988681
3398654
3034593
2820225
4518058
1692395
2685918
1923214
3697682
3722572
4871179
2277236
3394558
809469
611931
3411122
687530
4852491
1636879
1715917
4201398
2412062
4384636
3205025
2462759
3542719
3333793
1728019
4622078
3206402
2325387
989228
1138154
4793476
1421439
4189842
4186244
4661678
2816117
3802256
3390227
1648053
3195227
3517482
3313127
4168135
2022237
3724171
4255312
2263134
2300083
4796346
3952816
2726346
2512583
3967847
2061428
908042
2373569
3436822
1349312
983609
3591213
4435254
4795551
1764707
1365213
3767017
4886194
2176280
1186901
2565598
2211017
2586420
799788
4643871
2200806
2565674
3614514
680689
1517653
4134503
3641172
544419
4713808
4862625
572727
1956122
3688650
4867605
1587059
4415495
2813660
2246659
2046445
1483732
1118614
2514910
3500105
2870806
3797136
4913599
3205030
4190588
1870068
1231400
4028888
861971
3977190
4345352
1909554
677903
3354073
1593252
1180676
3996216
1193512
3941094
3906694
1827324
4893839
3577374
2715815
4133381
4182561
2443726
2044338
4926909
3607872
4828490
4372575
4059153
4321781
3837892
4033810
2303916
1768802
4561659
2116146
2327792
3982291
4119955
139182
3669885
2521259
4172057
4913570
2658590
4708806
4803942
2753127
4059151
3455732
1438999
3773045
924414
1537566
1209160
2281299
2545437
1981053
1597642
2459903
4657212
3977191
4528224
1141858
2044364
2668755
4641402
1056202
1162425
973278
4772678
4543348
3256946
2446893
2601508
1162172
1534522
3017461
3365585
818022
3700073
4047519
1483372
3683292
793107
3975714
2368899
3795759
2201307
778641
404663
1641008
3034573
4182613
2004892
4786970
2190545
4790484
4059156
2042429
1115737
3760479
4273030
3385967
2075545
3654660
2753891
1696087
4313921
1451282
1222063
2737141
2553242
2546549
3188920
3665400
3700995
2826230
511046
3816334
2608381
3564083
2367340
2989057
3499015
2164997
672594
4981161
5005640
3933105
3707946
2096523
4643192
4304541
4291608
783860
4199237
4131039
3101174
3656603
3591908
2085694
1551874
3708312
2038860
1554693
2326754
1849580
2696829
3152325
2573493
1358921
4855807
1168807
3645482
2710014
4708432
3531783
2179629
676575
4437056
1555610
1962676
3890672
1697722
4048545
3841982
3653442
3322065
5041438
3064687
4847519
2682467
1606114
3169255
2384875
4085207
4767183
2781571
4320740
1494828
2496318
762025
777074
2238810
3945419
3066331
4176679
1274017
3543581
465548
4708805
135370
4796008
4246671
1820714
1217417
3920071
4715827
1622180
3412600
2281045
3591067
3173880
776951
1185036
3893054
3654799
930307
3968196
855456
4978004
113897
3993050
2117043
511051
2675228
3121730
4520249
2404837
1658695
4845231
1988748
5041440
Total scores: 1854
Average score: 327225.55
SSH: 7, SH: 88, SS: 2, S: 40, A: 1115, B: 392, C: 173, D: 37
