1808605
3946158
4835404
4520510
4742940
4850086
4187053
3854743
3058489
4886597
2708949
1064976
1860169
1990718
4425486
3773248
4641395
4177434
4641389
3881559
2209202
3361951
4190966
3647082
1866087
3854615
4122187
3684556
4793132
3648544
1714882
1582287
4975644
2707826
3383316
4590529
2294912
4892236
2100822
4579565
3884667
1989203
4641396
3548649
3494148
839627
3310074
4751287
4575362
3892050
2863215
2323911
4323280
4070109
2557979
4717705
3666536
1872396
4215965
3415931
3891761
4765793
4074165
2486881
4704022
364532
4065540
4064320
4815899
3721153
2629595
1256809
3038997
1919312
4897206
2128030
2322888
4202719
2861267
4933637
4797002
3336714
4793658
4558862
4053834
4445719
2632230
2360394
4043514
2663986
4859330
4847084
4461967
3849893
4021854
2798374
4816640
4748879
4902943
4479719
2126752
4894158
4863124
4872984
869222
3859785
4866243
1157868
3891621
2498021
4442964
4636824
4700618
2365752
3637484
4941570
4000950
3949741
4682716
3963090
774965
2084862
4301431
1869933
4867579
4475479
2596314
795627
2276210
3937495
2615210
1783968
1816113
4993831
1990449
1911308
4889454
4729816
2315558
3726990
4318971
3259309
1569904
4788170
369349
3970329
4647289
4934522
4893547
4346785
2282512
878379
2684033
4551189
3432407
1849580
1213856
1746492
2593620
4262989
4520532
2176046
4863998
2502643
1554502
3632759
3665005
718679
2083029
1031991
3704141
4424145
2026805
3945387
4715164
3831190
3448086
4468738
4835931
1594116
3057053
3127075
1306992
1861487
2663920
2315560
4863996
2437233
3725959
2269544
4893028
4112730
4078541
4258297
4886464
3963421
2610039
2168768
1943046
5020005
1603635
1131424
3121079
4872985
855762
4628575
4653740
2538171
2237466
3088767
4477255
3435049
4940626
2874408
1200520
4641402
4839530
3815421
4692986
1556336
4947208
3894551
2365443
3704352
2405863
3902138
4087940
861415
3018109
797018
4765626
3978313
3956011
2262186
1862241
3649428
2540399
1786930
2573914
1402392
3276769
4892278
4708129
4947312
2409445
4713710
4886888
3385230
3448023
4572969
2564428
807074
3788957
1169559
952215
4648600
4481163
4769735
4419645
3608500
2778643
3708050
3854229
1811527
4854340
2658147
1408519
4122431
4403746
3545215
1882794
3517113
4753647
2025942
4902123
3721152
2900347
3890149
3915463
4628870
4715166
3268033
3954641
4791798
2455484
3260996
2547084
4859405
4247598
5022611
4960628
4068994
2660294
4871867
4111695
1695379
3855031
3191142
3505091
4721786
1956730
836149
1343792
3388584
1377957
1135093
4098146
4887711
3151263
2352279
3034128
2496720
4825535
4148816
1702341
3360064
4914171
1243117
4100838
2627079
1949106
2486606
3369939
4894931
4699298
2791233
1029255
422328
3485366
4873640
622407
1400414
2058789
4877371
4112173
668662
1407818
1001682
1591933
3474956
4888279
4874181
4031723
4174464
4772080
1865372
4637845
4459494
4658798
2197401
4893163
957468
3870147
4712869
4262019
1831032
3742278
1045663
4208420
3449031
790048
1528842
660593
1172819
4856869
2141888
4057060
1098108
724015
2061232
4516943
901854
3757508
4419079
4860310
4280507
1763013
4665169
4862192
2565986
4566120
2367231
1185036
4026373
3457777
2111436
4554649
4100492
2201553
2484994
2577510
3663941
804164
4849841
4295918
4033854
725718
4143815
1804553
4051851
1537817
4068538
4819645
4962285
3266014
4442124
1995114
3563444
4623148
3232558
3772513
4001979
4487663
3536476
3208682
718156
2540771
2638097
1822108
3266453
3983647
2625216
4054471
4891486
3598436
3392208
4733930
5067997
4860309
4864282
4002902
4431564
1595191
1258642
4354184
4894090
2826730
4234279
2958190
4377410
3877101
4131680
791274
2448542
4484689
3385971
3886336
3877518
3141681
4374385
3393879
1324042
633993
4005420
4722420
1861434
1783947
442905
4037319
1214618
3962298
713190
3116350
3372621
4824244
2556143
4872638
786018
4129360
1169773
4956711
4804751
4065539
4867484
2902017
4202291
3638479
4880593
3755042
4175008
865363
4771900
2357806
4869190
4393660
4903207
4838793
4218068
4193498
2791856
4611393
1103903
1097543
4586670
4725238
4143678
4744629
2625911
3900334
2111505
1162425
4720294
4880590
1681360
776951
3577296
2018512
3809950
4840088
1141858
745360
4820214
4267133
4017865
1738992
2403946
4859464
4311270
4203094
4338756
2083425
2751690
3871989
1924025
1907209
1857749
1029307
4438988
4762084
4884524
3877103
4343388
1995061
1226282
3912083
2468866
3642423
2817324
2766688
3942556
1399240
4051069
2763702
992389
1860939
4347840
4864117
4327326
3903219
2166311
4600071
4858992
3768514
3994593
1754777
3980731
2477261
4205975
3284231
3310526
4843952
1649108
3355394
4077707
3133078
5111692
2811014
3412490
1460972
1148052
2082447
2690201
3523496
4414692
2916562
4086731
4049167
4878597
1669990
2328679
4477425
4367114
3896322
3802259
4864285
3619070
4851090
2905739
4551952
4608459
1809691
4877372
4002837
4745681
783860
2466369
3704366
1404466
772774
2671379
667349
4947088
3789340
1644535
3834251
1218337
2346624
4704020
2095312
4529116
939714
3465034
2833172
1909555
1600415
4840821
4215832
1075797
1462224
782882
4880448
4266525
3142746
3732759
4389895
2638888
1578946
4170176
803964
2587891
734339
1507125
1642274
3286201
638821
4750945
4880592
4264086
4011524
4000906
1951721
4404069
3985592
4505901
4465093
4862058
3995494
2902513
3986984
4678142
4891482
4614397
4693488
4858264
4191097
1490015
843597
4893614
3671821
3385967
555797
2281164
4425879
5093077
1589320
5124298
4231693
1676603
4751417
3927817
4360906
1766272
889632
4827005
4215263
4019123
1895607
4832603
1045757
4652942
3886217
3840367
1874508
3808044
836556
2055418
4571942
3956417
693288
4860455
2260238
2937933
4921872
4415847
1630904
4123407
4641263
887621
1889232
4714136
3796617
4077568
2559790
2618935
4754948
3387968
4348975
3932615
2234808
3048294
4501622
2239445
2058788
696225
3475313
2131813
4352547
4306835
4644929
3644156
2400815
3792954
658127
1129193
217253
1956491
2556233
3983866
1782371
3718236
4804435
4956785
1669658
3957929
2118440
4376532
4579341
3455240
4247529
3932583
1819898
2067117
4864341
4878770
3922788
4376307
4015727
4264203
3845266
1695382
3427384
4956646
4454138
3916356
1385398
5014951
4915696
4033321
3206402
4961790
4731228
3325972
3965013
1142643
57889
3955003
4845524
4958182
1891512
4357158
1871842
4245522
1806803
2342572
3874056
2671055
3965391
847977
4193382
3547292
2069999
2405862
4287675
4865824
4734554
4004944
4012167
771858
4412051
4346508
1291571
3888610
4039222
1655981
2732587
2345714
3129065
3111877
3468147
1176256
3747453
3787114
4056098
4877135
2439796
1451282
3363659
4508538
770576
4722155
4203275
3769324
4834587
512000
4659591
1199955
4023791
4648692
1028733
1021579
3208677
3623688
4579571
3674403
4881530
1056138
3491874
3035353
4850550
4990823
3646595
4918508
2131079
4286644
1514256
4869659
2943265
4006786
3310065
1668947
3969583
3645144
4381036
606213
4117115
3360089
3966197
4067951
1513623
2732588
4501293
2120145
4330315
4881102
3697859
4547760
4555546
4232026
4446771
4431280
2331417
4175158
3602756
66246
3322616
4228686
4560158
2445438
655682
2807606
1045304
2036903
3962022
3208676
1509693
4877370
1766216
741853
2123647
4500420
2978571
4871320
2200803
4845688
4650477
4626009
3730419
2520049
4750116
2034983
4882821
3841861
4898567
4052224
3934044
4217494
2973389
2554945
4851896
4577578
865344
1528015
4914172
1514898
2533281
4009608
4571943
3911765
4947083
4962286
4193586
3429778
550235
4762661
4681014
4306051
3907555
3628459
4251575
3842032
4323292
3625243
3927309
1464219
4421402
3870286
4407657
3035551
4305892
4723158
803828
4895337
4314673
3153648
2060305
2069841
2454706
3624213
2245783
2206542
4872480
3053830
2039544
3073370
4407820
4883955
2623756
4692949
4400579
4986426
4361850
2185824
4867578
4431306
4872483
4383687
1741485
2077119
4552004
3699633
1181761
676172
1828691
1997892
1926331
3732514
770744
962194
3775437
4556529
4110850
3816750
3784710
4021974
721995
4865526
4563732
3645570
4317383
815520
2139556
3981392
4556674
4893335
3848080
2407013
2351162
2204234
4160997
4865429
3933758
4917898
4045640
1217417
2608381
1661491
4576687
4168913
4619759
3571675
4806931
965283
4863122
4726220
4066804
4077048
1699423
4838615
2133314
2507141
4168943
2625910
929905
4304541
4050272
2237467
3956260
4861214
1625870
801557
3208679
1659421
1537566
3602540
4001991
3601629
3234910
4184837
4452659
3527367
2317735
4715827
4889216
1706834
3653088
3468687
2984644
3877905
4492654
3442211
1971100
3920133
3873445
3910634
2586235
1131984
4841404
4214164
4336970
4613194
3860843
4865489
652234
1836593
4789197
3582596
4860825
3724171
3708082
4704143
2938871
2026764
2842445
4852186
2653571
3856232
3970436
2223057
1858799
3436008
3623807
3863164
2546017
2684029
4886115
2872154
4851748
4885943
4125605
3958596
4715165
2169562
2462350
4682289
4861164
4793647
1400406
945279
724512
2025205
4025628
3915464
5014660
2004385
1411754
4385666
3922958
2040764
3988746
3952939
2182186
3461819
2455483
2956396
1419909
3263097
1400687
1979344
1493345
2521210
1163521
2660638
3007920
4728625
4667263
2327841
3115672
4240722
4722229
3333700
3853594
4650478
1552342
2517705
3877130
4735898
4722418
1731978
2049347
4770471
4063885
4520533
4279127
4976301
4744347
4710869
4835650
4507079
3702456
2584895
3063569
4338196
4758623
3986906
4759291
3895384
3902023
4066074
4784077
4852527
1895605
4175128
4888841
3513051
4201804
4856888
2273951
3675267
3427711
4325880
4065131
917704
4812528
4741439
4693087
1963713
3849288
4911434
4000501
4182784
2569731
3968518
3671891
1351972
3643030
3959608
1717465
3008639
784369
2336864
3857256
3222004
2949363
4829833
2046495
4274290
2650194
1820840
2955643
1185311
2014469
3554698
4419244
4415584
3954056
733772
4797447
1508535
4578043
4246656
2156420
3493393
850744
1398002
4376188
1804060
4216207
827984
2786715
2917625
3669201
1328048
4844304
2504668
3278793
939197
1771721
2786716
4881507
3926506
3208680
3745820
3807016
1907051
1211828
2536719
4682717
4275819
3988655
807482
1925547
2988169
4590815
1957429
3925181
2259568
4425511
4587202
3568143
4966372
4921970
3981393
4641392
4744834
2593619
2413242
4044886
4133726
4706617
4917887
4438003
4748878
1717456
2244060
4388363
431939
3969846
4490387
4313980
3959992
4084854
4286007
4552003
4323643
3252516
3714164
4410142
3943796
2514777
3869617
4865417
4596095
2015472
1498492
3792984
4468759
4734795
1384279
4089744
4303862
4140160
3508372
1643270
1529189
4900387
3921929
3327998
2157700
861381
1441081
3682590
4184497
1354319
4691635
4403180
3179168
4720134
1895604
3634643
4874948
3493106
3130993
4251141
4723879
3967922
4853510
2990987
1219270
2829420
4715602
4834921
3465695
2911355
2224855
4294679
3352435
4874272
1895602
3852942
4720965
2067141
4276420
612871
4666984
4308870
4215245
3580003
2349497
1270000
1810154
4866126
4832693
3177270
4864860
4060240
1610046
3909170
2659369
3764362
4137259
2605262
4729012
4675365
3890272
4527341
2276220
4299470
1669644
3109288
3150354
4134924
1694787
4192117
3608737
3891772
4197935
4192175
1744385
1330115
3586373
4301430
4657389
4047196
4708805
433005
3385966
3573701
252238
3724685
3980278
2520047
3326988
4047193
1165847
4765625
1464221
4368853
3697057
4131111
3940958
816327
4915815
4880586
4762745
4857997
4583400
2988171
4537220
3013417
2328680
4884699
5001515
1905345
3033515
3781623
4834702
1026639
1997307
3472890
3833484
1597247
3641902
2124919
3912910
2246099
914220
1897802
2651771
2663988
3883537
4118682
2530928
4913822
4538943
2643346
3301339
4839692
1253986
1964152
4252985
4225770
343060
4124688
3674291
4003754
4630925
3772555
3750319
789130
1653038
4126185
3935202
4337889
3808645
4795042
2703758
4281577
2325387
4821768
2775527
4512273
4158756
850854
3857867
3444932
2023961
4724072
935912
4189623
2654458
2201824
3211514
4012165
4231220
1451867
4962927
3793495
2128331
2415690
4694170
4181631
4578998
3683363
4026764
4071674
3311376
3330967
2939407
2095314
3009885
357602
786021
3404946
1454669
4740004
3855505
3975819
2219980
3557726
3077757
4909683
3722382
1174117
4170444
4403624
3988647
5033246
3641557
1279815
2097124
1843086
3728549
1951034
1662552
3790228
3307758
3346231
4733927
2173528
2988163
1634984
2596018
3804668
2374158
3662517
3915991
3968826
4145854
4005065
2551887
4507771
3422764
2131344
1804040
445437
3859586
4355403
3561450
1846447
2165271
4914177
2619106
3986909
1514696
3571123
4344831
3182641
4220170
744241
4350948
4420288
4704018
1418845
4418066
4377584
4153830
4377067
3625241
4921741
4641387
4499724
4882477
690982
3606973
759056
4019244
4207608
3961912
3904514
3659920
4722415
862511
4324861
4140868
3560365
3788261
3917904
3894921
2356425
3963430
3078415
3180981
2444364
3990668
2223232
3595089
3693365
1358299
3099626
1401477
3601426
163897
2887834
3222123
149388
1257440
1704984
3842610
828242
2744035
1134681
3855156
4128398
3967198
4849056
4293542
3257742
2066644
4318460
3776011
3974395
1421190
3841983
2208203
4194019
3104875
3699635
3224506
2510455
4724950
4768777
3805867
4864874
3860055
4156030
3703131
3795420
4641398
4272001
1648055
4002610
2585183
3938939
4904315
4754213
4866595
4839948
2616803
3239862
3898950
4774217
3904516
2257346
2201876
1768177
4223468
4298870
4103552
3876407
3851983
3813999
3928577
814457
4850612
4705082
3467573
891079
4357157
560539
4760998
3632257
4010279
4368366
3322286
3644487
4923415
4074836
2223322
2828153
2456648
3966231
4757408
3177107
4241682
3756517
4326465
3156886
3725366
3413492
3722196
4442309
2225036
4200550
3382521
3008154
4338021
3607430
4198575
4055138
651744
2829186
3722306
4393066
4847940
3302132
1156586
1072359
3224505
1479777
2039119
4278093
2680097
4380040
238648
1353828
4255412
149551
4885150
4673259
2037204
3882869
1717455
2225530
2764669
4333021
4252710
2315562
1726994
2229834
2299178
3880732
3819070
2446893
4885799
3202878
3977444
4333227
1680504
2196127
4650170
4721046
4791802
4881063
2348349
3905714
4274779
4864071
1412805
2681313
4938078
4419099
4337671
3411600
2236177
98452
1635388
3999391
2388297
4850975
4442963
974662
1717459
4872608
3635192
1870911
1873147
2238398
4585660
4239389
3666686
3421904
3974169
4893480
1863235
4975145
3971476
4043108
4233872
4284620
1969946
1743693
2234657
1837308
4483016
1762724
1462155
3967918
3503817
3651245
4165518
4971202
4454509
3909162
4246192
1264972
3985387
1513315
4763483
1541293
4651150
4782817
4128717
4857996
4006806
192508
3291179
4195551
3944230
4646104
3544716
1530057
1712377
4849716
4689698
2423226
4142155
2659368
4222041
2223303
4393249
2682332
2040812
1444167
3462039
3704268
72585
3939625
2427603
4750990
3784712
3173887
2276915
3840439
2316176
1628131
1440743
4760515
693195
3712956
4235248
2883759
4252747
2988681
3880198
4857995
3896655
4854385
2675575
4453780
2679998
1636127
786980
2935168
2180045
3998934
3875027
3427703
1736239
3808282
4001992
4933727
4581028
3875112
1764226
2173072
1918979
4202707
3643054
3899689
1026640
4507313
1772897
3645578
404429
1031773
3879874
4313952
2213673
2548684
4350695
4050758
785982
4315273
2217440
2054534
4233871
4917885
4567915
4222805
4312262
3842890
3922625
4683658
4913726
4219575
4722416
1368678
4954793
1786111
4036871
4863014
4208843
4692991
4419768
4861751
4151988
4819350
1831842
1648053
1697722
1705327
4115643
4380440
3963797
1231420
4287342
3967920
2466610
1645698
1979226
4153684
3978163
3920486
2089376
2593763
2947395
3475215
3266017
1805627
3862467
2295195
4377500
4692896
4838497
1412284
1142960
4414740
4661678
3835782
4021903
2516616
2521702
4669922
3669724
788088
1926214
4011547
2139960
2564395
3778550
4964131
2744037
4377790
1405119
786979
4944620
4883846
2440571
838513
1511760
2048477
895604
3986450
3752466
3899781
2439797
3708690
1074427
4819343
1428949
2714880
1718671
3953905
4882820
3698260
733678
3401244
4096538
4003367
3010882
3802584
4701433
2581610
3902306
4795354
1062873
3699632
836713
3998933
3422936
792011
2388372
3629508
1401861
4856857
3734628
4900540
3111067
3629919
1496389
4150578
4419720
2874944
3958991
4153914
3880919
3778551
1742403
3730300
3073476
4467173
790229
4081203
4763564
3936197
1228509
2095311
1816315
1981000
3951197
4586033
897279
4673258
3634672
3690830
3377955
4731221
4092128
1502636
3691280
1391282
1403588
3919008
4875095
2905784
4899096
732360
1029189
3906921
4397779
3700802
1263997
5015377
3407222
3891356
3968711
4369539
4386843
3798372
4419972
52788
1873941
1055987
3895496
4871365
4791386
4919144
261252
4448167
4102923
4067304
3897477
3020638
3894799
1114720
4710425
4613136
1451342
958038
1411464
3828880
4872869
2083421
4842431
4878595
3561624
3145544
2386287
4425088
4360903
3605633
2210045
3967923
1361637
3652134
4419490
3651962
1962676
4534525
2139855
3815259
4010365
2200809
3432909
2353644
4732558
4303846
3252519
1354842
498989
4093503
3625423
4215507
1409266
1032126
3850106
4233870
1037972
3933767
4009934
3952352
4869193
3788329
4959866
3415531
2057558
4865768
4481120
4462029
658994
4314490
3672326
1537816
3882968
1655931
3889458
3833969
3889809
4063445
1811647
4777983
3414590
4866300
3610012
4106816
2105741
4076282
2707240
3740325
2584871
4329149
4865657
3651944
641441
4643979
4274378
1517665
1608414
3759286
4018244
1762628
4973953
4982819
1708557
4303773
4447626
4138967
3787263
933875
4355507
4375320
2551888
3910014
1437878
4143099
344709
3665403
30844
3734110
2036902
2083422
632523
1495498
1074246
229180
4194071
3081481
467726
3278791
3455781
3977665
4839673
3860703
4133774
3872983
3526323
1575142
4840026
784791
3017374
1809719
2777604
4137162
4298017
3909823
4215550
70703
4445008
4487659
1717457
1850200
3409202
3657002
4156137
3586225
3354314
541392
918415
3179754
4913035
3456433
3766508
3902497
828940
3732533
1571082
2861729
4125501
4764383
3076104
1574314
489533
4328469
4958758
3907619
4904004
226161
3122495
448058
1155062
3666992
788979
1746618
3900708
2257833
3683292
1702172
3453570
215776
4045756
3889983
2930807
1401834
3907939
1150882
4368381
3488505
4131777
3521988
3024913
4290201
773817
2714478
4845432
4369236
2337036
4791967
3491027
1783556
3119428
4341244
744673
2082939
4477087
4186976
3482159
4578691
1984297
4883687
4631912
4289534
2465901
1461252
1385397
3690874
1494944
1249502
2283639
4575862
4278436
4083433
3659108
3853735
3613686
4859949
3252985
3917473
2111383
4229166
3933504
2596780
206773
3822969
4631723
4414275
2674418
4190347
1668950
3910658
1264763
3660409
3962442
1514712
4227000
4270338
4379484
2638309
3606351
3987358
1034836
1124137
4244902
317460
724360
3601681
3652028
3950705
2077121
3715945
3983420
4666797
3781987
3884985
1772895
787430
3515008
3360063
890190
4777878
3944182
4733411
4337673
209285
3680702
4113743
4272004
3008156
4090500
4006181
3748519
811925
3582595
1123759
4011493
4903515
1179007
2169663
1650477
4404239
3941197
3765951
3845870
4630929
4440520
4228210
3885119
5041666
933686
1541288
3547792
2281045
1739177
3617860
3981167
2533673
2604568
3836665
4544317
2727589
2328751
2730429
2156842
4944707
4183275
3855511
2404837
1919744
2330482
4590286
1029562
3787453
1552947
1316977
4314205
658561
3729126
1270874
4150202
3798207
4164164
669513
2768222
1430944
3791682
4787485
4806444
4666501
4860190
4051898
4276158
3551549
1656000
3624320
3897504
3433106
4465017
2242925
1481149
4885800
4457674
3014599
3534474
3809913
4037320
1843607
4558870
3602592
3776105
2025938
2393684
4111175
3926507
2596779
1229705
3716285
1052460
1414456
852138
4874071
2246654
4791387
4171641
4231489
3822167
4111667
3793937
3583514
2905151
2071921
1559582
4415021
3494533
3492310
2482032
4002516
3488619
1860938
4904000
499839
3475324
3910480
4266220
4139556
4795047
2924172
4101047
1248109
4683933
4651263
3141685
3883144
4646087
4242100
1222063
4445995
118410
2729964
3914533
2245147
4452319
2264342
4048937
4176910
2270844
3270246
3874766
3935460
3552546
3925092
4493609
4791383
1768240
1161789
1642169
2657558
3692924
3808972
4364822
4213096
4215698
1302567
4340377
4361023
4150203
2496721
4132536
1215538
703794
4114290
4854872
3806985
1621867
2077451
4226151
966920
1588391
1766273
1115737
1408381
3738111
4151710
3513457
3993509
3265453
2478408
1068592
4142758
3873355
3669820
3513962
169505
1113570
2133514
4781122
2822500
4375478
4875456
720314
3899016
4324657
1777160
2856626
3210497
1460352
1853842
3593780
4286009
2066173
3667010
3814327
3907571
4872650
2084629
3924031
1305272
2382822
3208675
4419098
4442961
589671
4230176
4939933
1751470
2979585
3753994
4261871
4852889
4029000
4641391
1718897
4024194
1698275
2484459
4205361
2977828
896753
1649031
2439799
4788503
3781014
1869935
4278984
2221627
1125406
3514111
1532375
4179909
4822303
3667012
3704267
3275936
3682382
3901025
1650971
4849082
3965838
3684386
3616252
3945565
3853713
4228211
1704367
1944890
611753
3017378
2632192
3886732
1749331
3558180
1769362
3879524
4626371
4212326
2025941
2049247
2756618
4419203
1859185
3956108
215589
4370623
3866307
3839997
3840182
967558
3966111
1639118
3015347
2420700
4710667
4123274
3269972
2869360
2903363
3642565
1570203
450139
3220124
3653690
3659456
3324215
3883019
2816394
4581863
3609344
2172809
3886234
3924950
1760666
2983168
2150750
3737950
1728216
3363306
3728378
3599571
2022061
3750797
3710705
1703048
4377787
4214840
4891484
2283637
2988167
3942223
2699196
825308
917120
3217116
3865985
4231852
1977959
2456448
3266457
3609428
3878466
3879530
3262208
4073754
3211308
1892411
4136477
2779000
1009768
2939404
3965630
1406011
3998870
4570077
3711603
5009126
3594660
3999409
4142693
3898300
4423093
2579270
4064019
1310581
2333514
3981849
4380814
2158783
2518845
631963
847314
4386009
1770215
1697643
129891
678347
3541530
4072459
4415585
2201460
3961603
3956418
3745604
2988161
3488796
4186720
2492752
3388222
4265212
1640995
3955517
4204410
4034811
3038203
4253887
3713306
3989706
3966228
2283638
1279814
3627869
4866242
4094599
4682938
3407953
3659089
1571863
4318953
1009848
4359835
4878497
2384085
3998829
4221195
3997463
3822978
2423833
3979056
4317414
4748903
3689413
1321542
3810510
1461892
3624206
4227533
4055613
3753007
3773335
3675154
3343177
3806838
1659750
4001452
2300737
917872
3638947
4635738
1441943
3961600
2217436
4440065
1501761
765018
3647694
4038803
4106817
3967124
56063
3095021
2163735
3459261
4089099
1513223
4692990
3939073
574471
3177532
1316638
2619314
2039543
3414775
1558497
949011
1816320
4957800
3848081
1129145
3726615
1914105
1648323
451486
2988165
1895603
2830814
3992020
4577577
4484998
2948356
3071125
887252
4785069
4344833
3932009
3990344
3624919
5009127
4638483
4722377
3859258
3022348
3272851
2486391
3753993
24695
3879705
4444855
4086865
4766263
4136742
3190378
3901497
1809151
1932924
3584741
4145045
3385161
3696064
4486762
3426304
2423227
3908805
3287712
1694501
2095310
4225768
1730139
3884886
3917718
4819984
3847735
3815537
1172150
3982198
1571306
2059455
4444636
1623092
4451278
4765919
3874871
3607095
2317802
3833315
2014470
2924872
3524008
4324161
3971319
3838683
4173142
3833905
1675844
2979825
3662380
4894595
4819368
4622448
3608801
4270257
788532
4791394
3895062
3198214
3595088
3489934
396168
4673414
3663709
1683784
4875453
632363
3616425
4158585
3178484
2604513
3845061
4771939
1586448
4960361
3890269
3758837
284702
3934880
1631290
3195965
808848
3933505
3961595
1762037
3853596
2595779
4832938
4273014
4809574
3969385
4453004
4024393
114568
4316799
2631674
2355252
4529255
4630927
3937640
3956419
1658370
3903488
3554892
4040328
3975714
4226152
4383860
3818018
553131
3943872
1950959
3906726
1128411
4376162
328
4076864
4371797
3642950
4069594
3754409
4809756
1656874
4846679
3960335
2023927
3781716
2635981
4275947
4055977
2755119
2625297
1970829
4447805
857477
4055401
3496770
4316383
3749466
3673352
2131347
1373950
4225846
1294709
1783814
4245500
4151709
4225769
1610745
3879526
1772924
457257
1934828
3109883
3801465
3797140
2312878
3555230
3917456
3989708
3491545
2037327
4619055
3917717
1570419
3678820
4385037
3929510
3653897
1821561
1476582
3943818
3481136
3683429
4441553
4240721
4727702
3903974
903567
172613
615141
3493155
2686592
1095855
1608832
119489
869240
3419418
3398046
3924156
3975492
2038629
1514105
3436261
2168419
3910756
4284879
3695841
4778286
4454370
2594030
4453889
4599327
4282790
1607736
3996270
26312
3793175
4386404
3760659
2219978
3979204
2556492
4164681
3766995
4276140
4933636
4210974
4410627
2905897
4737121
3563740
4717309
3097580
4859801
3028927
4215344
3054688
4160587
828243
817174
1264070
4072457
4204216
4011742
2924887
3574177
3977280
3008157
3333446
3997199
4875454
2039589
4743693
795712
3407176
3663708
1627157
3877128
3120225
3848774
4025620
1597765
3489531
1731253
2357524
4248465
4336783
2061330
986232
3886233
3609961
621703
985141
2168434
3664066
3921928
4867717
3798962
1449826
4494577
93524
1994789
2435107
3408628
4181759
1628302
1557711
3351002
2731326
1367473
4489714
4293574
4241437
4040979
3834732
3242628
2983479
4271730
2132706
3017375
2164997
1612453
3989709
1973410
3322016
3750003
3923487
1007699
2831135
3911085
3751620
2145491
2702508
4244903
827064
2708952
4844708
3238282
147327
808849
353834
4249584
3959579
2476791
2773184
4065393
4238734
1163867
3942472
4872613
1130130
2721388
108297
2903668
3758835
3624693
1990517
1618205
3972806
1814768
4052088
1208673
4862958
2997438
744675
2721389
3883761
4244451
4822449
683970
1603080
3734751
2584902
552280
3849849
1968209
4445994
3376336
2709210
1559974
727676
4920923
4899737
4404756
4832116
4158786
4230494
2008690
3397807
3659392
2061081
4019868
1897567
4223855
4392407
1514253
3887173
1245345
3749457
3627871
2637278
3883825
2530810
3591067
4520249
3852148
4622078
3034573
4243286
3653114
4417001
3833776
2868387
1675834
3263052
4680251
4375271
1675830
2234729
3552451
878088
3938075
1907933
1764227
4855496
1823248
1517726
3659106
1649528
4131382
3844593
3994301
3306514
1725588
3514184
4252999
5001219
3697445
4002839
4005435
1571309
2167873
1849273
4443830
5095534
4413934
1608897
4119468
3901299
3986034
3652698
779179
3068235
2550598
4231597
2250533
1649842
2833418
1403949
3890663
1476606
4371241
1818785
1769267
3077274
1102796
4139936
3168981
4907542
2429013
3985631
1484776
3585216
1487700
4139972
3273973
2368758
1445844
4917875
3675152
3457750
1863237
333074
4341664
1265800
4345774
4316801
3852943
1284947
3919882
3291178
3459770
975588
3984460
4141065
917129
4433523
3702903
4284201
3804968
4140870
2062187
3899018
1820257
3086402
4166761
4000375
2395124
3497233
3097581
3862017
3995016
878369
1755267
3082359
1552980
3915462
4332142
1912412
3120478
4968002
3974979
4803734
1917359
4231930
4044688
4184799
4240006
4380244
4345775
3833971
2468315
1213004
3835781
4487893
3656529
1345343
3957892
2239337
4237369
1114721
4178950
4544318
780200
4252165
4272003
4535938
3535432
4257852
1714281
4103194
4975143
3689149
3805983
4592839
4938081
4886024
4210439
4829182
1574312
4028848
4544851
131891
1505569
4895585
4093658
1555717
562192
2938031
3937149
3651943
3856658
4836970
1768260
3086186
3731532
3894108
2518844
39133
4215552
2223134
1783725
3150648
2551294
4801969
4195596
3823606
3745321
4173548
1402367
3141680
4141145
4440499
2445253
3149693
3608334
3902492
3868642
3844651
2626473
4740923
3699025
1132873
4641399
3917905
4838541
3517521
84911
744672
3891728
4733412
3858473
3879897
3823608
3442543
1405094
2028600
1007403
3888234
2997437
2201814
4164075
1621319
3991497
4760653
3759756
3749455
2019271
335041
3017376
337998
930498
4298462
2211017
880198
4875678
3645147
3160752
1964153
1038331
4065129
1299791
4252750
4866852
2139224
3806831
3967160
81252
3905286
3084655
3382326
1153219
3955915
3778552
3936816
2217439
1610746
3502804
4268947
3968709
1149303
1072732
1126841
2124036
1114962
3731638
3787544
4006291
4271529
3942021
3537092
3870668
4692989
4347815
164052
3841174
3533841
1690355
1988816
4872576
3917009
2139854
1860435
3690220
2533964
3605750
972834
3845952
4028611
4183276
4795262
4093558
3921016
4074781
3162870
3974881
630731
2615144
3691281
2521959
3500223
845118
2450243
3962232
4134856
3168327
4166231
3999260
3921696
3418147
4685705
1636811
3182695
1089879
2426783
1632673
1541292
1400686
1156821
3917764
2925823
1000179
4041002
4211545
3979753
3932248
4153686
2825224
4076967
1658312
4281676
4193587
2798385
3010348
3894305
1655419
2328400
3407191
4329734
1762629
1184359
1732618
4641401
2271070
3277605
3805670
5018458
5020600
3643571
3784709
638551
1073964
1129923
3893561
4300883
4724850
2988170
3936953
3624272
4775009
4218952
1717461
3542719
1601387
3091386
3968757
3447223
2533711
3894552
2988174
1297215
1183811
1704766
2645464
1579923
3594938
1753408
2276449
2751285
3835783
3790149
2324729
3896662
3895775
3787269
172617
4208735
1079550
4479255
4718580
2421670
3959115
4225742
3834731
3650563
3982097
3857237
4152589
2599165
4275955
655686
4053889
3422027
693676
4857998
3256987
3675153
3941833
4793657
1873831
4781121
867554
1092970
4335711
3959112
3768521
1396152
1255495
3713954
3735959
4113668
4028610
4379993
4208734
4119471
1690870
4947080
1762728
3849890
3245112
3866872
1857484
2111434
2132775
1419243
2976351
1077876
221219
2580463
3957764
1090932
2136334
3700933
1509460
2058786
4280145
4250431
4756866
3832770
4349269
4244973
3055652
267052
1623401
4860483
1721919
4466873
3663707
3287767
317549
3946707
1053520
3712926
991733
1817358
2217566
1623309
3713173
3909616
4630928
3802921
3385965
4142725
3740802
3076247
3782267
936412
1466471
3619388
3086464
932223
1474956
1098040
1089041
3642651
1531196
4017472
4093219
2848773
2546548
4011549
1610994
3584740
1619555
4596096
4289689
4869656
1568203
1399371
2445848
1645802
2391759
4816111
178448
3515444
154988
779452
1343055
1610022
552068
4403711
3894477
4167832
827932
1857516
2187624
3179121
3326282
4257854
1636988
1410860
1330055
4305309
2060304
682966
4266221
712144
4060620
4276309
1702578
4852536
1407819
2242173
3514465
3322739
2857598
3857954
4304540
2485140
4076116
3144626
4012166
1343218
3394512
1181073
2946154
858798
4392029
3853742
4028614
4122999
1452811
4222043
3920639
2354916
1644648
3953694
555113
4478609
3780891
1297789
3834882
2135495
1607370
3928939
3900704
3724825
1612454
3701200
714506
3879527
473210
3859537
2530929
4417025
1401254
773808
3899620
3890265
3988999
66729
3444238
3109786
1588277
2976684
4722417
3337690
4745590
4101537
3973057
5007015
4143227
1130590
763294
4034810
3930612
3789282
1262795
2514776
4094994
4463726
4134668
1425722
2225237
3437568
1583484
2869288
878124
3942646
1716714
1018776
3846225
3992019
4358533
2839625
3435401
4682936
3326989
1002522
3708879
2560590
4192964
687524
4533954
785902
3940768
402031
3860442
3014448
4137825
1892644
4188812
3979749
1522181
4836916
3808973
3961915
4731773
4006827
3992308
3722939
1361273
791083
1876815
3476256
3519010
1149638
3328862
1983110
4504548
3831507
4233743
1492008
3916837
4315945
1931149
1764552
402494
3975818
1675842
3852831
1702984
4645721
4331387
1360583
4551576
2931366
3387976
4130321
3964758
3474632
4277498
3811228
1238045
1093194
249904
2932583
4335072
1621242
4425089
56062
3440780
2948988
3800389
2113971
4182518
4669921
1403907
3447006
941270
4376234
4230175
705091
153754
1513248
4560377
3808886
1649989
3272643
3084982
1596706
4036452
3961599
852695
3906588
3796888
3881333
657509
4804739
2341602
499373
4174301
4827175
4316314
4078275
4231598
671745
3898949
3626627
2201675
814293
1073963
4204441
4018356
955690
4135945
2586467
2860054
767594
1608872
1463250
172834
4361245
1033154
812721
3739457
1652163
3922164
2210239
402496
1619564
3893986
895495
1319432
883393
1749294
1671363
3382073
791320
4347605
4198951
677872
3950704
972691
4114852
1949520
3328966
4114758
3533483
3930791
4287976
1828339
3736550
4643723
378126
3787660
355154
4364678
4092104
4334715
2465585
3624224
1829925
1947968
3860793
84863
4009983
3987356
62589
1098045
4163207
2583315
479681
4850780
2442838
1385399
1952486
2362712
2718270
4327325
1168807
910147
3716283
4922772
3720482
3979754
4859867
3432911
2408356
1618753
1609741
1164179
3889034
4744313
4921665
1116219
3562042
605717
2196289
4050349
1911769
4921686
4977371
3459829
1639308
3172728
1245365
1241370
1589404
3880551
1718672
3652514
4276625
1768802
3918238
4107645
4599250
4834157
3188140
3948636
1461832
1700562
1289864
1707994
4253482
2541596
611751
3533422
4064902
3890418
2026941
2704397
3475744
3708878
446242
3865326
1893432
3854813
3920717
3942020
620789
1310579
3135338
1046830
718082
584313
786867
3969698
2894021
4077313
4351238
2443190
2060019
3713670
4971612
3288799
4000892
3690454
4153689
1683433
904899
3880537
794779
4394099
1786086
4794599
4902037
3724667
1512177
3324021
2221493
38361
1843593
3729276
1603085
3970325
1988753
3923710
1060652
1975855
3346178
1918978
4354563
3346789
1848919
4107646
4330642
1979227
3207766
1656877
853625
1370207
2696100
4500934
1814107
1696087
4276896
3933186
930497
26314
4837629
1906276
4818953
2422471
4354360
4415583
3724824
382887
4257849
2139225
2868389
4034813
3883755
4261870
3652179
812216
3920045
1462836
3921750
4031560
4368642
1727798
4890396
2329514
3757538
4316317
3837547
4287753
4045639
4017986
4619056
1827324
3439142
1614477
1250271
397864
4791391
2608130
2445664
1307142
2846873
2040448
795096
172619
3396588
668964
1639306
4060883
3376724
1621068
1147366
3894094
2103101
3855721
4287978
4852526
3722941
2850658
3859143
2245766
3939705
3764317
2121230
999566
3324972
4128513
1128725
1988750
2539707
1294950
4864861
4169150
79384
3187649
4940823
1533884
3979750
2324435
3228488
3641173
4226633
3413806
898786
63499
3573117
4841183
3331424
94640
1774124
1773499
3134700
819282
1314102
1361193
4146706
2382841
4002838
1554326
4231421
2831480
1008503
1476218
544837
161742
3920938
53653
820480
2077120
1691288
1634421
3216732
4134681
901234
3279104
3768948
1688157
4683164
4316316
3902948
4863013
3883182
1892257
3917432
3517426
4393494
966177
2720356
4791384
1522613
1707403
3957404
1659553
3919883
3069228
3919884
1846881
3560727
3866502
3780109
3794007
4810252
3642341
3144022
2281077
3252984
706413
3989707
994568
4713808
1191921
1018869
1836302
1074466
4459670
40505
4223481
4243239
3459827
3845511
523532
1601126
3489884
4414107
4284475
1267489
3816227
1493143
1675841
1865075
1518059
3837452
1523707
1895589
4985768
1071565
4147371
1229141
3783213
1298486
3298380
4072246
3798206
4419241
4290927
3989564
3070123
1690353
2134194
1895606
1149713
2373569
1159678
3890826
72352
3664894
1863272
1988748
3196613
4107644
4419204
34162
4475021
3195063
3766116
4138345
3890267
1372142
62590
3257819
3820522
96564
2584901
1632044
4003172
95804
2808958
1403948
4360908
3915986
4607972
1474947
4399744
3385682
3911113
4773470
2236174
4836755
3221890
3967847
3716154
3724410
4334722
3572698
1716713
1401132
4119362
3902320
4791393
4938079
1699374
2695411
4721510
3947001
3398265
2826252
2927290
4477738
3639880
4074058
2953364
3852941
3899780
212095
4001445
1099356
3350321
187574
1086106
3898487
2651508
3925597
1079698
1729283
3634641
4984849
785910
3942228
4092130
1024369
1418911
3993680
4165657
3778189
3952453
4465455
4064327
3947917
1613687
3412289
3965515
1901537
1808400
2245772
3924827
1023369
4009925
1603621
4093505
3888922
4643978
2588797
3089374
3447287
3942386
366140
3946849
3033806
2145695
1381994
3751711
3669885
3927901
3899910
2007648
1675833
1150597
305227
3863467
1679799
3237969
1290690
3033219
3835738
4063073
3133777
4028612
1037112
1563493
3799992
4072237
3712954
3030766
1523640
785898
966203
1844157
1413091
1538273
3644502
4058572
3818015
4813089
1730928
161703
3502295
3785260
2328396
3915992
3350322
2183215
679242
969681
785897
3834648
994940
2565590
1763053
1467217
3853301
3797817
4112358
4798065
926120
4026834
3601018
2104603
4875135
3802255
1989857
3680704
1015266
3676677
4319869
3900882
3493852
4906913
1487797
1419403
3944276
3454956
3911528
743458
1863271
3933165
1153237
3325460
1711830
1036510
1829038
3785855
2283635
3740923
1973989
4142871
3549813
1528889
687530
3552919
132013
4098441
3851585
728877
3857255
3798371
3990667
2413619
4415495
3715336
878791
663819
824970
3920671
3890596
1984755
3745412
2198636
1124583
1493532
2988168
4011282
4229165
4922668
4269046
1046248
676445
4039424
3905266
2663544
4210971
1043344
2131562
3812588
3494661
3077932
1608086
4305162
4093504
1525893
1022252
3437550
3971607
3837052
3440631
2301034
1919543
697229
291458
4193231
1762534
3414776
3940431
4134976
3703597
2118444
3917518
1442773
4003385
1618411
4107647
3071309
667113
2523820
1713228
2431020
3849012
3504849
3954132
4699258
2569254
3933582
4337672
3783781
4442312
37379
3665400
5007068
3452984
3761562
2635251
1614054
486513
2556497
2388043
2107209
3599604
1343517
4307669
1474795
3017373
4349753
4940882
3738754
1707074
3913657
1730270
3727285
676109
3506373
3627872
1328177
3881030
4294475
4283294
1188172
2060302
3921031
1320129
1608726
3103580
4353208
4286008
1972186
845391
2049457
3887874
2328399
4146401
3783209
1411708
3075535
3831280
3839743
2357612
4390203
1034834
1657042
1843609
3736423
4742
1508537
711758
3093468
3970064
4411320
882354
1514465
2142695
3797055
1523011
932162
2411083
4650479
3820630
3941613
4035457
2684031
2253531
4409095
1262832
4759047
2918998
3502179
3736114
3916682
3944154
4184788
368934
4442310
3887637
1419400
1671172
990527
3972120
4558321
1290934
1650970
1128185
4086390
3917117
3513772
4209190
690283
4759499
3665398
3986907
4146082
3565406
2862417
3683969
50926
2719326
4306763
3729750
3808184
2754130
3927485
4348346
3894092
3595356
1699100
3569579
4134662
4166793
3779563
3621199
3133585
4354565
2530697
52275
653335
4994609
2854062
3243939
4179781
3946339
4153690
1182213
5032450
3937639
3864253
2941542
2288616
4385665
4838404
3742920
15611
1513230
1555610
3745320
3635551
4327590
389684
3673958
3960278
1083220
467821
2430375
234412
3906832
1324653
3492744
991770
3896462
3654799
3252794
3979333
4014128
3713798
3921695
85264
2923287
3832325
4089578
2161305
918087
1988751
3131107
3495348
3632255
1101063
2429296
256800
855948
4127667
4311271
2305346
4833931
1366652
3846701
4162295
3252521
1915097
3732517
3980253
822326
3968056
3699634
3836325
3795573
3898061
3462461
4641390
3676169
3287715
1757981
3975004
1010030
3661436
3456432
3906251
1814702
3555396
3275681
4826298
4410800
4443518
3934407
4796346
728870
3919752
3885771
4043359
4734878
3477875
4268362
3708898
4337674
1924570
3330445
987827
4944623
3512544
3990876
4386010
4906648
1614421
4144350
4528156
1567612
935997
1464220
3944183
1749330
859009
4026943
4038971
1568530
1468670
3690741
4284200
3907941
3850646
3891647
1911768
1657612
3808702
3339185
1209163
1883745
3657068
1757937
1479203
3949427
794670
3673957
2796988
3913180
3701092
3775147
1621175
3677660
4669154
3944057
4762374
3961601
3802002
4943522
3475212
3075536
3609424
3235071
1716732
1654305
3495347
591347
3855504
1988434
47503
4927289
3940770
3992297
4253481
4198574
23614
1287528
3644120
3965745
1250898
166019
3949083
4836774
4942317
3906253
1291657
4166578
972592
4282637
3947914
3943148
3813237
1594726
328472
1053519
3992021
1111832
1483372
4298724
4041465
1576912
3557369
3739516
4445993
537377
1397316
4866452
3443974
80914
1304728
462700
1632332
1292224
3810335
1593361
3789610
530250
2044220
3928938
438865
2049245
4037321
2074760
1523320
2138831
3948761
4274701
3721711
1594730
3211586
4180001
887584
4022330
4092129
3684868
3924257
1557712
1181933
2793759
4112896
2052627
2619315
1587909
3643098
3953693
4398594
4173009
4875094
3979756
1696846
2596015
3783818
1168218
3848083
3899017
4164494
3792391
3607362
3933506
4012645
1557461
3881975
949888
4135277
3660410
3866797
1121834
3930790
1947754
4136475
2136959
2479200
3934545
157714
1030374
3364545
730520
3889035
4944622
2994734
3923489
2283641
4682935
1691293
5021710
664265
1309290
4009923
3919328
1437384
1475733
931698
2964438
30613
3439663
3119271
1655703
3704266
3855779
4054425
4486284
3920236
1268707
3835786
3955019
4175009
4906993
532911
3518374
1686080
1982345
3263714
657917
1524357
2283640
4190587
3841411
3408954
973809
1125138
3262018
1228909
2361481
1772923
871566
1766514
1717464
4011548
204536
4242563
3472732
3919983
2662852
3941060
3834249
3797894
4055815
1643999
3971575
2270845
2399834
3050361
3726186
3628098
3689430
1890425
899861
454120
4053182
4800513
3703129
1962756
821339
4283292
3965918
3135925
3381137
867055
3940691
4105690
4123724
2765845
3595734
3245620
1831844
3466157
1521305
3848266
4222040
4798513
4400439
3974458
4100751
31377
2055100
1983109
3101720
4298725
3102445
3733740
3851215
1294402
1162433
3818020
3233352
111142
3911156
3786943
1492010
3884177
1947825
3984682
2151207
3718719
5031049
4054577
3878294
1041682
3414160
4467037
2471418
4030818
4228209
1294884
3494662
703419
3672853
3708880
1227263
3868996
1319699
1844417
3665401
65810
4186002
146393
3967749
1716140
3840818
3722937
1708902
1495746
538214
4919438
4300635
555501
3408942
2236173
3987193
4641400
1206034
2472
1269232
1113616
3991003
3123843
3797054
314014
3643081
2471823
2048478
2253530
4158892
942356
3602591
1433156
1857321
3808603
21010
3421583
3399969
4065815
1154507
2245778
3959824
3690218
3594998
1303586
785901
1454731
4453888
3670263
4552002
478437
1085554
3721626
3409709
3731128
4872652
4043724
3931116
3783211
3923488
4149345
3940769
2493326
853779
4342176
3930834
3643457
4796224
4975142
168700
3665397
1968445
1574311
786680
1644937
2084194
3923199
4042151
1384280
4944783
3486043
1257627
685140
2774742
4330639
1819756
3806442
1527725
3669882
4344834
2513164
3822824
4315762
3407334
3889143
1728757
2055041
1170505
2971605
4921971
3914387
3619274
4038973
1627148
4763416
3930999
1607369
3597055
934658
1690359
3754119
3941047
3899378
440547
3909615
1417782
970331
3868452
1764213
3937311
3848193
3976747
3433655
1838991
3461050
2219979
3907001
3808889
3834521
3907591
3713017
4145152
1613623
2016104
4252164
577517
1303587
3650554
3481264
1822916
3914313
3428764
3791597
1034889
4201133
3863466
1718647
4009982
3669999
2021335
4145598
3745322
3941191
4224347
3977912
166018
3922370
3037073
1134165
1445667
4874289
4014426
3659400
1149864
3514768
1240783
4859315
3239945
938413
1583472
4257855
4897202
3807077
4334175
983680
19939
1291373
5098633
3742967
3877177
3879704
3978159
4101539
2396056
3430952
338912
4113389
3514824
4761347
4273244
2040444
4094074
3968535
4418212
3690319
4316800
4262028
3037074
4207482
5038680
2425339
3848060
1295849
1509517
4002018
1136506
990564
1583483
3872094
3964093
4826296
3539583
3604911
3582770
4208726
4129460
3857953
3252520
3489532
2132856
931401
1603081
3948154
4071949
3821384
3669923
1836165
1150868
737284
3934336
3263053
3267112
3595251
4037244
728878
589321
4011052
1635980
1331237
3398104
4312115
4832082
3709782
824038
4018034
1298485
624823
3431692
3945566
282832
1983108
2611339
3924951
4180691
4144932
4809371
3164032
1728697
4867583
2454373
4469452
3924754
736214
4376830
1479910
1672135
1405981
3579816
3911118
4064324
1913582
3893548
1220407
3490275
4226154
3959113
3768088
3770175
2005307
4946212
1219563
4898993
4880747
3690835
3869270
3905285
3980889
2829376
3853401
473209
3896407
1883681
648210
1584616
3994868
1899100
3557430
3913378
3601680
3447004
1626556
3624229
1864566
1817357
4249583
2338702
1588963
3607336
1863226
3310693
4108168
791322
157461
3791279
3551244
4423828
4135910
3667013
3398043
3616426
3116233
4558379
2394323
4636458
2128237
674553
2788824
799415
125201
5068001
4075870
4331719
3903632
3730051
3810991
71798
3775491
3018288
4914436
2262522
522860
4621220
4357295
1071242
3902695
187749
3237464
1183809
4026298
2253532
3625239
457274
4330688
3812921
2454707
1509549
3899015
4306997
861164
4786514
3189308
1112761
3912504
637489
1893917
1795003
1161447
1784483
4863240
3952816
1756905
2393932
3858633
3446563
4791385
3992018
2060306
3971665
1701715
3915989
3551243
4274286
406970
4041613
3847132
1686079
4055852
3684331
964130
4175998
3804572
3860058
4602531
1094092
1849929
3919886
4133809
1000459
3950098
1051495
1627345
1844821
4338263
1415549
3443051
817269
3421938
4113672
2223418
1620271
2671022
3899608
648081
1768241
1909554
3825734
782343
790227
1933528
4883531
4028609
4057091
4884577
2228598
3884538
4060202
562333
4968251
3964749
3918997
1695209
4187148
3917433
3748817
2496614
3970324
2562573
514773
3670325
3865932
4284052
2132927
4486763
965243
4422713
5060888
4048812
3433588
1073961
449202
1070687
270980
4045761
1153238
2204627
4378147
3629512
2979824
4641397
3318328
895077
4204109
4848880
3452047
1313441
3711455
4236749
321336
3093622
1273585
1643106
1156948
3409827
834589
628159
3986908
916098
3794006
1346941
3739576
1005744
448698
3019887
3704269
1248136
3888256
40185
3850880
3093466
2680096
4922822
3997419
3798205
1219975
4286010
3435299
4771681
1724600
1458215
4254349
3309939
3690219
2036204
3545974
1401283
1266635
1988749
646713
3933508
2925889
2328389
3454730
2202861
1005743
1243465
3663230
2809623
1183291
358556
4270509
1474946
3650080
3913792
1225627
3963529
4706384
3456431
1753977
3842850
4454179
1267490
571174
3903578
2021990
739787
1125648
3400721
3765743
1557713
4806317
3808890
2442176
971947
1567613
982253
273059
3797056
1538949
4101540
1562308
4094211
3594259
4443021
4737989
1244293
1826135
3602590
3883506
3252518
3765666
1418477
445177
2244335
2043224
3017372
3849891
3713465
4035459
4196159
4812163
3120983
3931090
2580606
2670693
3208809
3940771
3783212
651728
1712876
855456
3783136
3890370
3564938
1071754
3944108
3238628
1541243
1329273
4177574
2925890
4834941
26313
3909617
1495634
4903052
1556636
647685
915210
4015205
4409093
3825235
3187014
1840374
3854333
4975261
1079540
4141866
2798384
1501582
3889033
3476213
1053760
3444608
1583475
1626968
2428460
3730493
2069551
4063840
933105
653603
3326987
1860433
3866944
4028613
3797306
714546
2868388
799916
960875
1817355
3464726
3575887
1492011
3930257
1469909
1081806
4291598
1624606
4530114
3490986
1008973
3959319
3926185
899859
1304814
3873922
4722419
1623093
2299165
4325587
4641460
4316802
4283293
4826294
4777501
2569790
966243
4444605
3624692
4528380
3180426
124833
1266406
2937963
4011167
4684339
1083221
2609695
3863251
3670023
3865714
3760737
315356
2004420
4355548
3897913
1469645
104229
4718498
1288858
1714756
999524
1826441
26315
3880419
4125713
5047427
2132808
258819
3624228
3613647
4143625
3407111
4721998
1426893
1466706
391744
1586083
1557370
3857473
4325881
3640257
4938907
3615775
1894379
3634185
1007546
4542781
4342177
1584615
4043954
1746902
2026320
1570243
1611276
816600
3975990
2434547
4462026
1501472
4062868
1594881
3854814
3818011
3807144
4173115
1144257
2159251
3628345
3808887
2295381
782344
4177402
3093469
4805252
3963362
122625
1301434
2679663
1456166
1319433
2013876
1759106
1619563
3795759
40017
1291532
3941536
3919885
121073
757003
2459465
1153285
4093502
4816639
1668949
3595328
3641711
5019869
407788
4366225
3645574
549685
905745
3869279
4893839
1251791
4101538
1651290
3933507
4292970
484778
1149925
1825773
4730515
3943949
857431
1354795
4407541
1289704
1201636
3622831
1890412
1783812
4867167
3638672
3650916
1681634
1805910
3648329
679131
1988752
1706210
3947916
4669413
4737068
1649596
1209109
3788360
2794454
2479479
1023370
3885052
4177278
1295846
1404537
4944430
4452401
4419503
2726346
1205372
1294882
1290497
1492012
3840384
1157344
3691507
1617047
651244
3048293
943403
537630
4028608
4984626
4222042
3066988
127152
3093467
3274982
4928547
4373118
2133744
122815
19938
4941556
719594
1697022
4009981
3818019
2132967
2195915
4453005
2250833
815071
3277604
2046445
3827948
555561
1181187
2556993
1863224
3135149
4543348
2367340
4831128
1289717
4288593
1132688
4362245
4726294
935029
934812
1720982
4184938
350033
3802734
1985735
1289863
4892775
1757236
4803733
4618179
1826438
1943749
3355432
4716427
1083470
4818450
115352
2409855
4357826
2230771
1580794
959119
1817356
47356
2139546
1356117
1165848
2169346
2105163
4005303
1006617
1644000
2133943
2097308
4640774
3498553
4221918
3325372
2414472
2696829
2065514
1236720
4322847
959426
3912664
4178730
4841799
524776
2388549
4968243
1289605
1059388
18227
2883760
1489207
4418971
4789804
1565880
2409854
1551874
4268963
2069610
118068
3301849
4764855
4386400
764472
50712
820619
1396915
3818014
60737
4424324
4493700
3592622
4953658
4754028
1843589
1329773
663776
4894244
4977600
4861771
1454845
2913452
3693527
1848803
1071369
1527884
4981161
2383590
60856
4894243
4260818
4729338
4790484
841630
4936382
4901709
4464154
840255
4559497
1728019
4925294
4528224
1740944
1118614
Total scores: 6033
Average score: 256796.57
SSH: 808, SH: 1438, SS: 44, S: 340, A: 3195, B: 168, C: 38, D: 2
