1989203
429989
1997307
1596845
1836851
3813469
338682
179758
718156
893739
243946
1436185
66609
129891
643157
1427449
142954
2024637
246397
459845
680394
70760
804164
1009022
85550
509510
37166
1142960
1081936
1246395
1652172
89171
765873
132043
4570593
211154
431957
69219
467821
668662
658561
163897
1580160
827803
1371120
151229
118226
335628
98452
386728
582517
651744
386760
419487
26799
4403746
132946
3018109
1737169
86324
139652
506357
383536
634351
3849893
948540
1114754
771858
907850
439956
66514
47152
88176
24517
245960
44714
92426
3900321
407788
1221602
750846
974854
495633
552068
1587703
92051
173391
891079
450440
890467
86044
1410076
1097476
1059776
401513
1101611
429800
41034
1444708
2249551
120695
49101
1019006
722674
1907933
1872812
85852
388878
181589
95382
351752
144026
318950
2236622
374405
23847
53554
437671
638551
988793
126645
281843
93842
740044
164020
306018
1355966
96358
91037
101597
649117
94264
106491
1736727
844718
165931
1398028
1633126
62975
48985
734339
221777
866727
3533093
127363
164183
759823
117580
334760
237848
3008156
74684
1463054
224514
1427556
767203
45360
223397
108021
693195
4324699
822651
1731136
83975
203906
1128411
41313
142590
1039511
628369
839627
1383876
134563
803828
507098
263070
59892
220908
661243
62269
43184
333074
95795
281993
91215
115384
638821
139446
360925
577517
361687
255700
72783
65233
148065
257793
36223
1034421
95954
4147967
60089
2600984
37658
648517
147625
290581
120066
434870
192508
2334483
4482142
140665
399756
333675
180418
55474
170608
198428
145759
1428997
87171
1528970
196839
71562
2604568
252238
722596
142772
148000
246099
142239
458582
167718
725198
50712
31390
1007546
1288675
436723
527704
239037
75689
44602
157861
973278
772774
32977
225490
50148
58063
41044
96033
21454
138008
131354
674484
4414704
106033
1589320
779179
762507
523661
2456239
569735
1489404
196888
2966997
804534
153103
532338
495776
430371
559446
1541404
1575101
52197
101353
50354
376703
1167438
39549
295985
3008154
86269
102552
118343
111680
1126460
98496
764292
373781
1853547
1095418
31238
58243
1761495
31782
1946518
140460
146105
654520
1007169
135396
211697
1686476
250277
230467
1077370
116938
71080
867391
858746
183357
2246145
30972
1018238
1268477
90961
1551599
148716
1515487
127047
96095
114635
111302
1716795
3641902
480599
435350
85513
49067
57133
152480
37894
29843
37709
234707
116128
70052
4570592
150116
1693862
47817
2779000
370612
42152
48589
1759814
935402
725026
2037594
2090723
231825
201075
109301
59643
905424
437377
111439
1651310
57382
1983024
364473
131891
174705
446378
2350422
918998
103102
2633220
2132761
24557
365446
1009021
227061
262189
278451
1121504
688886
156653
31819
266778
43388
56830
248501
96684
185761
2450128
665543
63893
126671
1875197
1138803
189292
682956
52741
473210
2839870
84398
570953
129555
121331
308350
3844593
3636000
1106276
229695
1714686
23414
147449
1561819
149549
192515
83674
869704
179070
35819
947166
76663
660698
150837
170220
92780
175783
306049
601405
54868
840538
314449
181253
1668496
125702
295544
84964
2202224
466789
96351
251096
2067141
43765
1120184
185667
87223
1871739
1512820
37860
272454
64674
31488
1213723
58239
526757
3589616
2063570
378469
712742
3839993
936035
152494
2028818
37181
93474
457061
1697718
3610571
930249
676445
1509693
3387202
320098
1896622
58915
192181
1460113
52788
843013
189861
66729
350132
427090
687246
231988
38426
67086
185443
2206544
100627
49644
769594
243983
3530438
1557814
3839997
97416
716625
162363
416491
1251852
1314212
33181
258252
2656293
1306493
559071
816221
806584
293193
31050
382930
647844
93021
1626530
131009
45923
106361
54642
738978
857481
32345
276462
888488
255323
652715
1915983
143014
845391
1782852
1728260
46827
178645
655794
4885057
1810124
231675
628637
254296
110347
228557
425890
1791152
314645
57628
3912744
37146
2488198
86293
1706017
332962
4603401
217253
1570142
53380
90024
215238
61183
315260
34211
1075593
2747295
374777
73699
113527
93947
39205
136673
163054
103051
564188
57806
123180
93236
112035
96523
943988
366140
381798
122566
28068
191877
813588
95583
105531
37670
33415
265157
146985
1020110
2309955
281036
75930
2185350
3704687
281390
89362
1658370
4216089
602547
1557471
3526508
24673
458793
36311
522968
1077686
58701
1316268
918723
516452
50892
453042
1299942
1508535
147327
487951
65756
44031
65848
112158
36841
235470
48082
244182
341217
3055878
1211507
51362
1209189
381251
788088
130500
86352
538930
144029
131362
1588391
100392
486619
26696
656385
2275674
1579923
2603526
149551
123478
154915
158662
447179
575205
57561
97840
209276
1545608
48581
99342
50496
1621041
299041
3423824
1154509
1549349
635679
1102963
388623
1785750
2576783
36077
50845
26729
57682
1229732
4001316
190045
107702
60743
425385
985004
148009
117232
1666252
69396
2199070
703584
91462
358362
1719429
1367351
31334
60841
688907
183460
687224
38332
321973
519120
2125262
103300
149971
155118
38079
804960
58550
191942
195621
2176783
57436
1537816
117424
169387
169393
1017991
1270701
2735614
105534
752980
77017
90032
553131
283897
82920
97397
655300
70021
261705
146583
1421827
2130349
54464
417897
26052
169450
92037
85166
879786
142356
16266
95431
4323255
57405
87730
291285
22760
265643
206199
68825
1910549
471369
193404
949650
449848
247241
126859
100133
39298
3921929
176549
50658
2204379
962782
811127
4125535
83968
801663
134130
554701
3009885
120080
119853
3261546
235879
91143
1768374
93086
4347564
147370
727447
28819
136540
3586372
338862
144320
111174
271303
48327
156585
53701
861164
1377917
3845266
293573
129317
99465
53987
4323253
381928
1650328
83603
64665
1218649
2015481
728878
331845
2244599
58062
230967
2356485
297668
2246270
1971884
222890
63499
56914
3223031
35041
60864
632523
131579
351992
180423
181843
33579
52198
4282951
792303
789815
1341957
32212
434438
29956
176960
1031646
140886
142588
59381
43665
27415
539394
34774
797218
989370
153926
1427838
1620060
1228631
2160410
140591
70040
907299
358160
113749
200805
654108
585605
25296
176006
61450
23149
83925
64589
68938
52398
45544
47540
524417
2132415
598763
78049
804727
143989
771347
26502
2120088
4084756
27034
105311
125448
1979344
1754205
1774140
66458
2948012
667282
144028
481057
297421
832841
3893986
32609
134856
105806
1889232
92716
116169
175693
1264367
169271
1785185
79018
132608
646428
4037655
65943
49822
2869360
108187
155929
4755799
172360
54363
177973
204230
127426
93680
983410
229699
1436329
2836380
44401
155914
1368231
98615
74652
30726
994933
226563
821086
48416
473697
477442
43231
109163
48290
112002
177916
74852
146319
248474
2934950
145442
89721
49532
756752
131966
3651245
323769
40285
790355
26726
1549272
24695
140821
126677
4752073
1707638
128074
2745152
733678
32866
108998
52862
57401
46880
1672204
164266
281542
75301
3131969
579751
83355
892853
2780323
677878
43814
1154908
372170
3947978
152180
396105
276365
133723
33670
4108168
377903
63724
345701
3568389
93893
889634
157298
139597
29181
1074985
89800
113959
69405
45278
40807
33655
3822653
80197
231257
61898
94845
822869
992589
1269453
785899
157735
43900
48286
59673
1383875
464496
189220
2086442
3247754
4532793
307420
557987
135051
39018
1150686
231917
53759
91243
163193
155235
20932
55596
82604
43167
3355800
87207
161159
70667
49610
337229
3657389
94368
4075571
668615
45221
1181174
3369458
31570
1493332
122880
271953
469565
486740
182268
214252
1871931
80721
1535738
40460
3785979
42587
340284
1343792
2447068
3158323
49256
91156
58286
2744034
52911
113750
110628
807074
3351002
2918487
849314
97457
487384
1559749
47242
1054655
53864
79862
137296
97119
145563
3367803
2147623
1451093
51993
70998
136556
28065
308593
345099
39209
66246
137650
68431
78913
316588
1611860
184241
820080
518331
80200
32330
115352
178487
86531
182093
4978077
656337
93426
33651
82033
87066
58143
102441
153631
149988
358273
996301
395399
342543
1147
96587
4173699
26707
93527
222278
39215
154357
2431320
119310
2477276
1496389
439135
1787984
254914
4068659
369981
74457
25905
83198
66820
943940
129847
56337
82734
2364104
144797
1694521
3967198
986233
45101
1554528
395027
56549
163155
2431862
825308
361688
46083
55507
28422
96055
428270
1704329
68036
53913
33363
83338
89329
36134
31279
60560
145669
1255605
64267
1073731
768493
45459
117433
205332
27545
39076
110786
297350
1483781
679817
136186
1641647
194953
1818207
202072
2666261
37343
47015
82785
239104
142449
44175
132551
186428
143798
328523
1906336
49612
295484
100957
65177
36332
374776
94972
31572
1282701
776749
143855
154569
124701
72469
374400
30158
230641
2976350
155855
121767
57380
80058
65019
969764
1808605
241578
155164
1396767
33052
902873
1512693
60298
1405927
82573
3731532
2833259
2109844
106922
1021024
432839
54915
190584
2204246
108387
105003
3226925
3578886
52386
181730
443712
530121
38500
214416
144572
96792
63783
62589
4376532
113643
483186
57540
1319682
587547
69666
1569213
211889
533332
45918
46184
173567
201560
615141
122740
30386
231664
1053243
1270538
84801
2111531
59731
1054400
738959
65417
53926
106919
4147567
114716
136571
30613
56347
136033
45908
133852
38007
30203
46916
48632
185974
222591
110778
550235
209633
104621
4545950
101780
278262
50361
136553
144160
168504
2117287
2822322
476048
3508372
166593
720614
795140
62194
244691
186407
130036
50430
164519
72190
270686
515360
308462
42952
1594856
124512
326010
2744036
80543
149559
1262895
99094
2801940
1070620
103020
1969005
73494
121189
145361
1751873
1246449
150621
119803
78338
54581
54529
156904
142099
116331
161495
123374
521280
392637
46946
210353
3940306
80384
95716
921857
112531
687624
31651
2141710
199044
27845
791390
1263876
88633
80028
795096
24575
1391447
73473
712147
2270319
277210
4886080
124321
1406645
49631
81806
84358
2357589
31210
87726
58138
60941
86757
47670
1949641
101356
38894
50719
1257564
2584823
201707
887095
445177
2885884
456042
1294884
700500
83618
1043348
1262049
45996
2174441
26191
155049
18682
127313
214248
783249
313165
33842
3407339
1703567
81560
800195
660594
435472
29775
1452780
45546
4979237
296
421129
145366
57735
764293
778603
79190
60238
4018775
30520
4328469
824931
307411
665721
798853
119375
32753
171126
870855
1725174
112586
4572837
232990
949234
270886
96391
200989
43416
2160544
140897
812028
125102
34162
50291
89899
29000
160723
57397
166350
51155
179671
33535
45298
72718
37642
313621
2361119
67526
3036599
88700
178298
41480
27053
256696
108936
3765706
1583483
169639
88239
33695
150143
205022
43740
2028483
4189623
555651
129489
68624
79213
48584
3240248
103199
4074305
1481178
308009
415217
25878
125944
2170157
51907
524776
59192
795798
48096
85651
881191
21010
1308975
112812
261697
729460
2188969
1015113
3108064
116760
743896
118319
163789
1597806
546944
4953938
31286
89918
120921
1773002
207659
432346
220359
84811
80102
74778
37295
36160
44522
1867443
285086
574187
420080
35139
116006
307618
54981
163250
133610
249904
58361
43567
311573
425779
859696
187507
3852994
50858
417968
403180
53851
98415
641169
96763
1256718
85128
101178
2066668
51328
307289
80515
1889094
77773
1633129
49242
61124
3648925
34680
63530
134443
78741
975588
705038
128528
2544756
107875
48498
1349923
2025904
1439489
1438389
34423
323264
518731
74305
1403276
285549
678461
75843
59010
17672
43423
374238
33967
54404
3758836
489768
258342
339959
124508
539909
509269
2789103
73139
97423
4458046
69706
169841
38294
1636244
917430
36574
246599
194854
49736
1754722
85807
102999
114446
391742
66684
2367515
804096
40401
518069
2228175
88161
52128
69102
59773
3783402
43603
96525
1480264
195946
39825
75804
134207
1690778
128718
58909
132013
39653
94005
61926
3427360
35010
292645
339055
30824
216386
136322
36670
155064
36402
1546409
152702
758298
42767
1372702
594965
245284
67665
483430
91157
67763
460474
107763
34010
514597
141525
124217
91880
50625
1573659
93323
272026
25580
237694
392927
226279
307657
109974
2622401
47304
47462
196673
1126317
848084
52045
35724
102270
33394
245780
1317542
522348
30407
462678
300746
66721
55177
389703
42697
3569316
1372384
874124
55743
42710
24612
2643849
1314964
1465149
660524
1004556
53244
51766
117641
2163007
1277275
64266
547566
809513
99960
167094
38531
137121
35023
2387106
143189
157205
258384
1130379
2532231
29294
29035
96439
1814791
28939
211903
3776379
81356
70217
155744
136400
31895
139827
4372524
116382
80411
216747
2106385
65996
2115970
45282
164841
317917
2223546
227772
36263
261702
195502
3198118
25224
1674547
705760
1658801
2138994
32230
69637
52900
185506
54373
50867
68520
31438
66563
4490777
3967847
133476
728877
231475
128619
35426
137303
1553251
115606
1508163
29529
41994
592143
271616
94694
129109
882185
158870
27737
88160
135095
147656
174322
114379
1177274
1672657
2623387
86364
95245
81849
178643
71067
197139
100023
105950
1088962
66363
1594851
51308
325938
63526
363662
743818
146385
88302
570975
1324910
54941
128780
129755
28578
59693
70213
46387
4024863
124771
1619338
418762
80940
81594
753100
1157163
37433
63412
41647
158107
230127
57442
1849735
441920
363639
64996
1037478
679771
37988
96165
81781
105965
67620
33158
23150
2251927
2273962
121804
1552101
56044
236850
53356
686559
135804
515914
149268
3864006
35611
1687369
2670869
37318
64468
145165
96708
99816
51021
2421288
139221
46996
51816
2565156
147377
248490
1099573
196686
3823628
50338
3873445
42716
38209
65863
2039818
53229
244781
2631202
110915
39777
42076
49050
352863
52275
3092111
480648
70056
438732
1846237
772293
82766
139557
55768
105191
20305
70943
127138
33868
202965
124275
80991
33938
158309
1822957
116739
2583792
320127
324889
907626
136640
76148
194665
71842
726981
51081
351287
1571656
141776
1677424
1406439
2174443
160639
39609
2274507
93432
132167
1262485
53765
1535348
187639
82249
145280
135609
3133777
1413067
2245778
338544
1967532
812290
77752
55071
413597
282166
60859
84446
37759
161037
138816
295143
4749933
53273
1754352
372921
1251955
45076
74117
144868
212045
57332
73906
45427
120374
34487
2223544
57158
79266
39329
1505924
232661
652944
87502
97888
9631
75872
27715
1411119
88910
46587
57002
87484
167337
84837
85519
911540
26436
131564
71140
97609
81216
45495
48874
2361716
43076
70050
233068
79869
3378788
83112
105293
709313
166316
59993
11639
135385
142145
677604
3063865
160490
166762
64909
1213087
268080
1939642
64543
114599
45565
129625
4849369
58092
65810
36280
202756
4107350
47328
110914
137288
116988
95149
254562
1206896
54299
2500705
1651468
129961
73958
4936460
2369095
1607114
107410
28156
46277
92339
436825
59823
110795
55214
1521024
106156
127762
1894443
4592709
495543
24482
1106611
737878
493084
119028
1221756
31457
968220
62642
122989
1735346
221509
522317
363633
42583
51218
95590
1410343
1562
682520
53488
135142
2221510
59514
306669
62980
158954
71746
3529084
454655
416211
152561
1623091
1087026
1078194
676922
2258972
45658
353834
99009
3112506
134769
42224
2270798
97338
818597
234923
2817001
1809478
999566
29731
1847493
55656
28805
86520
127560
126028
40212
65951
2135438
169089
910913
542336
53883
2402670
110731
4195108
52717
1462875
2772367
3910602
3188710
119056
165182
113142
1610620
1283463
187727
122693
2056071
18801
72410
95202
2419834
3407366
802211
205941
3307042
916972
658961
38912
135696
506819
297468
128283
1181264
90173
30787
331496
44998
1027361
48006
4748553
332751
2659371
799236
405982
100165
48624
60276
86130
96161
2951751
4747733
537377
49575
831035
837812
181097
85816
2941257
43589
965243
471833
2915636
2354365
79389
3633947
89463
87319
111514
48476
61840
437202
100858
61869
379411
1583059
387409
83354
4445307
132466
101916
2329709
22529
61180
261524
133398
62203
34209
78350
4171830
334720
445437
193647
62084
514874
180104
4713948
204672
183541
28554
485631
395239
1109797
1194585
31620
2310865
1730526
1718994
38377
860488
924446
44218
252263
271033
127264
53479
556052
63991
9903
50007
84922
52364
44384
517963
45179
28514
3773174
172501
27637
2070938
1523138
68940
4836086
44791
55655
100237
25953
205405
135918
94640
557963
106790
143853
101713
16611
66437
1489084
54481
22739
1697646
94251
972658
50013
338594
97942
726612
351996
323907
316938
69953
34830
744036
314014
2193545
619051
152849
808983
61415
51626
678106
544701
22789
109184
193532
245924
3355391
783650
68136
25863
3157348
88397
105796
216151
130520
1043412
87369
41880
2457802
1506690
30040
1510844
31800
89263
3459103
78367
43854
56910
66465
34039
29802
43673
98275
77170
93027
110056
1435653
74287
97531
298126
641605
2135058
54788
37340
21283
97934
142217
3117775
356069
49206
87763
76638
50174
157382
71200
41878
18754
2403266
2180045
1397973
325180
215517
186665
72604
153988
47528
1282789
2666540
34715
865480
73384
55059
43029
93836
271638
3846744
146929
31680
58606
249435
2363463
2153989
783428
84485
1175016
157886
159731
24770
4488125
132623
78617
438865
4060592
40001
172681
156419
65679
1029719
46003
507910
71045
54145
32009
65583
49748
4644253
119021
1030012
144387
270363
62286
244038
92684
1989147
22854
2430975
854824
10880
39902
1054656
2764415
45883
1702581
43868
63485
155640
370551
79982
78406
836756
47356
885200
41293
1314214
77231
2735237
100558
95492
40062
35127
3120772
83192
94764
172186
100784
40753
77256
53569
39388
95980
141227
307410
1291565
264261
77996
62277
26451
287175
1649243
61776
217577
2422343
60858
188937
78171
46747
31894
66275
1151879
2735238
130023
189746
55806
79743
120716
1626718
665509
32619
238052
55535
74754
736920
216272
2226666
27848
1390952
1802834
124304
146247
1730178
123432
54072
70979
1926331
25016
82562
87926
789752
897869
67838
1119965
659991
53043
45345
172456
47837
27425
50169
63602
517432
805030
1483943
1858802
40637
136210
39642
38206
28493
4045755
1481618
1012160
175430
15631
2253531
2327059
139871
120121
4186299
1015266
104414
495541
187410
72534
2140702
2556361
2496542
41946
38888
404024
2153914
207846
429694
136336
2733839
42237
96566
63744
453358
38289
3123451
110175
766891
177003
24392
39963
65731
38609
172645
233184
45607
92878
28032
3654389
146957
3119507
188904
39514
1734206
2708850
756249
21625
2916949
138552
2920787
1443510
262302
1580728
232167
403168
499839
49413
277495
2743497
986939
28772
699
40380
1478355
2015394
40428
1907199
83729
24427
1299913
129285
2744037
1910106
49069
800533
1586963
896898
99407
29763
1733039
3860777
59440
1500050
39421
85494
1346979
63321
687668
55740
382275
404350
113978
123391
145832
95733
274236
292021
3307365
28895
1474611
35887
37712
1371758
28148
1279490
1584089
281069
485284
241431
4956993
1483732
105143
1615502
3593655
199304
22759
29965
3322286
264894
1601126
387735
2444943
2341682
33990
100228
81558
1825727
3363557
160569
153418
975517
38231
963412
52476
147146
4080463
1754721
31906
4639266
2475433
45239
4303773
106013
3418608
154853
53736
225134
1418129
386781
744673
3758837
588145
234535
44526
1113308
157321
2528039
2472
58440
2275428
1083817
39405
42037
77683
55563
53675
40607
19402
129745
365128
1609794
495899
1242793
71064
155557
36658
127500
1581851
10463
31718
27335
4055916
20177
279591
757386
3580554
36290
3290
4771570
3010801
207899
64842
86868
153632
50776
58970
36894
3744787
3121361
2026697
2209919
790249
59469
52799
2624926
181156
62256
22369
2136227
1551961
79059
950234
2566333
4634779
943399
90940
98092
84824
565471
44133
27478
167535
56334
76120
3401538
904866
1551673
3002566
3163036
49866
2528042
1760798
3529582
138140
206280
72585
238429
39737
969668
3118296
34819
20041
3901315
3126955
877312
931575
1752431
4596894
24577
67841
3000203
49403
688289
973159
2814017
306683
51503
64092
78981
45576
2272299
55506
569590
2273016
126062
3130927
122584
326423
100981
1760799
4453838
58045
605717
4638982
97027
54708
176069
178721
3021082
5251
33926
66808
4750308
2598992
783571
1346976
92828
2834500
147728
1698343
123708
7717
3226754
935029
573861
1209186
62720
69724
4443021
32951
26558
1787870
102426
1691921
4405541
792712
27611
297463
80914
4564346
382602
136509
3138313
91275
1851141
3025264
1116948
11095
3967918
42244
895331
3912746
211503
188891
35776
3544716
148911
43509
920988
46500
3591178
1949380
309900
1164369
1102951
1318360
26472
74207
144737
43827
1691982
1349621
178966
34123
19363
33192
659992
141866
910822
72419
1535886
29718
2048504
2052682
47030
75891
1024742
160568
1768636
281914
295915
931860
1093661
490316
48896
160486
844058
41418
1615992
518383
23745
32175
156905
283509
1260538
1751349
11082
766292
344
511246
1093703
31995
1164568
4864411
865851
672079
4863233
72878
36065
61692
121808
533622
107554
3853099
36910
2299955
1411709
4587771
25550
952010
3028465
97134
999184
58527
35274
106789
50907
146610
92188
3395096
115586
3776382
47353
249233
22306
80763
1387651
73107
2632326
2866498
87764
3456185
555797
19378
1055945
2972901
39249
2074476
33004
1886292
1552896
26327
123417
3696570
81304
1387177
505195
2325394
22118
26329
100695
96103
70913
60237
131286
59052
2354363
229990
561316
2282183
942356
869222
93709
104842
120030
35031
26309
2671022
69506
1122238
135549
4357690
3238091
910820
3119737
4469637
1277594
2507141
4017110
1923145
2648634
3208341
11091
1554713
279140
31149
89589
824992
3801818
474326
104229
876349
2528044
3423826
3430131
118068
4610365
1111413
48098
3260429
23408
1475516
74005
154311
21904
1317261
3047015
316018
3370177
3501642
1057681
3378486
114922
2954182
17419
2742186
31199
42585
4037656
3555254
2736085
3468026
1131425
1908487
18955
89795
1948181
2961049
423
689804
3385259
114295
724832
127846
2643619
3944260
1481140
28286
215906
1599961
2820407
3452359
124993
1434844
2857448
69131
503262
103221
20723
3724136
4637992
150406
96765
1654883
1483396
119431
22993
1908618
1149423
1243846
11293
1387233
3474143
1967529
19043
1007522
2635267
2598706
2696952
3299393
262188
87570
4704
2623454
3141161
790229
108762
1878931
3683611
611753
848061
1804040
1317124
1524104
4128912
3428310
40531
2207749
2142037
1656874
95864
689803
1791372
984660
1518913
4041762
18577
104945
817929
2511210
79337
3875038
737408
1778453
2430978
177493
63133
720314
270490
2917435
870707
938174
4509353
50292
1543159
712015
3426226
201523
734392
93721
3044046
1694106
1659260
1481624
226605
1509637
769389
1572058
2651838
224132
2635266
1964146
1231420
3352435
3624869
78117
2980206
69129
1724319
841599
4634934
2544530
3486007
4190499
941254
2785676
2659781
2487840
1075114
1226609
907479
2647601
3666660
1453452
2162263
161940
207051
2387896
92879
133596
1213579
454024
1442631
2653111
1001757
1763937
3520394
3880919
3383362
846613
538404
1759171
2021287
1678973
2857447
966177
3561488
99989
3396055
2986208
270622
168031
875324
1290095
3205217
264090
342075
3058298
1439335
1520526
3490282
2661154
2223745
1559974
3420529
3135008
2731326
3895384
3066546
686421
1424660
869286
4224418
1093704
1529762
2924352
929660
494818
3764317
431717
4039338
4284620
47359
462700
800237
2764569
4587414
4189841
1074894
3298593
1885048
1165848
4804443
1754266
141722
2176046
2644371
2020385
715044
2779404
820336
58064
2134823
4043954
128935
633993
29844
2036903
2739798
2559677
2507131
1597247
1795264
2923999
4414654
35015
1060576
4617965
1634984
3086275
1243791
2779001
664328
3583984
865102
191771
1061972
567103
3839994
324516
2198640
106965
342074
1572100
2648427
175666
32570
1468736
833605
171015
1849131
3626128
3907916
2267564
1075653
1935058
574165
Total scores: 3312
Average score: 212981.95
SSH: 335, SH: 1602, SS: 0, S: 0, A: 961, B: 277, C: 112, D: 25
