3010986
2689931
2510998
2843965
828242
2352279
2382377
1462224
2675756
2671379
2599450
2318117
2201145
2403677
2874408
1385398
3927904
1918978
1909555
3579281
1148905
2049247
2084319
1849580
2141888
1496766
2079597
1711307
915210
3644156
2176404
1655981
2117268
1935845
2097898
1860169
2280910
3232558
2573914
2196538
2179629
2100822
2295882
1546425
1157868
1920872
2469345
2078195
1150868
3012582
4287878
3088775
2615210
1241370
3854743
2839813
2546607
2470194
1811722
2323911
2099491
3658332
2685141
2660294
1583228
3383316
2272898
2325388
1250652
1721685
1816243
1159687
2335100
1279361
1582287
1805627
1801586
2564395
3647151
3081546
1487213
3392673
2209202
2659724
2684033
2469200
2603845
2486881
1714882
1990718
3762927
2173926
1828346
2241579
1956730
3926086
899732
1859321
2579405
2069841
888010
2574090
3104339
1605598
2993974
2368880
1163521
2484994
1090928
1062394
1763013
3221529
2633231
2241580
2898419
1115737
1656727
2064453
1690353
2088427
1041727
2946220
3884667
757003
3688094
2319171
2053468
2675575
1199955
2545604
2322888
1863083
1158325
3532244
1846902
1707113
2935781
1905231
1872396
2626473
2572295
2559558
2520220
2495251
3040104
1725588
3632720
901854
1410548
1248700
1842675
3544927
1838426
1162425
1734403
2490307
2327059
1537566
1270000
3093271
2628691
2423209
3648544
2367231
2317127
2284524
3194930
1919312
3115758
1770623
2410948
3648583
2240526
3257742
2298047
2594347
2568117
1969946
4140323
3145600
3138456
2414165
1489207
3586535
1626537
2314336
2003644
3189824
1791963
2297417
2231831
1635233
912167
1701404
2560248
2511064
2719837
3471407
2557665
3893425
2035291
1519282
3554363
1563000
1892257
2798282
3215357
1826438
2914646
3849847
861415
1983406
769590
1889804
3875908
1641197
2034057
2301351
1690355
2315558
1910836
2042533
2078916
2025393
1519863
2820620
3169154
3130993
2245774
3397388
2389623
1860433
2267564
3232640
1769144
1829131
2129143
1818641
1725575
3034770
1838427
2791233
1636104
3168035
2573459
2410945
1836593
2178147
2389303
3357329
1911588
889632
3532340
2543244
1849273
3092101
1860991
2041396
2883760
1681360
3278791
3582938
3466914
1770368
1768904
2823332
3329210
1736329
817929
1274573
3071981
3093274
2667881
790048
2794936
1740368
1759814
2946713
3287758
1018776
2187211
2428358
3092842
2938751
2166045
1354778
1944926
1961029
2629595
2628955
1039869
1319547
820737
2317124
2188031
2022204
1676639
1165959
1977528
1125784
2734925
2444148
3424998
1737899
1738018
3121079
2495792
2632230
2013012
1596706
1086431
1754777
1183255
2058788
1890412
1056562
2364135
4678354
1588369
1756897
2140939
2606069
1895605
1807735
1046841
1857519
1828342
1780800
3155647
888015
917129
3038997
1934098
2096212
2404778
2161155
1695382
776951
2581610
2204234
3619070
2279621
2458202
970331
2785615
1895602
2314157
855762
2419085
2240404
509510
2947175
1736571
1802736
2269544
1302583
1875396
3231680
2588365
2351797
2389725
2033294
816600
944802
2663986
2461848
2486948
687303
795627
3220659
1701160
1941064
2861267
1501472
1551874
2164997
1776723
1385397
2911355
2485438
2330357
2863658
3197548
2731892
3465695
1041481
2066867
1649842
2120917
2462350
2815257
1829925
2796473
3078877
3036835
1770619
2477261
1758255
1258642
2863215
1204537
1593724
2184542
2172320
2691949
2738667
3284709
2304622
2097124
1160996
4134502
1657285
2882253
1056207
2616989
2360394
1736332
943415
1788628
2055393
2480927
1594266
1570203
2798816
1718671
1925409
2950420
1736333
2530755
2285354
2518847
2466406
2894747
3014649
2154507
714001
2240223
952383
1849433
1902624
1610745
2443726
3092114
3042164
774965
2397136
1055147
2200805
2237466
2660646
3012798
2480902
2077126
1142884
1619555
1949715
3297551
2618934
2164274
3160790
2180369
2266773
4635925
2628801
1219934
898597
1946507
3008156
1630164
1466000
2681192
2964230
1663107
1717986
1935389
879062
1571309
2324863
909494
3615226
732951
2327962
1255495
2676534
3338714
2034429
1869933
980638
1790044
2802630
2705665
2047629
2282103
1709022
1520550
2606405
1522329
1971660
2609731
2201460
1654579
1281115
1955170
2373899
2514739
1206365
1890044
803199
735272
1580814
1492911
1807642
501401
1123155
1656000
3030240
1936782
2824441
1527884
1419403
2565674
2169604
2806598
2330482
2267943
1828691
1315479
3135149
760466
1488898
1911308
2948845
972691
1846270
3000284
2163531
2834295
1069111
1742470
2112908
2183206
3244451
2559126
1643270
985004
1917082
2726492
2358526
2958102
2695411
820619
2860521
4327708
1207223
972364
2677188
1742483
1175599
2328680
827803
1595191
2231706
438456
1818428
1828339
3093269
1640330
1169773
1264831
1087664
2834752
1551135
614323
680689
2995944
1565265
2096800
2522580
1240583
1968836
1554602
2308666
1611251
3534671
2236622
1804393
3647690
2684029
2512368
1893432
3745820
1642274
2196278
3299842
2457519
1627148
2559123
2596015
2264767
2367340
2274002
2330438
2202603
2829777
2618287
471257
1843481
3257738
2837544
1064909
3048810
2530810
1816073
1510355
965549
2019428
2022202
2084862
2620911
1901940
1795169
1717465
1918015
1046536
1968445
3793753
827488
2249387
2195530
1558876
2964221
2022718
2055394
1783968
1537817
1925405
1992711
1947084
3623807
2225736
2596018
2245777
2365752
2171935
930249
3145415
858271
2822288
1621068
3349333
4636979
2503364
3708195
2743756
2231702
953586
2213673
937709
3345795
2237465
831241
1734750
1165105
2078961
1785865
422328
2468866
2246465
1827558
929999
3707958
2813781
2281045
1924025
1717456
1219094
2603107
1046339
3427307
1563453
1474012
3626128
1494828
2049248
1610746
891293
2250747
1031604
2468865
1649528
2476857
2493463
2348183
3238236
2460779
725718
3216574
2628159
1586059
2283641
2191143
1669955
2806409
932432
1192241
2177434
3240784
3862258
3906540
3053830
2149819
1869919
3582899
1694501
996109
3397537
2974590
3226527
2659369
2096054
1736327
2708949
1575952
2185824
2212453
1783947
2192267
1701775
1036841
1495498
3880817
2166311
4754183
1690356
2457197
3691246
843155
2201553
1923214
2686032
1629264
1436329
1071438
2961551
1075797
1082245
2781369
2284893
1341959
2456930
1304276
3055878
866192
2133576
2567738
1836484
2131333
2275674
3313008
2058789
1302554
2064450
2276210
1114132
2391900
3678823
2245768
2628166
2259898
2245772
2801091
1848919
2628161
1400414
1968283
2620910
3010178
1885461
1938392
839947
2750832
1989332
1053236
2962206
1936713
1843653
3038849
2195938
2394642
2227698
1974604
2518845
1650477
2237579
777074
2485259
2046445
1817847
3707950
2497064
2840740
4543721
2564428
1536491
2987243
2204927
1995061
732318
3168834
142954
954692
3301849
3018869
1848803
1949536
2512374
2599504
1799197
1054501
3246922
1095854
1621319
2043178
1476606
1717455
2315560
790415
3365585
1517511
1702172
2060305
970985
1921228
2399766
853779
1021579
1029562
1075001
1784189
3174951
2323381
3117154
2480904
887621
2319170
927487
821070
3109226
3375379
676172
1945555
1970829
2237467
3256905
2131813
2281078
887059
2687022
1941499
2625911
1343792
2170274
1854022
308917
2495793
914220
2238881
2523668
898405
1160278
2245766
1226524
1231229
1819629
1259431
1020931
1524241
1027065
2663988
1819898
2325387
978965
3645338
2361328
696783
989228
3018109
3462322
1350927
1425112
1995114
1401861
3912798
2574880
1894469
1003204
1053232
1868131
3628459
1113332
2682795
1264503
1207845
1576449
1723257
1557181
1859185
657917
1210089
1575386
1659421
2562794
1998195
2483625
552068
989244
2909752
2138577
2594993
1280306
1640362
2034862
957468
2404675
1536489
1572868
1092582
4493700
1623092
1860434
2245478
1804058
2203212
978213
2958956
1612453
2628163
2332963
3870286
1807736
679779
1220272
2469346
2132924
2226085
2307722
1968674
2077125
2505956
2775397
2597330
2789938
2530752
2599514
1984141
1400687
2237470
3034593
3276259
2776006
724015
3680277
3398165
1489536
2530955
1623892
2055166
1972662
3308755
1231232
2357806
2624077
1490581
1743616
3532513
2022201
1402272
2021776
2467121
3361023
1024483
1023042
1097543
743463
1599393
2343932
1400686
2170386
1597765
1405991
1262025
2512373
2473923
1868547
2924352
3353491
1186227
2556686
2701095
1388399
1503470
2755722
3379344
1652253
2088551
2411125
2156420
2061192
2528930
2552935
2913269
1257669
2295585
814293
555797
2554676
4249746
2854691
1627157
2611482
1306448
2113851
1011144
1274584
1052899
2045979
910147
1464591
2674634
1529799
2521210
2606880
1911625
3149839
3261481
1401133
1262832
1951188
1564294
2332088
2042323
541990
1838625
1315102
1944844
991733
1353828
1047758
872110
2067859
1628503
846872
2450629
3438591
2283637
1963209
3083355
1770624
1610022
1013839
1744385
2444149
2628165
3669550
1429457
2439848
3671976
1410549
1984587
3153648
2404837
1912693
1764227
2156318
1612454
1697722
2634649
2808923
1972244
758579
1989203
1895606
1077991
709939
2906051
2475475
3169588
848161
2778999
2817424
2290041
2137778
1230854
1712377
2060211
1520964
1247226
412288
918428
1704984
2635397
966160
1398002
2779000
742975
2351094
1528368
2777735
1345676
2561147
3834649
1175902
2328679
1610994
3506560
1312375
1262219
1804972
2717460
2197401
668662
1686044
3496916
1593252
3098371
2014390
927754
544419
1844417
861971
2782231
2326754
1736331
839711
2176280
1717464
3062999
1554693
1264972
2997438
2585811
2514909
1843591
3256946
766080
1219705
1385396
4264086
2988681
1432041
1044610
889320
2991731
3385971
2485439
2843304
862994
2906449
1997892
1289675
1807742
3697682
1665716
3664282
3208196
2726346
3894477
1579673
3275914
791264
1046424
2909397
2231320
1033002
2396159
794899
1670005
2158670
553131
2014389
3620693
2111505
2796126
1758428
2229349
2871883
1291657
1122874
1769222
2537499
2149810
2410947
827952
1519137
829779
1702971
1377588
1862525
2475474
2450295
3089375
1642169
1296925
1785659
1014703
1850409
2768567
1124488
2576939
1897317
2887788
1232752
1105014
2476304
2984584
1294884
2147615
2998109
1936759
1631588
2023927
2680328
1855195
3910658
1623093
1257580
2296022
727636
1657535
3243028
1909552
1481747
2590221
1946834
888621
1949535
2478408
2685918
1989536
1602863
2400580
2082725
3370358
3119369
1229038
918723
2902384
1240611
1989990
2460510
555965
967546
2278502
2610193
2336310
1608941
1764226
2115738
1054502
942085
1820714
2245784
1043326
2906211
2506721
3073983
1241865
1263036
3104522
941114
1457148
2113754
2584895
2968792
1289926
3120531
2134538
1161900
2388562
3566847
2242807
1023029
1760666
1302552
3053109
2495113
3212045
1906993
462736
2245780
2103267
1955185
2112671
1076385
3101226
1501409
3241746
1576174
1979831
2774742
2430265
2979585
1829878
1895604
3019994
2659353
3755316
2245775
1028144
2907457
2643264
2391843
3629575
4585194
1511760
3037642
495538
1072467
2332178
652234
3085953
2577747
1854034
3333255
966203
2290441
1185212
2124420
2095311
2761854
831443
1264070
1762888
2077123
2063291
2301348
1076862
1082872
3739213
969686
1110353
3912664
1204320
1181761
3055877
2437708
1306992
3315765
1836274
3261704
2938015
2048191
1544460
1291653
1739893
1914722
1451282
2541434
1846226
3189187
2487677
2096102
1226973
900957
880321
827317
1591935
2799357
2945209
3772513
1700220
547566
869222
3371330
2589788
1862521
2733511
698742
3262568
1495848
1571516
2145701
1754266
2588481
827528
2639744
3200336
1464588
4085207
2654506
1932597
2594785
2963216
3534950
2303916
1736335
2061189
1434589
2633335
1399567
1060683
939072
231093
2085989
3213722
3414737
1401010
3680721
2546547
3385419
1644937
2176966
2111383
2382179
2708955
2628162
2996741
2198640
2809623
1656870
2136334
3195697
2593335
2069999
2369403
1545707
3074108
3194831
2603046
3500105
660247
977770
1679789
2605356
2477065
1233157
2870806
2908653
1593614
3371047
2836542
2130910
2521259
2781233
2973619
2586420
2596847
1602811
2165744
1587059
960875
2772167
1585754
1036170
2115739
2392113
3287710
3638055
1261879
3200833
1111515
3265963
1345677
4228703
1054480
3777414
2651838
3773772
3002756
3022085
40017
1583484
2590119
1874853
2789103
2986935
554519
3640197
2786178
663725
2136959
1805438
2968055
1852786
2299178
2417645
2989057
1870321
2581265
2473365
2856173
611931
2583616
1291655
3023414
2520609
2077854
1451703
519401
252836
2902129
3705480
745360
2277236
1208919
2657705
3034391
1137173
3796242
2722429
2533116
3216836
1780725
2329321
2252249
813574
2139225
1622205
2479479
2732602
2835408
2260268
3134948
3271906
2565270
1578784
2448565
2106677
3569579
2028973
2591358
3385161
3283681
1968148
2565155
Total scores: 1535
Average score: 270221.56
SSH: 2, SH: 174, SS: 1, S: 104, A: 1060, B: 169, C: 25, D: 0
