2352279
4672863
4543721
1838426
4537193
2321562
4532648
2689931
1923214
828242
4287878
2495251
4708805
1462224
4480795
2240223
4415495
2743756
4364775
2843965
2266572
4244680
4272569
4728369
4197563
915210
4345352
4113363
4189842
4786970
2384875
4690175
1569904
4225030
4059970
4657226
2874408
3577374
1313029
4176938
4583712
3708195
4291608
3415914
2958102
4860510
2775397
3010986
5058000
3313127
3802844
2599450
2257346
4342891
4985596
3197548
3745820
2521259
1496766
4029403
4291753
2574259
2201145
4085207
2753891
4438736
2209202
2295882
3462322
2675756
1816243
2361328
2624331
4027448
4383669
929999
4318971
3899964
4704854
4518871
1226524
2834752
4605491
2639644
4695614
1715166
2403677
4198445
3405683
4298815
4184538
3093269
3869560
3927904
4713808
4061078
2510998
1044728
2044338
3438148
4528224
1995061
2249387
1296305
2064453
3614514
3707952
3972330
3322168
2264767
2046445
3509293
3195618
3119369
4425879
1844622
2301351
4059156
4404049
4648374
1075797
2691242
3644156
1909555
4896646
1435459
3022072
4772080
4758301
3149030
4698084
4294727
2986935
3737266
2573914
4415744
1760666
2267564
3040755
958038
3147541
3579281
3564211
4017839
2128030
2574090
1935845
1410548
3807318
2041050
4629404
3680348
3034770
1895604
1956730
3993429
4682959
1828346
2599504
2399767
2703055
2168419
2629595
2579665
1013839
2328679
2615297
1046841
3499015
3595734
2354378
2615210
3093271
4462023
3194930
1076862
318340
4143861
1990469
4638358
1399651
3697682
663776
1199955
3104339
2901666
4090665
3300948
3721240
3273140
1134237
172662
3220698
3056420
2158670
2245774
2546190
3881448
1092582
2331169
1656727
4805756
2486948
2564395
3688094
4599668
2319171
1877419
2490307
2469345
4610836
1895605
3901232
2485595
2750832
2684033
1192902
2914646
4078836
1843621
4585194
2639521
1915340
3683363
2864137
1165959
2657557
2962915
4315024
4053803
924759
4795551
1270000
2799357
2987243
2269544
3765522
1028733
1353828
2769784
3294694
1850409
926644
1838427
3285233
2315558
4047804
2279621
3284709
817929
3074108
1605598
2659368
2729594
2484994
1926958
1861487
2971241
1709022
3304843
2660646
2179629
2020385
2223077
2013012
1782795
3500105
4519913
995563
3902488
4047799
2503284
133938
898597
3722306
2066867
3042803
1954858
4172054
680689
2097898
2565674
3604997
1565265
2049467
1545707
1805627
1843086
3595984
3564221
2933746
2189687
2586420
2809073
2677494
1454845
2410945
4683658
129891
1289675
2562794
1385398
2963216
769590
4001494
2568117
2622747
3707958
3122902
1782046
2535899
4742940
2275674
3513159
2692144
3037642
3765166
3908671
2328680
1631588
2518847
1845585
1612465
2507884
2444148
4347684
2338610
3578634
1979409
2022718
745360
2897463
1142884
1912276
4009159
1118311
2012871
1813857
888621
2628955
3286045
3853809
1084742
4657052
1175599
617825
3108587
4039494
4156714
1010596
2791233
3849847
2797470
900957
1817548
1816571
2658147
1274573
1968283
2452860
3530608
1736571
2731892
1332018
1204537
1100071
1776723
4295242
1860433
2182100
3333745
3637960
4166238
1869933
1657917
2021776
4435715
2725403
1620144
3008156
3772513
3607872
2731921
795627
1535180
2558115
2083676
776951
1570203
2410948
1952037
1714637
3023414
2004892
2204720
2504927
2380030
1895602
1126915
660593
672100
3509524
2556724
2082725
1701775
1127798
2108648
1701404
4001454
2303916
1872564
2595335
4643871
4675618
3810190
4312255
1450182
2906051
880496
3846505
4415585
3034396
1679789
889632
3022540
3963274
1481747
3921898
728870
1642274
3995168
3624869
3438591
1494828
1842675
4221414
3064687
1689229
3019409
3488458
734434
3620693
4003754
1788628
833605
1646483
3905613
3912664
3817154
3823402
2387406
3656072
4018769
1734750
4805054
3728856
3333255
1893461
1911308
2514739
2203212
3089375
789765
1365772
2677019
3744361
2162263
254656
2200805
2206954
1039511
3756270
3322065
3073983
1515526
1954900
3338304
1706210
1843653
2709014
2966215
1892257
462736
3985592
1350200
3056718
2169525
3582418
3593409
1573320
4445719
2042429
2391657
1715165
3587688
1765587
2026790
846872
3977190
2141415
4605483
2406120
2169301
1219647
1111047
4684398
2591349
2569254
1348191
71080
2028950
3041193
3890723
1610746
1844239
3543581
2318117
4442826
1897511
2574880
2250747
2237466
2870649
3805562
2554582
3946759
3876086
1796164
1596706
2699135
2084862
1997307
4225823
2196278
1622044
1154744
1115737
674324
3977703
2075064
1649842
1592916
2351094
2352233
3054701
2346624
1706278
3754880
2226722
2505545
3020123
2813660
3640197
3588263
910147
2543190
2058788
1963713
1849273
978213
1973361
3108552
3098371
4252607
2229349
1694855
2245772
2332178
3041566
3283445
1864795
1862525
3688634
2124420
4784320
858241
3459056
2679663
2677343
2413619
3718868
1040424
1181761
326864
2037761
959426
1018776
4546446
1988434
4510857
1783812
3358972
2468866
4163794
4491213
2576943
1110532
2547527
2719302
1681634
715637
2443190
3755316
1992711
1563057
1180676
2719326
1315468
2413824
2615898
1796309
1728493
252836
1451342
1989857
3976192
1482959
857624
2482032
2550203
4599269
561335
3591908
2025942
2084545
3030240
2752359
4174539
3572698
4178623
3309764
2419085
3159026
1454085
1150868
2546607
2049257
3245209
3892142
1219705
3385419
1918978
3472845
3301339
3152587
2961551
1607330
1095854
783860
1289927
1519160
1905396
4208733
2259810
3043732
1988753
3311489
2586235
1754266
3135149
3816334
3286201
2759110
3688650
3553569
1919312
2483555
2498427
2735748
4353816
1936713
3768437
412057
1405991
2949182
3275914
3907830
3985631
342074
3283681
2820225
2555405
2241580
3688644
3547780
3270303
2103267
2577747
2165744
1476606
2643166
4134502
2502889
1398110
1807945
3290808
2530810
1966084
2782887
2132924
1108593
1993380
2118444
1971822
3365768
3602784
1507125
2478408
970331
2796473
4044653
196977
1808400
3871698
422328
2786980
2781622
1783010
1396342
3768762
3305281
2281078
3646292
768454
2008748
4089506
2590119
2815972
4001453
2106925
3397669
1627148
2654506
736215
2693244
3360782
4020054
1345676
2360153
3584736
2061247
2268730
1936782
1955867
1831051
2396159
2719283
2798826
1493052
2096054
4978004
2703519
2113754
3014360
3989710
380646
1457148
1926301
3118383
2364768
4353703
378781
2580634
2274905
1649528
525278
3152325
1961271
1344602
1508522
1046830
2530755
2201460
33415
3365585
1219991
2479479
2461085
2911993
2072325
3019857
976008
1855356
1570058
1627873
1401254
2269122
3657032
2289083
2188031
1124269
2304303
2229381
4090664
3697747
1350927
2868857
2241579
1146443
1162425
1714827
2140220
1649989
2628556
4414654
1144666
3199701
3614900
3890700
2925728
134334
2024220
3034391
2277236
3714435
3340195
292319
2839767
1231400
2187211
1075653
2327132
1294884
1682749
3940504
3233265
2153775
1977950
1968440
930249
2596789
2177340
1607736
1256330
1829927
1990541
1895607
206567
2254470
1890412
1843481
2430086
4475969
909032
2054191
2407880
1644535
2025938
2439848
3535523
3862357
1804553
1820817
4098179
404663
2330357
2338623
1356795
3688501
1614477
2633231
1141858
3331787
2536179
2596015
1969946
1563135
3755021
2641365
2006849
2844963
1724319
2594347
1579923
1695382
3725672
2545234
2867706
1852605
2198659
1578505
2326935
1678956
1377957
897024
2149453
2067859
3879513
1891512
1955829
3236300
1990561
1558636
2921554
1151654
4685807
1231072
1766216
2345637
4557010
2463764
339795
3889557
3045747
1899511
2116804
2331037
3802323
2198640
797658
2221441
2624904
1775314
2909625
2706308
2496721
2955802
1639052
1892340
4060642
2610994
2957446
1684961
1294632
1692260
1975370
4606740
784791
2535968
1482543
2927180
1554632
591347
2398590
1785659
4321955
3569579
2413749
541990
1604332
1565884
2666060
1993172
1551135
4302884
1659421
2906211
1613091
2505634
3097451
2486881
1612329
2084629
1021579
3760479
3020221
3328576
2404675
2062588
1969005
2134823
4465776
1479927
3377513
3229091
3934310
3046747
2065584
3753922
3412600
1955170
1331610
4093362
1034482
2597020
2132775
1487213
1342804
1351117
3479103
3280736
1923476
1891699
1474956
2290441
2596018
1233778
2498577
1611322
1429457
3305970
3205000
1607331
4829677
4430197
1625476
2784599
824242
1587059
2280029
2083439
1743954
2164997
1351585
1693956
2088907
2022237
3688687
2610193
2809623
2343932
2058833
2522076
891757
1806531
3450779
4576496
3454166
4178423
3736423
1621319
3871738
2506240
3120531
1851299
1962758
3345193
1741529
1657535
2629594
2064917
2354779
4313921
1782215
1296370
2116146
3892050
3516568
2150733
1217417
2233275
3026248
2117909
1840736
1594009
2742959
2603046
919772
2816117
2351364
3521386
27466
3490746
1884654
1764213
994495
3860803
4352488
3990592
3864489
2556534
1383338
730865
1763222
2520633
1074806
3333706
2556347
495899
2231831
884327
4131187
3073509
1033882
2389303
1405981
1278814
1982146
3874351
3411617
4322847
1502221
2825148
1605142
437139
1623285
2376713
1607205
2347706
2902384
1571141
1996809
1574314
2161305
2555110
1501410
493373
3533612
4548855
986837
1243461
2285713
2327792
2179472
1972568
2118197
1400414
1937377
58970
1895603
1024480
1219210
2275874
2226486
2202603
1922290
1415582
1994597
2112908
1890062
4017088
2293450
3543942
2176961
983609
2889229
2170386
2563946
2242173
3003419
3666371
2779000
1108758
144737
1876741
4129169
308917
1026010
3359700
2523668
3229021
2014469
1192895
2878235
2395150
1919103
1668949
3279668
445978
1983406
4019121
3377514
2652498
1625478
2131813
3567527
3717906
2338619
402496
3977191
2030431
393953
2060305
306520
1599979
27737
1826438
687624
462700
1428309
2705371
2328751
679004
3707946
1797542
2030843
2574635
2554676
1460697
2135495
1597502
1762724
3967773
2150737
1932649
1636879
1797548
3084805
2601508
1157344
1721284
2069841
1341646
2651798
2651838
2102287
2932798
3985496
4796915
1556336
677938
2649201
2781369
3195227
47359
2881593
2410947
342075
407788
1642961
2604607
2843418
1643631
4078834
4046281
1676342
1982647
2025941
4321780
2737173
2768155
1967216
2853913
2514117
2655718
1986845
2844649
4001404
774965
2525791
3700995
1014480
2710628
787430
131891
2102292
1607082
1589834
1950559
1286241
250660
3891233
1764707
1977350
1783814
2367250
3873015
764082
2003923
2308230
2876407
1892253
1476582
1612454
841565
2829118
1691136
1612453
1809913
2480417
1852797
4848297
3921897
2512990
1575142
35900
1858850
2096051
1262832
4260818
953586
2129143
3946691
315
2621336
2173002
2022468
1137173
1984889
1215538
1596933
3584971
2428358
2714993
1849505
2060211
1860991
1694106
765018
1607204
1675844
4021332
4610112
1786610
2519852
1925194
3885386
2256378
2156913
1454622
1236211
1935932
4027058
1267082
837567
1843589
66246
3405631
1654883
2335045
4259049
1113246
3330501
3081700
2479006
2628773
1071416
580941
2025940
2134194
1210660
1300972
2590251
2796126
1737326
2494265
1787870
3647066
1562113
2730334
1742483
511046
1785185
1623892
2208111
1387177
246242
2519700
147824
1629635
1696765
3578631
816600
1902624
1252022
440925
1373482
1512177
943403
1797549
3078717
1241924
1551874
4048545
2530697
4313789
1046339
1092364
1483946
1777067
4415097
1492011
932223
2057577
1261879
1981063
1783725
1186951
1119026
1691088
1970565
590845
1397854
1064998
1588368
767280
1483372
1289657
1595156
1231616
2063464
896753
2654458
17141
271617
1762728
819981
2148623
2685931
1277926
1769267
1917082
1989332
1397599
1236756
2744798
1725588
1410549
486513
4479098
2281045
3579652
3641172
1762730
1655728
2353509
1915794
3230981
2528039
1675841
1290674
1917158
1010850
3405018
1859841
2132928
1595191
2480789
1648055
494845
2573493
2049362
2528040
1571863
1103732
1593901
1611276
2966682
1593361
1911333
1489207
1914981
2925241
10176
1493217
802588
808848
3096363
813164
1623883
1607203
2058087
2528038
4048501
1300413
1737169
1166837
1732802
924414
4322403
1770893
2722655
1443448
1829038
1595588
1523011
2179963
4353227
2528044
1824800
1886617
345600
1534523
1537198
2238881
1623706
509165
1973466
4018669
3996216
2958686
217253
1691089
1973410
978346
2262522
1983647
1881625
1253252
1679667
1544629
2515293
1781697
3444967
1085804
1846226
2202592
1668944
2271054
2495756
1256485
4013498
1562308
738063
1258579
2261703
2155617
451612
2460589
1401173
785904
1694738
1950368
1317992
815219
1305841
954692
663725
1456499
1128411
1781876
1922291
1592913
1679720
1351114
3243075
1074893
1686503
1843244
1031434
2209666
3341055
1512179
678461
1844207
2631078
801054
1075593
1730178
1129193
2855989
2395055
1741989
3830964
1126510
47242
1991379
1677854
1629804
1263789
1174467
2048044
2628776
1949083
544419
36657
1492008
72585
4371438
1597806
1099383
2104156
1432783
3351262
1027561
1604369
1256483
2200806
1685252
1643386
4319952
1373950
2518169
1370180
1642026
3604692
3783036
1977960
1416839
1512180
865480
792712
2051919
1374019
1854034
1583483
1694737
2044368
1632332
1363365
2260615
3646288
2710014
2323128
2036650
1983648
1840044
3024873
1220511
1039164
2208949
1883681
1822957
486511
1309290
1665638
1405980
1651290
1053520
3517482
1051587
1307291
259
3269995
1367152
1865037
2521085
3919008
2423869
2208953
1865075
3101174
935029
1583472
1869619
1927666
1370179
1252650
933105
1864175
1762729
1696042
2419371
983102
2181195
341
1819898
1914037
1534639
1365637
979325
4479728
1605180
745115
1086057
1727328
2202595
1643106
1696257
675216
1668952
1257134
4708432
687859
2898419
1033430
172619
2619459
1348014
2445662
1859185
1940335
1399834
494846
1961323
2294643
1033431
1639261
1242071
948695
803418
412288
1626038
1826749
3217677
917062
1658114
2015660
1911786
1762733
1536311
282888
1122324
2254656
340
1258909
2639317
2702470
460507
286489
1885374
3105314
895368
2139556
1304814
1659596
1961270
4029686
1619747
1645523
1788569
36658
1604331
2445920
1849433
945107
2088908
3337690
1029562
919820
4678354
4322080
1604318
1213428
2364137
113897
486512
1917172
979324
1707563
918484
1950957
1617643
1245364
1657611
2265009
1099384
2637029
774293
451713
3906694
3232952
812521
1675831
1859843
1071233
3057801
958863
1840048
2202593
1944412
1989563
1828343
948696
865481
2326754
1069082
4373118
285777
1008998
1092367
1081806
2523389
1605141
793938
3102206
1623891
812069
1599961
1451992
1619748
1828136
2505956
4276045
1064691
1369375
1535813
4047519
1433156
2455484
1954129
2528067
1842700
2624908
1949712
1857321
2593282
2409642
732318
1895399
813402
2674297
1035192
2038017
2019427
1764983
2659372
861164
724337
1782780
765097
3104522
1524103
367963
1893917
3699308
1303174
2164332
24023
391740
1991373
1948688
1926331
1530057
1400321
1803114
1564873
2436912
2552302
2843304
557781
1591970
1155062
999724
1185036
1189078
4437056
2677188
3992868
3051162
1035059
1289899
3921902
3524138
2521700
2135493
3506297
2590221
1253622
1257239
987133
2113992
1942546
1137448
2287891
1961324
1607332
1965347
2697861
6097
2887070
2231816
633993
1906336
1947213
999720
4009220
4332223
1571309
1306448
1505901
2060897
738980
2495788
1220512
1306992
3526953
1592917
1699346
1569153
2707857
4570561
3967023
1157868
2970999
1746902
1011144
2298473
4157223
2988681
1221687
1729283
2211018
4568304
831241
211154
48874
1527884
1649030
932935
2403907
1849131
1770454
176280
1528283
106965
2379656
878369
3577926
3592622
1312375
1599393
1836680
2489378
1701539
87570
2610170
1668946
1722487
1990718
2870806
2149131
1124313
1231229
2142341
1909993
252238
2784409
3510627
2045979
1850085
1559974
3566847
1768802
2634649
465548
1665829
2802736
1562891
4352925
1481624
888383
2236622
3148234
799788
1209109
4302998
1950290
3320342
2715815
1354319
1169773
1286726
1539079
816327
3594959
3093275
4484078
1264070
515641
2040715
122693
1289755
2112902
1596946
1628133
1125642
1412255
1541243
1762937
1935058
511051
Total scores: 1942
Average score: 221799.10
SSH: 92, SH: 88, SS: 31, S: 268, A: 1088, B: 233, C: 98, D: 44
