4897206
4742940
3946158
4850086
4641389
4187053
4641395
1582287
1241370
2228387
888010
2100822
1990718
1860169
3881559
4070109
2573914
4298765
2294912
2708949
3648544
4176938
4225083
2520220
3773248
4452319
1714882
3383316
2079597
2486881
3548649
3745820
1938974
2843416
4746232
3579281
1754777
3647151
2660294
2689931
4189841
1256809
3849847
2088427
917129
3038997
3884667
3040104
3586535
4392936
3041577
4832603
1737899
4736827
2935781
2178147
4064320
1822501
2911355
1725346
4350927
3185724
1811722
1725588
4783641
2335100
3999084
4134502
1676639
1935845
3010178
2410948
2632230
3320987
4921971
1635233
2078195
4793476
2323911
2675575
2505956
3468687
3093271
2126752
2759805
1889804
2185824
2839813
1911572
2490307
3027953
3946327
3963430
2593620
4419700
2033294
2574090
4791385
3666536
1044728
1770368
2979808
820737
1836593
1892257
2419085
817929
2389623
2364135
1160996
4544851
2872154
3619070
2099491
2164997
2278930
2330482
2673453
1681360
2510998
2976489
2335553
2188031
2241580
2629595
2993974
3804374
1778560
2204234
3630575
4791387
795627
1626537
3854743
2034057
1083470
2546607
803828
2060211
2363282
2594347
2319170
2173528
2034654
3012798
2555568
104229
1566024
898597
2657557
2231831
1489207
3221529
2796473
2863215
1872396
1296305
2659368
2998900
2837544
1738018
4351425
4859889
1571309
4463370
1936713
1791963
2470211
2350478
1918978
1857519
4630407
2564395
4803756
1756897
2974590
2396057
2368880
1701404
4614397
2410945
2759787
2428358
1895604
2458202
1001682
2164274
2404778
2659724
1969946
2477261
2445438
1690355
4628575
2026805
2444148
2695411
2470194
2520832
1588369
2117268
2331169
2564222
4000950
774965
2319171
4337667
3071981
1663107
2173926
3688094
4947312
3707958
2192267
2485793
338682
2176404
2568117
2177434
1911308
1892340
1258642
816600
1890412
4934522
1836484
2149819
1866087
2055394
1385398
827803
3526068
3231680
1082260
888015
1990449
1695991
1829131
1783968
2828520
3475837
2330357
1487213
1946507
2717460
4924798
2444149
2362668
1860435
4213989
2194234
4839949
3746239
4708806
2022204
1097543
1343792
2469345
1255495
4543721
1605598
4754217
4313217
2520049
2245774
2041050
4236616
1983665
2691949
1899511
1895602
2813781
2524160
3551549
3466914
1736329
3544927
4020786
736214
4415585
2684033
4419660
1385397
1736333
2791233
2237466
1795805
4337666
2581610
1942387
4572837
1719416
1621319
1466000
1827558
3338949
1922277
958098
1811527
2298047
2530755
1580814
2367340
1783947
4013921
4829379
644971
2196278
2351580
2596314
1860991
3601629
2427262
2346322
3036835
869222
2044362
1594266
2467121
3715477
2847847
3357329
3306465
2518847
1627148
795810
4057285
3963421
4425879
1804490
4905829
2122460
1046339
675734
2948845
3665005
1619555
2461085
2485565
1893432
3055878
2578936
2297417
1079133
1244293
2546306
2496721
2189687
1746492
2902017
1736332
2200001
2802630
2618934
4842099
1736571
2628691
2485438
884664
957468
3970329
2315560
1849433
2143572
4899325
4850780
1575386
1963713
2933746
1989203
1695382
2983479
1827324
4276420
1595191
3708195
4415584
2213673
2338610
1018776
2964230
804164
2663986
3623520
3178352
1925409
2034429
1848732
1649989
1706834
3928577
2750570
1636104
1029562
767203
2681192
3844651
2231706
1352342
1925405
1659421
4857997
1842043
676172
2315558
2151203
2287401
1510355
3945387
2282103
2519704
1859166
2750550
1860433
3628459
980431
1802736
2663988
1501840
3355394
2514739
4705585
4834695
3852943
1030374
2978571
1579673
2684029
2457197
3885119
1843589
1790044
2901666
1059776
550235
1862062
1902624
1945555
1082245
4694276
2643264
2201553
1474795
2225036
652234
4403746
1432041
1952177
2025942
2022718
2201460
2104699
2129143
3385971
3873669
3069848
3919008
2946557
2372825
1031991
809469
1642274
1251181
2058788
1843653
1218337
4028364
2360153
2149822
1718671
1893013
820619
1087664
2761640
2465106
1546425
930249
603797
2168768
2237465
4060642
2058288
1900141
2166311
1758255
898576
1586059
1660602
4904540
2410947
4758850
794670
1551135
2522366
1977528
1816113
4134503
4445719
4724034
1843593
4549701
2509215
2732387
2477065
2038587
3873445
2397136
2953423
1627157
3954641
2241579
783860
2197401
2665294
3079923
1558876
3762927
1848803
2237467
1657639
2326770
1836354
3668392
2044366
4860509
2609731
2670759
1476606
2779000
951053
1893431
2069999
2423610
1593252
2596018
1716732
827488
1649842
2620911
776951
2500910
2216530
3926086
1932923
2315263
2492632
1725347
1736327
1505448
1649528
722844
2615748
1643270
1093078
962500
1029307
2428357
2512990
4803734
1882794
2149816
805855
2302135
1817320
1770623
3217086
1808605
2603107
1045757
2596015
1172819
2530810
2894747
1603635
1721919
1818428
690982
1216800
1983406
3802617
1828346
2628159
1577751
2932817
2097898
2469346
2824441
1843595
3018109
1128411
1711326
2161926
1819898
4215847
2058789
2250747
620789
1770621
3853713
1398002
1495498
129891
2485259
1623093
2559209
3493583
2685873
2133576
2131813
2601731
2587026
1744286
722596
2226722
820733
4751287
3011287
1879801
2586235
2468866
4605491
4803733
1860434
1610746
1869933
1610745
1848919
3752975
1645523
1016701
1053130
845378
2444276
2077849
2231774
2618935
1909555
1621068
816327
1351114
2656918
2659369
2211018
2394645
4941465
1620144
1010596
2365752
2382179
1828342
2149814
1947968
3045622
1694501
2316176
552068
2394642
1469240
2357806
2961120
1828339
3385966
2774812
991733
1955170
3056834
2118443
1044610
1886838
807482
4225181
4641390
770576
2245777
1644535
1820921
4726119
4468295
3310074
142772
1520549
2960147
2923026
1774893
2026764
2331417
872110
1607736
2283281
1575952
1572868
658127
1586061
1578185
4143861
1032126
1749322
1162425
1289927
2518845
2468862
2860521
1289926
735021
1717456
2048477
2014469
2245772
1744385
2365443
2284768
2231705
1997892
3055877
933875
988726
1193499
693195
2338619
2543707
2249059
1612454
2794354
1925029
2468865
1720423
1329273
3522976
1826549
2583502
2964222
740692
2360152
3077971
4471539
803418
2638888
2044368
422328
2606880
2953859
2141888
1992818
3157180
1092364
2628162
1558872
1650477
1820257
1786111
2945149
1796418
2609733
1474956
2037502
1686476
893696
1804553
1737169
2165271
2349467
1815397
2468864
3238820
1563000
2022201
807074
2450629
2069841
574187
2077121
1524241
1700275
4919168
4861771
4855807
2997367
2684084
1885374
1713939
2135403
2020385
2467941
4883679
4861384
2461086
1764213
1632673
3399989
1651290
2791432
948153
4768112
734339
924337
1084742
3083319
2997067
3716950
2266773
2920787
3086402
1474946
2620910
1623092
2659911
2008344
1121504
1023492
895822
2982835
2281075
2023927
2201876
2208203
1734750
525278
1477476
2409644
1358299
3242187
1943046
1962182
786018
1932924
555797
2611482
2035657
1712377
2606069
1820840
1209189
784791
1391282
432839
1193476
2587891
1252711
879061
1330055
2593619
1080886
902259
1400414
1385396
3157089
1702172
1768240
2067141
4140323
4796487
1054525
2824039
2245766
910147
482147
1827323
2064221
2099567
1844417
1558869
1645698
1988748
3939765
1511760
1949535
1925194
1919312
3128003
879062
789765
918415
2269172
2778999
2798787
1849120
1983358
4629404
1876558
1859841
1828343
2455484
3122902
1648053
1028733
635679
1897567
2620912
1697722
4810017
4844447
2234808
2459394
4921665
767774
4787127
1532288
1289675
2245783
1124179
878369
1458748
1869935
2622787
1909553
3127889
2959445
3105129
2069969
1610994
2964220
2269544
3385967
1400686
2615210
1886839
1473301
1396915
2349470
2156842
4783687
2363834
2027911
4136910
1813918
1506561
574471
2204924
1828341
1899100
4470172
1970829
1520550
2246465
1129193
1735518
1956919
4847317
1466471
2898419
3293168
896474
2735238
1501711
2833785
2321904
140665
1141858
2993246
1962198
4948361
2021776
1934099
1370029
3057801
4905934
2231267
1710847
1849505
1344602
1947084
1783814
2519706
1968445
4852491
4318971
1873147
811925
898106
2569254
1255789
2514909
2789938
3206402
1498618
3034573
1657612
1635388
1897577
2410949
2075268
861164
2535968
899732
2055202
2436293
2281078
2139062
1893461
2195533
1759171
847314
139446
2245768
3933767
2299561
1354319
1889232
2327792
3078415
2530752
3356674
1829925
2477067
2128030
2231707
1609741
261705
3241159
2063622
1476582
2606405
728870
2526689
2719326
2036365
83674
890190
1816243
2468861
2182100
4014382
1851366
2815315
2120935
1762724
2800850
2245781
3333586
1810188
2390945
2642726
1039511
2102289
1813910
3121079
1840045
4867605
2347052
535808
2113285
2150737
116128
298176
1672204
4436738
1200112
1341959
2964221
2071921
2381026
2512371
2522356
1770197
2414472
1828340
1730868
1962676
2874408
1558877
1935596
786867
1714634
2444151
2684855
2017555
2654458
1797549
2082447
2508102
2118445
2959446
4383669
794779
1876016
2019586
1345676
2518844
1498091
4979831
792989
1496389
790218
1849580
1562327
3028380
1595303
1555292
2995539
1737489
2470867
2801090
1262435
2161929
1858270
2410946
3415931
2201675
2778998
786021
1593061
1829038
972457
1775840
3392673
1988750
2170029
4804330
3620552
2217566
1474947
1864216
3501901
1316822
2861378
2943265
1892411
4134504
2360155
2917787
229180
4199237
1345343
4976826
803704
4630404
2530754
2037761
623699
2129147
3853594
2512368
3152118
1963209
1383473
3069847
2933166
3036752
179758
221777
2268639
252238
1857605
1587677
2046445
2267377
1805627
1142884
2612098
1621175
1909493
2347578
1298486
1702903
3607872
209576
2216531
1983024
2349497
1033154
2361453
1534639
992281
996356
2475939
2118440
816734
2802273
2702129
2659371
1027361
1796684
140821
1219148
2098548
3145415
4925156
2300083
1558870
2567311
1572367
1822108
3452738
1270000
1826438
2921706
1570203
2336704
1836274
2317735
736213
999944
2522353
2461089
1720964
1861487
4947374
2540399
759056
1242897
1618411
1351956
2596017
3086572
975036
1126510
1849273
875945
2270951
2090847
646713
2283280
851255
1179007
2223303
1420671
1474944
2360394
131564
1569904
2990195
1060683
1300413
2195534
2489378
3040273
111680
1220396
2288582
896855
847313
2969237
2154808
794551
2265686
1095854
3091364
1644648
4729338
3333570
433005
4845231
2464481
2796477
2211074
3420529
953586
1180037
1649990
2663990
2275756
1896298
2409645
4321070
1800249
2042446
1941208
1556636
930498
2608130
4913570
2586018
2798374
4718650
2030843
1844294
1256532
2547566
1762730
2237470
1248136
2229381
2078916
1073789
2150736
1401254
3211660
1645699
1869937
1509639
1971100
4867167
2327794
1013839
4134579
3725129
4421836
487384
2252249
2697920
2522352
1170505
453042
2834752
131891
2753891
1613232
796721
1661491
2254470
4393670
4393036
1191920
2717037
2486606
2233205
2580675
2049467
2950420
4116304
4393066
1549121
1494944
2043129
2328680
2354919
4143099
1655981
1846226
1514256
4291753
1126915
2514777
1774124
1762728
4685718
2449729
2523668
1150868
869704
1926434
2004799
908059
263614
2255709
142954
4900284
3186407
2245771
4682959
3986984
4881796
1968605
2258687
4148965
1199955
1635980
3802844
2042429
1814702
429989
2625911
2779005
2471173
2017799
3359566
1696087
1726474
2022203
1655167
1619338
1391631
4257707
2118444
736215
3591213
1034190
3440631
1805910
3443974
3688602
1306992
3870286
3001532
1380717
2352543
784369
1021579
2042323
2677191
4111778
2388297
2211017
2962915
1610022
4805054
1406011
2543595
326864
2283641
4415495
1799100
855536
929999
1997307
3782929
4553375
2830303
4287878
4521745
2863658
412288
1204537
4327290
3783036
1219094
2332088
3365585
4319952
1911588
3238236
4644712
462736
3135149
2041598
4499311
725718
3572698
4855256
1709121
3164032
1226524
3119369
985141
3645519
978213
4552004
3880919
1047758
2933892
3932583
4957800
1065821
1559974
1451282
4713808
4874327
3756074
3697682
3592622
1635124
2512991
714001
1656727
4630822
1462224
4480795
760779
3030766
2030431
3392208
4462023
3118604
3030240
3019859
3613647
1095855
2296022
2267564
3729849
1788628
2829376
4243845
889632
2719462
2935945
2731892
4733327
2764843
2586420
1754659
1451703
40017
2240526
900957
1185036
1314987
2621030
1754266
2979824
2679663
2413619
1230854
1306493
2102274
106033
2664322
855762
3582938
3876086
820481
3595734
1399651
4886194
757003
4321803
2902384
663725
915210
2869875
3962022
2634649
4374452
2809623
3462322
3500105
1076862
2462350
924759
1902818
3041712
3983866
3816334
1398110
1768802
1768241
3313127
1134237
2914646
1372142
3912664
1681634
4415744
3438148
3833439
2325387
4255312
3238171
2496646
1679789
4704854
2562794
2735748
4049302
4968093
2573493
1843086
862088
2668755
2987243
2479479
2675756
614323
4244680
2743756
1256330
2036061
4131039
1728019
3767017
1636879
3522485
3121730
2574259
1157868
2389303
4157223
4074058
1410548
905745
4090664
4349303
2245778
3499015
4031440
2853913
2994583
2268730
3622269
1410549
2781571
4605810
4518871
4570949
1700432
4872744
2870806
4295249
3337289
2229349
2844649
1527747
4881757
3078717
3085387
2546844
2599504
2123284
24023
1608414
4987241
4288114
1515652
1762727
Total scores: 1594
Average score: 269684.87
SSH: 6, SH: 45, SS: 28, S: 405, A: 905, B: 129, C: 56, D: 20
