3963090
3018109
1808605
2282512
3700073
675734
4821023
1286697
3623807
4917483
2596314
4033854
1475620
1989203
3773248
3665005
3881559
3647082
3690510
4112173
803828
3891621
4127115
3548649
3130993
2496646
3815421
4689818
4013493
1933511
1172819
4643192
1860169
3579406
3666536
4265218
3648544
2194972
3956011
4193382
1170505
2026764
5027617
2826730
1949106
3014590
1992818
1600415
196977
2012300
2354761
1804553
2518845
156352
3385967
129891
2803332
2222880
4064320
1997892
4538704
1754777
658127
2111505
2659911
60737
3385971
2235465
3855998
1256809
3385966
1537566
1811527
3704352
3873445
689521
3008156
2039845
3355394
2659369
1028733
2618935
2102292
1882794
1469240
2615748
4960628
555797
2587891
2132119
3082637
4155614
3851983
2382427
2036340
3206402
111680
4815899
687303
2976489
2847746
1601020
869222
3129222
3545215
2779000
740044
2211018
1621319
1424660
1514105
4010164
3390098
2298847
3849893
2096102
1803466
3523496
1153255
2836988
2606880
1142669
2778999
3131107
3180049
845378
1946507
795627
1529189
2472715
1985735
4376532
1848985
3885119
929699
1218337
2477065
1935596
788662
4828509
3339802
791274
3254875
3299402
1899011
2654458
3852943
734339
2185824
4724998
2792119
847314
2664463
2410948
2638888
1029307
4698324
4337668
3551549
3280820
3928577
2328043
2735614
3385965
1644535
429989
3933758
1412813
3393903
3884667
4337667
1515526
1945175
2701054
2831036
2547134
1982762
2419085
1209189
4722229
4277541
3967160
1562551
2118443
1971100
3415931
83975
2517705
345189
861180
3700217
2496720
2069841
50845
3410893
2983479
4846148
2850905
3747008
1786111
2461732
592367
2067473
3970329
1234535
744673
3112823
3339771
4888061
2270137
2964222
63875
3220509
3657734
1575381
1797549
1754205
3919008
3837137
3641423
3550506
1849580
4168943
4914436
3653690
3917718
3874766
1029562
779179
2020258
1682101
2365928
1842043
2095008
517308
1863246
1643632
1069949
2060302
728186
2964220
1983358
3690237
3920486
3243569
2330482
1971099
1747221
3609961
1608832
3645570
2360394
4337666
1642274
1951733
1849505
1873147
2237467
2735996
3755042
2442977
988510
1932923
2546969
1515487
2197401
1750033
2369402
693288
2299818
1476582
252238
1277965
1843621
1741498
1590637
1354319
422328
2764432
2079597
82573
2915644
3608801
3005850
2596018
3003706
2887834
2357806
1921069
3698344
3716950
3996361
1969095
3039376
2201876
24695
3066224
39076
2477067
2512199
3321763
598885
2038750
968350
1402711
2275674
1093107
3546673
1067032
1026639
2231040
3415678
2317701
3157972
1956123
161787
44271
2517107
611879
3098727
1883369
1643270
2861267
116128
3990587
2176046
2444151
1184359
1010030
1632673
1695382
2730358
119375
2443726
3561625
3010882
1033154
2487630
3545479
3148592
2469346
1649528
3628459
2690695
2578936
1046830
1032126
1800249
2474203
1902624
2054965
1925318
2064221
4075203
1714833
1570203
2397750
2167694
1278221
1451025
2653571
2889075
2371744
3415675
2399034
1932924
949011
2600668
2245784
1531842
1078420
2036391
2180369
1826084
1914105
941270
2205248
1860433
2152441
19263
2317079
1626537
2102289
1938881
2445438
2406539
1141084
1851299
2022718
1488698
2999962
1659421
2099567
1177094
4791385
3844651
1141858
2508958
1970829
2170029
2813781
1416839
2103057
1775026
1975954
1282628
2017555
2302956
3747453
764293
771858
2250747
2473353
884031
2905739
1351585
2250774
3802267
1580728
2596017
2491072
2570534
3048410
3604780
1178057
1385396
457257
890190
1641323
58063
2529907
1325640
1892257
2082447
35139
3963421
50984
1797557
2179629
2415031
2284960
38845
2049248
1635124
2669883
2163092
2444148
1989990
2139012
1958283
3784901
1862002
1256136
3637802
1278814
2584766
2405957
2461085
40017
1590230
31819
1876015
2613076
1602636
2224874
2503454
1794170
3049580
2360737
2100940
2822369
3180981
1969005
432839
3040107
2680097
17672
53043
2632230
2527750
1971795
2341602
2069969
2943877
2617772
1157868
3759170
32734
2063622
2514777
366241
3240924
2388297
2678543
2651771
1680025
36814
2328680
2160546
3222663
4867909
1030374
1859166
2449789
1321645
3241159
1645699
1762728
4095185
2258242
1896298
2060305
2733012
37988
2733973
3028927
1771678
2934950
3601629
1059855
2183905
2778998
1016701
3505029
2872154
2779004
3122811
3268567
1889232
2814772
1073275
2628164
550235
3250587
3129871
1645698
3142389
3241762
27730
50844
181253
1329273
1571309
1257819
1894345
73440
1516272
2486606
1718994
1165105
260489
44467
1031991
1744385
2015060
1989718
2671414
1714634
2064555
1351114
2286593
1986949
3310535
96439
2635971
1836484
2054967
2924352
2766688
1087337
690982
2509953
2188088
2363005
2035657
3117072
3645482
364473
2317700
2410946
733755
2164665
2492021
2118445
1630299
3138313
2129143
1797544
2601374
2977095
44659
2195806
2023927
1975298
2730833
637623
3562497
1616495
4000886
983680
21368
2002612
847313
1621175
3860846
648359
2014201
814293
953586
1908705
2596015
2481302
2691157
3040670
3750319
2753990
3607502
2102287
2830692
1414507
3293083
2516616
1186443
655680
1486576
2310116
25234
3327825
1603080
83968
1020665
1255789
2368575
2447121
433005
2328679
40531
3111186
3395011
2107351
43978
4060642
82962
432841
3322364
3623106
1783814
2928429
3455880
3367004
1249019
4919168
1881625
2504106
1950964
3078904
1918734
2959010
3707321
29073
1725588
2524925
2607499
3131969
2664317
1653270
1974867
2679998
2891241
3294113
1603635
2852576
2190499
733753
26689
26431
3410654
1814702
2046104
1930514
2564639
2168802
4057060
1495152
47469
2406045
2452960
922765
1583475
2069999
14979
1592915
2266773
2576115
2303015
3440632
2790397
3215934
63604
2097119
1746492
2075704
2967837
3142477
1468735
983692
1816113
1803401
2063570
1688906
2479386
2757590
2634217
2048947
44850
2996734
2585183
32173
2419371
3173949
2866952
2102290
1396072
1891907
2015059
86998
1083470
794779
2982769
2530840
2502119
39427
3237780
14414
1804279
104229
3138315
2651508
3240001
32462
52677
1324919
2904100
1144257
1023450
1860366
2153460
2420455
2165905
1882588
1950314
2168768
4001452
2114475
2820225
39449
3276535
1970538
3697942
4097136
1762729
1872396
1762730
2964434
3172209
2379520
2249059
3448285
3768533
1462224
728872
2853732
2540064
1929035
827932
356498
3735961
2449788
95245
75728
2073740
1639936
592113
4705585
2055688
145669
27209
1911308
32549
4115498
1909493
1059390
3543744
2397393
43977
33648
3482199
3360013
1011626
2026805
2187303
812721
1490581
2060306
2017538
2127691
2245781
683969
1648055
2974083
1477241
3248625
2841790
3445237
2357589
3252495
894090
3281310
405955
2226975
1717456
23426
2351101
3322016
3212576
2044366
2369202
1612453
1758872
4445719
1886617
79389
1185267
2096750
3247999
2590755
2848730
3253634
2486881
1269345
2220440
3325377
2017464
147327
3356278
2836353
3001532
29685
2750570
1850585
1262009
3173886
1794638
3287485
128718
1053243
1421477
3383146
307618
1185260
36981
2971802
2778308
2134409
1762727
85556
4755428
2486391
24577
2449781
3520227
2263835
1876815
1764731
2075222
3360782
3320429
2340924
1655981
2190130
76148
2064304
18830
2607091
3917116
2203353
2956448
1618411
3561624
2962588
1950368
3280062
3548983
3097864
3275209
1939512
2492022
2524468
2969237
2487454
3121079
29430
2455484
3860055
3099518
35778
2420454
713935
1919312
1893461
1871842
18781
1816330
2631589
29075
2245786
1827349
660593
2419373
776951
2833632
3107806
2164332
2437233
8734
2096828
3311088
614323
2589097
1160967
3239862
1776939
3895384
3743795
1938063
51395
2162263
715074
2196829
991014
726335
3743811
368159
2006494
2410950
4313254
2076387
2813837
19482
24457
2417422
2974590
1906788
1706256
3471163
4277533
64517
1640727
3425567
2633220
3075339
15819
3360015
2646750
2037319
1950290
3257740
20996
1846226
1759483
1401254
20723
2900406
2874408
1934841
1645700
1968445
2280822
1370251
3696402
2245773
1814149
11706
3409245
2244507
3257742
2799043
2027696
1802637
2059942
15820
3207109
1387259
3128254
1218926
2456817
1584116
3640509
1827412
2468866
2604568
2867638
1056413
2395929
2147703
2541296
3151194
1768636
898106
2118442
50954
1909555
2655355
1649031
1803208
1464026
2015326
2037317
3076378
1263036
2573909
1943817
1256532
905800
2059941
2647601
1006822
2351033
1816243
2505545
131891
2628160
2421233
2824101
1184212
2766094
2767393
3427312
3830509
3583984
1528015
4218579
2229349
4796487
1594731
2411245
2184492
1936782
3997353
1517653
2245774
2421911
2165190
1827036
1974023
1829998
286577
4376042
1408481
2564395
3040104
1970539
124993
1827828
2044365
1874119
45710
3299933
2325531
94537
2657558
1419358
3111877
2098534
2455483
1642169
2245776
10758
2444149
2940870
3583226
2590901
3661943
1385415
3916991
646713
2784597
4862037
3153514
1786703
3275832
2820222
2171615
1492707
2530351
1214825
1969649
847315
2245775
2580772
2015058
1969946
2505463
1866253
2779002
2086068
2806785
2097898
757263
2580769
2477066
3393775
817929
1256373
3843313
3692895
1762733
3731761
369349
1627148
699391
3954641
1674863
2259692
2060304
602917
3983866
1784007
2164997
1499253
1034889
2365789
3153515
3900704
1783725
2158085
1970115
1414505
1368881
2605839
1610746
2190288
1974323
1690919
1943046
2176309
3072088
3355432
3674641
2117097
35653
2449782
3364402
2637145
2361348
1103732
3227919
2235725
2975356
3466419
2812977
734716
2205387
2330357
2794219
2367232
95662
1783812
1977349
2648218
2456668
1846237
1627149
1973794
3357205
2111383
3092724
2748427
2449792
1969646
1627157
3133247
2719334
3892154
1981164
1468471
764291
2998404
668780
1572874
2107221
2861377
2451401
2942889
1385944
2691754
2431516
1912049
2820386
3005871
36939
3183275
2434435
1047758
677903
23301
3239506
3358644
2525270
3224506
902259
2129145
2905151
1730178
751684
1468467
1581628
1256295
1837461
966920
2941531
72435
1892411
3079151
2424507
2432690
2014554
2474185
2268252
1385943
2449791
2642550
2449786
3077882
20396
34735
1481624
2148632
3310074
3281309
1881691
1861487
1807642
3591067
1162425
2866498
2245778
1714350
3466808
2532602
3102895
1589931
2263159
1541384
1696684
1512691
1719454
829238
2469345
119586
1262335
3024625
1656874
1262010
3184398
3718401
3385970
2120896
2635267
2238053
221777
1864884
2530352
2736778
827488
1264070
1988963
3771872
1733039
104867
1370252
1968615
2193721
3608354
1367388
1200758
1882770
1783947
2517565
1034862
1869937
3750868
3265387
1487213
2481947
1583483
2020602
1412483
3101434
2264046
27213
2504668
1022062
1755614
38892
3440631
1046951
1963209
1319285
39650
136400
1602634
1888533
713818
1468473
2655469
2794222
1688907
1725823
2382377
2084652
1994942
2260295
2664884
3357864
2730832
3381137
2005910
1649030
901854
2042429
2030843
1324811
4757408
2689931
3013071
1718672
2633856
2894221
2477068
2116756
3796494
3311083
1521409
3429943
725718
2753523
2811326
1613218
1556943
2889073
1468470
1397836
3442391
3420529
2964438
1612454
2495789
81974
1018241
2893506
1632945
1983452
1724670
2451194
2902017
3188917
108967
1420861
2615210
2597726
2058788
2161122
1241370
3036752
2245780
1630565
1159687
2635266
1001682
3137229
1861434
2608130
1975673
2169357
41470
2679639
645436
1385400
2388285
3933767
2059938
4431142
2679637
4867167
2108562
1699159
2861376
2509272
2387848
1059388
3916990
4678868
3312446
1959587
1869406
3521
2820250
2690959
2027697
1714637
2628166
1724319
1827252
743127
2044367
774965
3704366
2809534
3613084
3674557
230641
1385399
2992705
2192209
1214824
34734
659422
2604900
1689712
1018238
1797542
1655999
3180889
1059389
2008409
2245785
3023401
672594
2097562
1972568
2817239
2098548
2132896
2434661
2146420
3153133
2377917
2314338
2633674
1582287
4704
2315560
553401
2524887
1936116
2388818
4871837
2626473
118488
2161155
3743840
1942554
2634976
3028781
1978494
2600081
1343703
1646445
2044361
3184406
1158325
1889115
1969636
2805529
4004208
3207042
3658332
4791387
1269264
1623092
2328042
2785496
1417132
1518125
3427001
2457698
2739659
3367241
1818429
2351893
3000148
3056312
3272792
816327
55091
2324906
512188
3993504
155631
2563955
2612776
3870286
2449790
3036790
4683658
2779003
1385398
2078195
1972924
1263997
2290697
1617643
3367232
2405863
1838470
43993
1968614
2844963
1269354
2129147
3545530
1544643
1380717
2391463
4132253
1822108
43459
2815870
1890216
3290618
2363927
724015
1181953
2102291
39348
673206
1370253
2684029
3829812
1764271
4607972
1941025
118489
2049467
2904053
2313705
2482032
2690131
967375
2625297
1762731
2150130
2017788
2610039
2008748
2663017
1324812
713703
2245770
3691443
3188881
2365785
2922759
2084862
1713939
3166325
239186
1377957
1385401
1594728
1626300
1897567
750791
3772188
2031676
2142716
3486007
2493388
38290
3802251
2108563
1648054
3700881
2498577
326864
1752543
1907880
3605633
1734543
2391596
125702
3568776
2192665
2632059
1650175
55535
1614054
3005290
2015472
2534930
1947303
2149528
1481117
2983635
2658590
2193879
1045757
2441541
1949520
2331169
1597247
76736
34789
2470136
2580771
2271070
86775
1857321
36376
3906694
2227245
1369207
633993
3363306
865102
2820246
2084350
687530
2477261
2327247
1714633
1679686
1754266
2850639
2797387
1801936
728870
2698709
2020385
2158783
2601092
3572698
2274606
1969637
1762724
2226722
108656
73627
1869935
2095579
1212291
18835
1618986
1809677
2059939
2746036
3179830
2870666
2979430
896480
2898086
417242
1770051
1935976
3318069
1644454
2469841
2349116
1827616
2269514
27208
614213
1391730
15818
683970
79902
3049581
3614411
2820243
1059410
2562601
1659553
2388283
2166563
2674297
878369
1649676
2416324
44526
2449785
4566
1616472
1882315
85965
37344
1468468
1594730
1956122
713689
2118440
975516
48395
3047421
3239866
1274584
2211017
775520
1726857
1869934
1660623
1942387
3205089
2662547
2235450
2593882
23197
172662
2169776
2422331
2231712
2599626
2679947
1261691
3614314
58064
2336104
3147877
3648315
1933045
3516055
918415
31935
1221602
1088461
2126101
1385942
3142648
2030431
1395942
1210471
142954
2421856
1782215
3315765
47225
1294880
827933
1021579
2506620
1018239
68126
2690687
3674733
2847847
59630
1035059
3638672
1805627
745274
623699
1665829
2110031
4646545
777074
655681
78997
2601677
3591219
49562
766814
2484280
3690387
1833847
495136
2128030
3101155
2352279
2835408
827984
2020270
1572367
1262271
2233760
1710939
1280961
1613232
3107709
2336208
1963977
844884
2151323
55090
2223259
3336361
1937341
3246320
1672165
2196278
1820797
1813956
2008380
1980396
1854033
4774201
674277
1068098
1962182
457746
3459056
37823
1181915
3468026
155638
2304073
60763
533064
2434491
2274002
2270391
4720942
1827249
132379
2443087
3000649
57365
2263836
49451
2950190
1715258
1909554
23300
1331685
1196651
1620144
50427
2664447
2346460
1012836
2161181
43994
619959
2670709
1944713
52725
3171863
1419400
2365443
2390022
2835256
2265009
2147938
2795613
2233986
41733
1115737
2202413
297
1963332
2449783
2447681
2620706
2917119
1158474
3244619
2131227
2202593
1822853
2422731
1512079
1845585
1468920
2635006
1726559
80408
1946044
2271055
29609
910816
1858750
4476311
2556049
3367240
1021384
520735
1702903
3287339
2299331
884664
2516343
3130371
3206413
109024
90960
107874
1274017
26384
2267115
1783813
3669885
959426
85555
942356
2835281
1716732
1864883
2511210
3067981
2333302
47400
2425679
3354037
855536
1322484
3136646
2158483
941266
3011793
2133576
2484994
2254470
50491
2919235
2368899
1319286
2530754
1466471
1619748
48057
2337458
3337690
2045979
1711811
760464
3760517
1706210
2273031
2495788
3011442
3440920
1927412
1652808
227
3281311
20576
726336
3726990
1507125
681610
1401281
1854032
3549855
4017703
2641466
764297
2956920
2590221
3026898
31097
2719462
3301339
2528035
53396
2739877
3398077
1595667
1949841
3184397
3096069
2182777
2777737
1848094
2818112
1084832
959233
2958956
1603081
9889
2532167
2477069
635865
2240223
4577577
1955170
1537214
910822
2943265
1982146
2131813
1941208
804164
2534559
3365526
1473299
4817853
2227398
3982506
1857003
2465585
1399651
42705
2046445
2679663
3003472
3793495
3292489
1097543
3854204
2069610
2015527
3320026
4056098
3203760
35015
676172
929999
4818400
591347
2199470
1850849
1859223
3030766
50712
2856086
960875
1844019
382313
3022072
1053519
1785659
3013524
4042579
924759
3104522
2982835
4914437
2779001
2402400
1870148
2502505
2153932
3204200
1514412
3596672
2479479
3397669
1142884
1762937
2964230
2333525
3169730
3206007
2618934
3877128
1949561
655682
1118614
3135149
1630100
3452047
2860521
1580794
1681634
2200806
1231420
3217551
4182613
663776
1020502
2867706
889632
1299008
1396342
2389261
2748039
2863658
680689
1827558
3746239
2483555
4689249
2992795
4054201
3591213
1312375
4321070
1286241
2722655
1636879
2775397
2786980
1465147
3745820
2844649
3037642
2562794
4886194
1656727
862088
2200805
3057801
3023414
511046
1826438
2735748
3352759
3760479
1451703
2753127
2750832
3359328
Total scores: 2111
Average score: 259728.90
SSH: 415, SH: 266, SS: 0, S: 0, A: 1229, B: 168, C: 32, D: 1
