4897206
4835404
4111035
4866452
4742940
3854743
4565459
4127115
4177434
4653513
4019149
4443814
4273030
2209202
3700073
4187053
1808605
4704020
4821023
4641389
4214779
3946158
4850086
4318971
4101954
4944707
4651531
4828509
4218068
3654660
4643192
4061167
4735162
4641395
1990718
3867964
4298765
3058489
3710704
4383664
4520510
2708949
1949106
2079597
4193382
3623807
4886597
1989203
1860169
4119955
2520220
1997892
3881559
4190588
1083470
3548649
1064976
4543721
3866017
1582287
2689931
4771900
2228387
4768112
4746232
2141888
3353695
1241370
4392936
4236382
4019853
1754777
4112173
4706688
4113363
1866087
4792013
2294912
869222
3932822
4874327
2100822
658127
3130993
4751287
3773248
4351425
3254875
4558862
2301351
1199955
2321562
3811857
3727753
3322168
4486700
1714882
2981463
2077119
3648544
2677494
4894158
1943817
2176404
2402946
4836916
2187211
4440053
1044728
1711307
4529872
3361951
3884667
4438736
2556199
4691635
1849580
2659368
4225477
1822108
2800319
3142746
5027617
3782349
4064320
3135149
4704854
4053842
4689818
2097426
4516943
3121730
2201145
3208196
3383316
2624331
1256809
3468687
1229493
1588369
2059822
764082
3690510
3932615
4189842
1770970
2069841
4720294
1868531
2097898
4628575
974352
4833931
1682101
4913599
3436261
898597
4876550
3505066
4500605
3518450
1737899
2126752
3010986
1738018
1569904
3736355
3684530
3666536
2874408
3885119
2331169
4419660
4246671
2352279
3010178
1162425
4446015
1872396
1695382
1566024
4880186
2671379
1583228
845378
1942387
3746239
1955170
1645523
722844
3270058
3779342
1594426
4376495
3970329
2069999
3535138
3983866
5002970
3737266
2535899
3379344
4796487
2791233
3604997
2574090
1918413
1808741
1157868
2974549
4225083
4789744
1861487
3040104
3632631
1217417
1780800
3689548
828214
2169346
2743756
1475620
791264
2128030
555797
2599450
2627079
3662416
1756897
1969946
1229705
2628166
1001682
2020385
3675267
4355276
2235465
3765501
3675153
2460779
2660294
4822475
4746348
1128411
2590221
3018109
592113
702788
902259
2282512
776951
2257346
4538704
900957
4291753
3551549
2502643
1917082
4536514
2240526
1129193
675734
3011287
142954
901854
2267564
1943046
4425879
4684351
614323
2410948
433168
4501154
4791387
1742937
1721284
2496720
495538
2540399
4846148
3216822
4803756
2616989
2064453
4832603
2026805
2325387
2382377
4431142
4585194
3400000
3756074
4020291
4794241
2335982
1672204
1816113
3848354
4393066
3899964
1062394
774965
1816243
2573914
2665294
2594030
4186244
1385398
2118444
4639931
644971
4623148
1889232
2319171
3100786
1952037
2108217
2118540
1911308
3369714
1201899
2410264
3374691
2932830
2637743
3754089
803828
1408381
3307758
690982
1925029
2176046
1709022
4683658
3665005
1747221
3293762
3709956
1886839
4607972
2404778
2818772
4543209
3925362
1672165
1082260
2135405
4189841
111680
1029562
1546425
1409923
3650832
3486287
2863215
2906572
1495848
2365443
828242
2670759
4829677
2058788
745360
1108149
4958758
2625911
1010596
4415585
422328
2203622
4287878
2502889
3294721
4634744
1172819
1056202
1301562
4705585
889632
2225736
2507884
1221602
1077675
2269544
1811527
4521745
2826730
1623093
2674297
2075268
3257738
2590119
1031991
252238
3071981
2468866
1860433
1995114
4470172
4450601
2275674
1909555
2064450
666445
676172
1869406
816600
3628459
1102101
3055878
4131123
4724998
3073983
4068538
3121104
4925156
2444148
2692423
2268730
1661477
4176938
3136589
3026203
1013839
3008842
1097543
947477
1651290
2169142
1619555
3405683
1245345
847592
898106
308917
4806838
1787964
2428357
1893432
1127798
702412
3337690
862088
1829927
2615748
2791432
3299312
2659369
894744
1353480
2443190
2493793
683970
1529189
1279490
1474956
4820374
1625858
1011599
2318641
4448533
4912108
2750915
2496646
2970030
1046830
977875
330276
2182100
2094186
4758850
2328680
3549213
4353703
2595686
1562551
3704366
2750832
4334857
552068
3954641
1218337
2576360
4203273
83975
173391
1565265
1783812
4042579
1992711
1876015
4644712
1620144
2231831
1826438
2164274
2630863
1952177
1608832
4018769
1141858
3595734
2868674
1021579
330273
4221414
735701
2983479
2234883
1843653
1886684
1915794
1556336
2624022
1623092
3580335
1760666
3616426
3685574
2628159
620789
3792787
2469345
3950769
2045979
617825
2228184
3010882
3931877
2266572
1163521
3036835
2608130
4755428
2161122
2230771
917129
1969122
1991177
2190904
2124420
979155
2459394
223397
978026
1706210
2428358
1313635
2534559
4016073
335628
4760524
1810374
1018019
1867443
2077848
1905993
2468865
2731892
3365526
1612454
4452319
735833
4900284
129891
769995
3607872
926644
4376041
2546017
2450629
1512177
1924025
3306465
4020650
2833172
737408
1023042
3054701
3089375
2102287
2596015
1909554
1274573
1679789
1474946
633993
2243773
1155294
2921013
4678354
3645570
2569254
883670
4393042
2380030
4581701
1654883
770576
4225904
2316176
1621068
2478408
4467037
2245772
1623025
3844651
1024742
1885374
861415
4577577
990527
1962182
3023401
3013417
4872744
3690392
3905613
1860434
4521012
2107837
4095763
2926208
89229
1583277
95382
5002973
2462356
807074
4805580
801303
1126915
1873205
2039845
658488
2772466
3853713
1026729
1554632
257793
4436738
3745820
4135160
1828537
861180
1650477
1346404
1874165
622407
2044368
879061
1764213
3513437
3334163
3282571
2549401
4534810
1886545
3908671
4862041
2037204
4541081
2270137
2812094
2196289
4076789
2445240
196839
1181761
3533482
2628165
3920772
3249380
1244293
3772513
4862995
3119369
4532648
2165271
1744385
3097443
4143861
3465365
1804553
4834698
3890663
4176731
2635967
4543713
1558876
385544
4383860
1643106
3750319
3620693
2914646
2861378
4027448
4111778
2113754
1783813
1949715
3709823
4862040
2679663
3397860
1488073
4491213
851811
2054965
3168378
2874944
412288
657519
1812515
3142389
4415584
3394571
1627860
4606740
2468862
2650676
3649088
1558869
2102292
3612539
915210
2008553
1045757
1782795
1782802
2088427
4415744
4093216
116128
2912487
2067141
161787
1528368
1977950
3295903
2044366
2449729
1028733
433005
2514910
2924352
3322065
3664033
4605491
917061
1351114
363662
3076004
2237579
1368231
178353
846872
3066712
1299942
1893431
4485821
775624
3515714
2477261
699318
2246356
869197
1563000
136553
4716427
844103
3385965
1849273
3890723
1288341
300746
314645
2241580
4134856
1656727
2454006
983680
4415495
1454085
47686
1879418
1483372
2439848
1454089
762207
902888
4185779
1902624
3950155
2898419
1774124
2664322
2234657
2602250
1956123
332571
201522
4884430
3032224
3940958
970163
2207263
2776006
4744834
1646193
4947078
1736727
3573970
146957
3501901
1468467
847314
1632673
31334
2096523
999720
2964434
247037
3762401
3684244
2585183
933875
1736572
2365752
3572698
318109
1711326
3678555
1159687
2133787
3728856
2628955
1609590
821691
3640197
3439142
2742961
855762
4640368
226279
4975261
1062374
3793505
4583712
1503470
2719326
519080
209276
1385396
1895607
24695
841565
3415914
2962206
2396057
3160676
1897567
816734
3933767
3340068
4924798
58063
263384
3629575
2678372
3638672
39205
3256129
75831
4353816
1572868
1454087
1385941
3775563
2132775
3799924
3721142
2084862
1918979
3093274
2205311
3093269
31819
717133
1219592
4397592
144737
2920787
828243
300689
972691
2157917
2654424
687530
646713
1253862
1083052
1917158
3641172
4883679
4352925
2623831
3081735
3732309
4605810
3755316
1518712
3339295
134443
2870806
3074561
4896646
1574230
3879874
2139060
1433306
1762724
1765587
3606457
4588808
676017
3612192
402496
2359099
2514777
1171254
2449792
1093245
4808501
1983358
1642274
1948378
1569704
4349848
4798513
118068
1831051
2681490
4791386
3050529
3813026
1517653
767672
2044362
4657226
3684246
1997307
3257742
133938
2586420
4273475
3019859
131891
2962915
231257
2052714
4493040
3802844
3355432
1977951
3264589
135142
1923214
2471823
4155614
457590
2139062
804960
1160610
2708952
3967023
3827811
4393036
2331417
1410548
228919
3194930
1013338
1345671
878369
2562756
1294882
58286
330271
4813225
83674
3877128
2384875
934453
2321854
1212692
2060211
73473
1829038
1564607
1649990
1743616
2444513
835314
160712
2449759
3217551
2585811
2791873
2039543
3325194
1633532
1742483
2245784
2290441
82597
1033002
4885549
2099567
4793476
329283
5050870
3669516
3623520
1679799
2084545
161338
264090
3523645
722238
127762
205618
4705823
1520526
1420669
1541853
3890184
1899100
1749178
4691422
162311
104621
1405981
1164324
817174
2945758
3290808
380029
3582418
72585
1253252
2299186
160106
4057951
3644156
1956730
1762728
2323911
2367232
1219310
2527867
4393816
3834006
712015
2104881
2245775
1372142
2058789
3694755
3534474
957931
4078685
96792
1353936
58092
2641365
1610745
4134503
60276
929999
1387651
2565986
2753127
1451620
187574
3547780
4313601
81907
877655
52398
96525
1496486
1115820
3669517
1762729
4860511
229695
1970829
3350992
785982
1827558
76768
49101
4817853
143853
3207042
351189
1027692
207659
2786980
2050696
3388797
3697747
845391
240488
914220
2247102
847313
1655728
4352514
4867760
1572845
133852
1618411
1762730
2781369
2010808
2427563
1607294
983692
4710115
2562794
3438591
1657612
2149812
4127421
1317186
1971795
1546350
4134668
1384099
4193555
1724319
2287891
896753
4250431
4713808
3613161
1405980
4322847
1554749
4136188
2376713
2028950
660593
2795613
1760614
162662
2729414
3503759
78367
1296305
1554602
128935
2628164
1415466
1612465
2991730
2276210
3125070
1715917
337500
3337289
3503761
1701775
3746181
3340195
3864489
3491545
4449257
2254470
561335
2351094
2161148
4197563
1733039
4014382
2765068
2245785
2236622
2340905
2989057
1843231
728878
201523
3591908
3938090
1440018
4917483
2935781
3938091
3103580
591347
1465147
1846898
2258687
1228509
2067859
4171915
3606082
1403588
4977600
129080
1829925
63321
4329626
4082580
2369304
1679794
1845585
4330718
3145600
4073921
978213
3311309
4750846
2277236
4303564
4823473
1429457
1616415
1451992
3746186
4199237
2857447
1732601
3651636
1154509
1570183
161902
4634840
4657212
3467317
3688631
4309379
3099024
4725386
2014039
2489378
2067117
1782215
3066803
725718
4723710
4020049
3746215
4838455
131564
942356
1345674
1298522
1988096
1681634
1805627
2564395
3752975
2495251
1116977
2211141
2246659
1897317
5035509
2479479
3767017
276451
3625240
4244210
4829379
680689
2599504
2025205
1213856
3563096
1345676
2655718
3637216
1762037
1892253
4860510
330274
3494362
1827616
1645699
3230981
1343383
3697466
663725
4043359
1780725
2596971
2534930
987133
3150892
806325
82815
1609741
3322526
4848820
3921649
3041193
3023414
1150868
4810017
2797918
4277322
1607736
3564083
1950438
437139
4288226
4244680
2758279
3625849
3099022
2097562
4321000
1331610
2245767
4341639
1949860
1754266
330270
3652028
1462224
1859223
4179280
2968792
4541862
2333525
194320
4183351
2771171
4662226
1033882
4873470
4480795
4690175
3891621
4317681
4030294
2833565
3651385
2971241
2399766
3756314
3613647
1871842
196977
3030240
4822659
3175993
3262144
3284709
40017
3650854
3479103
58064
4106917
3912664
1804341
3381137
1746492
3357805
3881448
2162263
3148592
4468592
323769
3118383
104229
1839044
4736984
3046747
3593409
1694855
4116266
2726346
2487880
1816571
1636879
4272569
453724
3064687
3582938
3104522
1135897
2691242
2176280
4017839
2264767
1385964
2753891
3069191
2882501
2709349
3421429
2195728
3276536
3298591
4453889
2521259
1383389
4163794
1861434
4622347
2328679
2895387
4044653
2296588
1838426
2298847
4622078
340287
1932489
4786970
1614477
1872563
5043508
3684855
146235
2737141
2413242
1566064
2596164
728870
3361563
2152153
3418992
847054
2135493
4537193
4886194
3852478
924759
4896167
1103903
3289389
3977191
3577374
3684243
4630822
4295242
3488458
3965856
2108648
3397669
4276057
4166238
3989790
4276792
3578634
4001494
4101443
4794413
2836353
1714637
2622988
172662
3692895
1383390
324516
3892142
1274017
4518871
2610039
2869875
3797883
1695254
4291608
1817464
1518125
1764244
4253102
2039544
1583147
4321955
4862037
2825422
4156714
4383669
1509639
479812
1459488
340796
4705821
4894931
4638949
1846644
2573493
3283445
2813660
1941208
1743443
4313921
1214421
3499015
2361328
893739
1260398
2264529
2067099
4390731
1578784
1820817
3356258
3765522
4918018
4594280
839947
3893227
2331037
3160148
3333793
2781571
4013493
4794567
1399651
4832134
3834561
87570
1768264
1286241
1351501
3591213
4020050
3708195
4861384
1009330
3834249
2044338
4786514
3037642
4771467
2185106
4790484
3759944
2098143
2779422
2229349
4926909
4267100
4859703
1474012
1850849
1701996
4768149
1332018
3019409
4029709
2004892
4848734
4561659
4629735
1988320
3711420
3593881
58527
3914213
378126
1954858
3468026
3924951
1029307
4041185
3933105
4376532
3591050
1870068
4715827
4019244
2744034
4046281
4174539
2201307
2255709
4462023
3869560
4468295
2084194
1644535
2567564
3034391
4088605
3273140
35015
4699367
3181499
4876749
3669775
3707946
4708805
3285233
4774201
4549062
2994583
4756087
924414
3503278
1065821
4640775
4116631
3814490
4323073
2109120
3704761
2842174
2226722
2145629
1103732
4009220
1537214
2943265
279032
4172057
3656603
4374452
3503760
4569104
1796309
4258870
4568959
4298815
3003325
4054015
2735748
4437056
44714
3685577
22538
1926301
3972330
4729371
1844230
4528224
3238282
3841003
3578631
816327
663776
1124313
3553569
4225030
161052
3160882
4029682
2436912
160565
4841213
3730520
3412600
4345352
5050894
1787848
3020314
2897724
3801381
4689249
4047519
4664773
2958956
1670874
1296370
1502221
4188060
2736374
4303461
3323078
4321780
3403124
4093248
1294709
4772080
3444967
3545864
3542856
4502085
4821674
4363685
4243833
3266252
718156
4029686
3102206
1788628
3968196
1397854
4805756
4018669
2583616
3351262
4895740
2304303
2958102
1663107
1170505
4543348
3823402
2677191
4754031
3577926
4352488
2254752
4090499
2596789
2979891
4694276
4839765
4804326
4642202
3945419
4322559
4617328
3173880
2937933
3975990
4796008
4609930
4816962
3592622
2775397
3462322
1481747
1817548
2285424
4499311
4764929
2569175
4682959
1629635
Total scores: 1740
Average score: 358995.05
SSH: 18, SH: 216, SS: 6, S: 59, A: 920, B: 354, C: 148, D: 19
