1754777
1737899
1860433
3018109
2058788
668662
1989203
2250747
2020385
795627
1881586
1736333
2061232
2315560
1861487
495776
1946507
827488
1902818
1828400
1780118
1911308
3427063
3551549
2102287
1537817
2615748
2964230
112922
2779000
1241370
241739
1556336
880496
1501840
2659369
1600415
771858
816600
2659368
735021
1281015
1031991
1947968
199593
905872
2102854
1595191
2562564
129891
1382030
2734925
83975
133938
2771907
1969946
839711
2594989
1213856
1401254
1220498
3158746
1932924
2581092
2708949
1137943
1804553
2959921
1752311
419551
2603095
1659421
1537566
839947
252238
3415931
1053520
1141084
712278
1505448
740044
2235465
2112992
1370802
3561625
2410945
974352
2102253
1124857
651744
931860
2610039
1258642
1815397
1494828
2309955
1577751
790415
500082
1808605
807074
555797
95382
2813781
341891
959406
335041
1099807
926644
1988907
278451
832346
869222
2596015
3207042
2246412
280034
658127
2045906
3097443
396105
1752315
2496720
1402392
897279
745360
1860169
1508977
703275
1512177
721158
3020230
2712411
1847043
3322576
1927235
2262537
1086267
3033142
1172819
1128411
306018
2026805
533630
3651636
3688220
1299942
2518847
2518845
2412400
3295826
146105
1499066
3491545
2223893
2730082
1586945
1746492
2478754
2245772
1034482
3536504
1245365
1032126
1039801
2680248
1201899
1206499
1460113
2202493
3333661
1557181
1589320
789752
2709059
774965
59643
2719326
725166
1588391
1484989
288660
151229
2274002
1483372
2025205
2127114
2549390
1927666
1936982
1097543
2067473
2014469
260489
690982
1836026
1315334
2643204
917061
2595340
3374669
1531985
1984257
3311312
668301
1680868
983680
2238810
2410947
1960286
1242897
765525
1795146
1988911
1849580
1312984
1121332
3107506
1891549
2633790
2147615
2803459
527704
3502500
1992711
1577478
749780
1320129
2964222
572475
1702172
2026764
776295
2848899
647844
2654458
2335100
2471173
2327841
1509549
790218
2125723
2345714
2823535
737100
1993380
3853099
1658695
1135745
2547134
1649528
2331169
847314
711923
1468467
1187354
323907
446378
2661426
3385205
2794464
2069999
2409988
1059388
1432943
1839701
2110791
1574314
146957
274839
2339004
1722406
1848919
1973410
2330357
2337036
1219148
264090
1771721
1806961
1993287
1199955
1760799
1617365
2650207
1434424
3494362
2102292
2315558
2303231
1956123
2062331
674933
2469345
111680
432346
2245783
1211828
1062394
21454
1769702
936026
2165188
3299353
1743206
2899195
746315
1102712
1692260
2022202
1935596
1636722
523376
1754395
2410948
2757590
2689672
1962182
3287485
492698
854972
2206829
1680025
1145119
1613091
718620
3311366
970163
140665
1238045
591445
468997
1983358
1675838
1331610
1654883
1706996
1679686
2173072
1616718
816327
2263158
914570
727204
1564294
743896
1454407
2911355
1242792
2380030
1456418
1955207
99342
2409647
1702581
1378253
726357
1766008
1219212
2616665
2628639
2947606
778929
3745820
1495848
2198934
2666376
155118
2321257
1429746
1385396
1695379
1733381
204536
2415770
1541347
3311344
2451494
2484271
1192060
428270
2321904
620789
1897567
1799568
1782046
2338610
877312
2321259
916917
1951034
2410946
1984539
921226
3855128
1841188
454385
1981239
2970030
257793
2463985
1943871
1636304
1538589
1425283
2341388
3557110
135177
1401283
2257174
1943786
2044368
1844019
2602180
790048
2063785
1401984
192515
2245781
1636127
2082939
722844
1256485
256027
736300
776951
2798816
1174207
1985946
2567141
2670866
1366188
1568451
1595304
744036
1262832
2327496
72585
602917
797108
1185260
1377957
2394790
147377
161787
779964
74652
3045915
1527475
2420339
1219214
1573638
164020
932034
1046830
1162919
1436138
1129261
1028733
2127653
120030
972034
1242789
2020258
790229
1583273
1694501
83674
537989
1184958
2231320
1829038
3108140
201522
2626718
1544460
2165901
2249059
2689525
2042994
793845
725139
1512179
81136
2494157
1619555
339959
1491793
1152014
1566634
1690475
3360782
2680522
905800
1719019
2708952
791264
1427556
1412805
2346860
2204992
238507
1540892
1885770
1619453
3299406
2123415
3263248
1520445
1542848
397476
1947202
1562551
975588
3081319
1516650
774527
3241785
240488
2495109
1131882
124738
1241924
1979462
2848846
1542373
2588002
2099567
1532429
2066838
971834
589969
1677118
1576174
1243784
1155547
1282209
230523
2455423
1264972
1970829
1216854
1752368
2185106
2643203
385544
1095566
3064155
748656
1801048
3076066
2009432
140897
3501212
956254
2486881
1519424
507099
2759781
2529041
2400926
1671176
1396072
2878235
1541573
3404214
996357
1477910
1917158
1582594
196977
903049
1609721
1736727
238938
1809913
308917
2405667
1509460
4093362
3851323
820483
2508517
2853665
541990
2689570
871154
915458
366142
3248781
3851186
2361060
2152663
1942216
1733039
221777
1407861
1459108
2922036
1120184
1594712
1895004
2927129
1889232
3089392
1431981
1721369
1242790
2531904
539811
2040486
2317907
3046849
2922034
1947213
1814768
1803572
599815
1843236
648359
1243782
652234
2197801
104229
2256378
2285188
1926301
1242785
787430
2119075
1570203
2394751
2459125
1760374
1260092
1870559
1860818
3142477
2603745
681201
78171
1330828
2185824
58063
1955170
3688650
2116544
2808550
2465287
701033
220330
1091511
2510778
1572367
460780
128780
455547
43589
742728
1988910
699
335800
1584258
113959
2279130
3466809
863563
1184359
21010
1675832
494818
2042993
1782388
715044
1655728
473697
1791963
1356962
2680280
543496
114635
1636104
2087289
1602151
2361362
1171254
1185311
3721211
1838427
2245784
1510212
1193128
1038749
1162425
352757
1002236
462225
4392955
130500
75359
1468210
1314987
2613100
380625
34211
1474946
499373
2670817
3015425
1186227
2848898
140654
1382052
1843653
1895699
2778367
2535680
3853809
261729
2689434
83968
1269453
1839479
3612092
266778
2699222
1234720
800923
931126
2245773
1300906
1347486
3604997
2457465
1455320
722587
1699888
1457925
2248906
1966765
2125716
2793108
125702
641605
2209568
2596971
2626384
3193011
1762724
2070598
2625175
1901963
2155962
696225
2342066
1627860
176280
1821081
654375
2905591
1485333
3216333
3938406
1670874
2202181
20932
1181761
3435826
2321854
2051808
2047489
79869
1103732
3158434
727145
1507223
43649
2753990
2833785
2243773
48416
1988748
894744
2084629
116128
3440632
1628021
2627968
431906
1987152
1264052
2719462
2034862
3255549
674932
2097855
136540
1919312
1869619
2142807
1156738
633993
2719439
2201523
1229732
2219880
698477
3609323
1756620
2326935
1256711
1078442
737493
1239244
2680271
2208340
3057732
60841
2191785
792989
2234164
1922293
1191831
2852271
2559136
2355792
2083812
1391683
1684093
1637011
2048504
522773
2374098
1843594
1242788
1973474
1614054
2455226
2218609
1920631
1040424
2718124
2742940
1837923
4332223
1594726
1569720
2505928
1783012
1631406
2397737
1459309
1623725
1543234
943415
1750801
970331
2250889
2348896
1758838
662294
1208710
227772
3216130
877728
3182280
2819205
4051892
2769035
1990062
890190
1562893
1688424
2391596
318950
1863224
1617047
53554
1752313
2074065
1714636
2350646
550235
3263175
2272081
2363972
1459917
1264070
787307
3257369
1724319
3452738
2061813
1795090
1675840
1974246
1944228
2635238
2204492
786680
1157868
3594958
2062625
64267
1848332
1607082
1677119
3179992
1559778
1039164
2465053
1253252
2541840
2699135
1462917
2623534
1180633
1029562
2250114
1917013
1770626
1503470
1675842
1397191
2171844
2097898
2240404
1961263
3120003
1839789
2266550
2722431
1777806
649319
93323
1816243
966177
72410
1722407
3910307
1892764
2680247
1710846
2482032
2500672
2472324
1043089
2862287
2023961
1182535
2042856
2136959
2062581
2789103
1730658
2245777
655679
984660
1400414
2916771
3555216
1612454
1762728
842512
1765587
1314490
1694395
3322521
1597247
1107970
1985881
1766514
2680274
1853953
107763
411276
2632763
1411709
673275
3256284
1474944
3459525
2401293
3087146
1934828
3246724
1815526
1512325
2069833
2591358
557781
1379343
2129143
1909493
1707719
2719427
1620698
2191553
3536137
1949196
1717413
3108004
2358478
2913269
555236
964063
1897802
3735441
1676342
2133274
3625423
1208919
1444063
131564
104635
3276444
1102963
2643109
3311238
2070999
1662038
1394187
2785316
2643111
1439335
2848365
1025210
1604098
1351114
1456417
869286
950679
591347
1572436
1783813
2836212
1625592
1150555
2574880
3333706
1373950
2245774
1579923
2828726
552068
2445621
1481207
3409907
1224754
966920
1770994
2473353
3132361
2916949
1526226
2501930
977161
48632
4074058
1093078
646609
1694583
4103672
936797
525849
2250774
2256458
1623093
1720903
2061081
3121055
1535886
1048276
351189
1263997
63412
1562159
1857880
2915636
3276559
1464583
1440398
519080
2351193
3373369
1033154
1993172
1572198
3276740
2964221
1940885
952787
1038193
2463922
4131657
950963
3502151
60890
1568003
3621995
749189
1777467
2388297
2768157
1686683
890811
1210841
1565501
1856494
2494281
2242173
978858
1639738
2677019
1483288
50174
1314186
1990541
1289422
1135259
1185276
1989990
2074476
2064236
2364768
1603550
1489149
2825417
2221010
1621319
3322603
2659349
2220885
1909963
2857447
703584
2404675
2142341
2301681
1963209
205941
3408160
1163867
453358
1087334
178721
871844
2008748
2470712
3385161
1621068
124275
2245766
1313816
1726474
3428879
785982
2506205
3382073
2357612
962194
3185210
1917157
127846
871027
1610022
4129466
1963977
1481747
986042
2138577
1548347
1749418
1841190
3338283
2132928
1716714
3110488
1745945
2559639
918278
841899
1479927
315552
1714161
1765081
352863
1715114
4742
369349
1158040
1762730
581931
1405094
2960557
999566
2195883
1259155
611753
3871800
2860106
2768155
3019319
1581189
2680328
3392001
776594
2332941
437139
839634
1741421
2822239
2796778
3783209
2363943
3155278
1434564
1693575
1215580
728960
2637278
1783814
1775315
1518125
1017559
1740834
1836302
1690358
486513
127762
1264763
1764213
2443190
3860793
1675834
1033430
1894345
1716916
645436
2343884
823366
1231787
1608726
2167576
3291796
2506563
380029
3369504
1227359
2916575
1988750
4060312
830354
3298593
1171420
1049018
1535888
2257337
227061
3274710
2992796
3069073
4127347
3448347
3615749
1980295
803704
2508518
2069841
3345795
1851366
960985
2099761
1139717
1593674
983692
2770225
1746034
3209907
1749360
3552450
2458768
2112385
1180209
1714882
1932099
3580580
725718
3172759
1621858
2234808
1738876
2201366
689060
386140
1569768
994495
2277316
3831280
1621175
1853276
1059390
2165773
1900208
1436744
1734156
2064497
1846237
1813820
1969122
2632756
1749322
1023091
2869714
172681
40030
1226973
3346789
2643115
98496
614323
3143627
3117364
1847491
1675844
2241138
2777736
978026
2540771
1714884
1989857
460513
1653231
2066173
1166723
36658
2365752
1486738
2130903
791274
1581288
1485667
2158036
1522511
1715403
2190375
1696314
2068688
1495657
111302
1945547
1838665
2624375
408378
1718672
2221493
2220319
2173055
1963417
542336
2340232
1642644
1142208
1149303
3860803
3332588
2785319
3333448
1414507
1114721
2329587
3263131
1569584
3173440
2502754
2897138
1084742
3089374
1474947
718156
18170
2130516
4284613
3365768
1465147
1725245
1696805
1179007
1178810
1119026
2565268
1280585
1100429
1690353
1294402
3020221
1243846
2719302
1118876
2988681
3190784
2854062
1675841
1725369
2277298
660593
2330076
3197624
3546552
1690870
967558
2745957
3992195
1484251
2705258
1496486
1501472
2906707
1843659
960948
2223338
2608893
2469346
3169279
1285839
1973466
1992682
820481
203993
523575
108762
433005
1525893
908093
58286
169450
2606014
1704984
1892411
3396707
3243747
1389756
4013498
1512691
2191439
1721919
2513756
1580160
1578784
1253664
2612892
1691288
1331342
3793473
2966904
2519700
2004269
2580856
1690355
1573999
1561529
2472055
131891
402590
1616889
553131
3426072
2111383
2565154
1868671
2397583
2126101
2133938
1626537
136655
1643386
472619
2963126
2390161
3603353
1486576
2133576
722607
2225703
1703066
1762729
1083470
1699597
1262009
1620144
1366681
315
1924570
715378
4622473
1578505
3110027
3481618
3235170
2502505
1846226
2576191
457257
1773499
1489061
1702827
2855075
2012009
965369
1149713
1512368
1966391
1698069
1971416
1992745
3200649
2631924
2699240
1906336
1826150
1578503
1623396
1035901
794779
2625105
2136334
179972
2106719
1043348
1390927
563828
3089379
1848803
769590
1355964
2493793
762207
2907728
403729
2899154
2502643
1265800
933538
3333734
3370546
39076
2075749
120569
3959370
1790070
2276025
3081700
3921100
407788
2977897
1783310
1909554
2296800
2131562
776411
1528303
1580835
2624227
1656879
4112838
1688226
4193115
1217417
2319981
1343925
1843575
1498152
3050698
1574899
972457
1183809
2899404
1566610
2715370
3246722
174195
1645700
2983325
1598715
670838
201523
861164
471833
471412
1580084
1733839
1971171
2055393
2520633
1374107
3209906
846613
710325
1923154
1469136
3403124
1676851
3894416
4129460
1396342
1655726
1036393
1093704
1582863
733432
2071495
3967162
1549349
4254423
737408
1029677
2988611
1077686
2176046
3192283
1872396
3236300
354045
1923476
3842505
3891233
736213
3829478
3012000
1522919
977875
1950964
1655719
2265852
2954182
1854139
1660602
3216836
1596106
3315765
2217489
2098737
1827323
2856086
1770156
1211913
2201524
1736730
1155085
206199
3612540
554519
3088665
3666371
778603
987133
1697648
1754868
2137969
3398012
2196289
1827412
3821936
3649036
1659929
1023481
2457532
1598716
1414505
2534381
1712377
1573860
2156318
3071477
3152398
1442221
2378216
1849718
3890688
958160
3333703
2316729
941455
1403900
2371698
2049347
1474949
2375390
2125360
1696694
1623206
1537816
1571309
1142960
1257855
5614
2164997
2231443
614215
1045000
545195
1656913
1585979
3311337
384926
2491234
44526
2268730
4083286
2961042
538539
961907
2205213
2565270
1972913
815522
1696207
2011121
2833226
1532288
1071369
1950290
813308
1130281
1226524
393953
2281165
1694106
3320396
1875484
871815
1345671
738980
2236734
47242
3524138
2154658
3020314
1745946
2206799
1149638
1500993
1728697
987947
1525734
2401519
1804642
2458212
1801873
2013012
1645699
1077604
3871738
3528324
1653505
2906051
4031654
1894157
1675191
1915794
3000861
644067
1767646
4093595
1036655
39753
917129
3209908
3381022
465543
2365948
326864
2983143
1034889
3538924
1783812
188854
2098143
1917082
1896298
3851585
1402715
1911962
1046424
2906054
4169920
1943046
959426
19990
1632912
112201
1187352
1155987
934812
1783013
449848
1301932
141764
2480417
2842174
1906615
1854558
1672656
716269
680920
1366189
2881593
1847493
1865037
2859916
2017538
2640882
1595588
1218649
2698458
2986664
3783723
1518581
3267210
3394172
3229058
161902
2961551
1567435
1726617
1263036
1425722
307798
736720
3949681
806325
1512371
2017880
2369473
1689294
894090
1014244
1078177
1900389
961692
1746175
2635571
831241
1675830
659780
1106704
764082
122693
406970
728870
86293
2374190
2941387
1492654
2574898
1154153
2148476
1712994
1815278
1627148
611931
3056718
872885
2647275
2722432
1154509
72419
728416
1150597
1699159
340378
4186705
1624775
953435
31995
1658431
95733
1592915
1690356
553189
1762534
1003447
1582339
1527960
979231
1581628
1076346
3263174
1784007
1385778
3594057
1849273
933105
665149
2497409
1464026
2686386
878369
463136
2293450
1366190
1855887
2952114
2045115
338912
943246
1057141
1243791
1914037
164266
2223279
2264207
1472242
1958096
791320
1385399
1894591
1480694
700653
1021579
1078904
1173436
991587
164519
954692
932432
1974347
1831051
2444398
1610024
1607736
240106
1595303
4210079
2125366
1893431
1997307
3283681
3718868
736214
3479103
378178
3607872
3349363
1697646
2510875
1606061
2788974
772293
2300525
1635980
2570744
510510
1479802
1588138
172834
1675691
632127
1763013
2456544
1469442
1596105
1406011
789765
45444
1144257
27737
1368564
978407
58045
1603081
1658729
2218881
979155
339055
2657705
1610221
983155
917024
714506
3737266
2709049
1343517
3292489
1638680
3591993
2711521
2728186
1560823
3802335
1551210
3119680
786345
1861434
1397599
1562169
801158
710727
3565102
2622787
1572144
1514275
905745
2444148
1053519
1068383
3340195
983896
1582598
2055575
226605
115214
1822108
3688687
3041193
1527650
1613466
1696693
1622463
1659942
2245767
1774124
2319009
490367
1576331
1623173
1988320
2708957
3654058
2881890
1380717
3688729
918723
2301107
1153219
1706210
2131241
1175599
1637003
3208192
356002
3661657
2758299
1933528
936800
1402717
1569904
3238785
1846898
1738176
801303
422328
2455380
1697645
1809151
1716712
2741026
3349095
2131544
1655999
2026835
1056202
1059389
1633624
1899759
484036
3046695
1554502
1868884
1403907
367006
1435203
647229
2233600
1690244
1588139
4164087
1401281
3359700
1016169
1675839
748505
2183215
1703135
1984256
1596104
1679782
1395942
966160
1586591
35409
2254752
2447121
1546425
2547197
1612281
1558297
1883952
3775432
1782879
161770
3802313
943399
2237357
1690887
1729489
1674896
1538727
1949535
1417132
1454085
1845585
1675833
2026595
2819139
1016092
1609429
1852605
1466341
1619998
2376713
2284947
2636964
1548125
1805627
3476108
1633532
2336319
1656911
1960574
80281
1635301
1094998
1736729
1655981
1856998
386139
3680721
539909
1705597
3792291
2201521
2339070
3322526
922638
1231408
1682104
3244647
1241725
3534950
1378892
3333745
970190
999590
3863533
635865
1631041
3311170
4021332
1440018
2038991
3143257
1628483
1628302
1137172
2564220
664223
1046248
2958956
2582733
1586530
1540186
31994
1567645
838655
2341838
1236683
2778437
1149925
2274874
2256387
4394628
1677854
2709040
1628718
2516229
3844605
2815870
2486013
1030374
760034
123708
1696122
1602635
1610567
987541
1514278
1697647
1419243
1973361
3158927
2128030
3690446
2641365
4128220
2200510
1656914
945157
1715176
869310
907479
553225
3873990
1906388
3292544
1563000
1208032
2836542
3398520
683409
1700752
92426
1509550
881123
2825422
4249197
1588473
1399834
1579823
1176330
1005743
1666450
2116237
3195227
943417
3093143
2938227
1717644
3767607
1529189
1642274
35408
2848842
194320
3003419
647871
2829376
812161
3008842
1696695
1457148
1220396
1632673
107242
3802323
3731628
2556347
1474956
2077521
927754
2046351
2699857
1111047
1837350
1828834
3090137
3868554
217651
1911665
1527360
19378
58728
1785659
1694739
1576520
864446
1709022
2693244
1115844
3784569
1056698
1527979
1864300
2332088
3874351
2660646
3120531
1826136
3595879
1450182
1845592
360318
2906211
3421591
2338623
2221441
3330501
1153238
1599961
3981892
1126915
2696829
678120
2468315
3790613
942356
4216196
161686
1051587
1039163
3020246
2077854
1681634
880321
1366191
1611251
1161444
2281045
3326839
1562317
1499068
4311860
1059410
3331635
4376786
1295867
1409923
3108587
1061972
1657948
2417422
804164
1174377
4131132
1622044
2417917
81845
764472
1092234
259
4189841
3410035
1041874
4017088
4056221
1277275
2218844
3229091
1407152
1562497
2106916
1164568
1429457
58064
1443386
126645
1777067
1587059
3890723
846872
1531148
4226815
4284879
1488898
3995168
2809623
99997
1525735
888621
1277591
1015113
1220272
2172199
3869035
1460331
1707139
1142884
1524103
3481587
1228200
2233760
4201984
65233
1984258
452508
704360
2488915
1236719
828242
1623092
1828562
4074787
2775397
1754266
1454845
1192895
2155617
2124919
3450779
1034421
1840736
790249
252836
2140897
3784880
2628955
223726
3647584
131286
828243
1315878
2839767
3073499
2187211
1528254
2075548
465548
1350927
1706407
87171
4013881
3229021
66246
3794533
2654506
1642169
2123284
1817464
2909397
3288402
2514117
1134237
915210
1581190
561335
4384636
1709121
35015
2637029
1643106
3767017
2722655
2169301
3397015
2082725
3379344
1385398
2505634
2597020
1636879
1647659
3643658
2902384
1001682
2136883
1916725
572525
1631588
40017
779950
962800
1085805
777074
1628717
1399651
3753922
462736
4208733
2452860
1094362
1787848
152480
1634515
479812
3290808
3188920
3313127
2308509
978213
3037642
1186901
890955
3089375
1310919
1614716
966243
69131
1350200
1389757
3967773
80649
2805763
2479479
2184124
1805438
2963216
2286279
2267564
2846226
1157717
1665638
2744506
3097451
3285233
2863658
2655718
1021421
3385419
155931
2668755
1233607
2667186
1946834
2986935
2360072
2567564
4186244
3934310
3333701
3377514
2115650
2351094
1150868
3736652
3853540
2586420
2065514
1128081
3464414
3007361
4009159
3239382
3078717
2731312
2867353
3301849
883670
1645698
3526113
2512990
2143044
1286241
663725
983609
2966682
2813660
147146
1602636
2796126
2350525
42585
1706958
924759
3287875
3906694
254656
1312375
2562794
2409854
611751
2564769
1908543
1686086
318340
2989057
2775881
2116146
917062
1815827
1674139
4113363
2630685
2987243
106965
3566847
2545604
2633231
2642164
1131896
2259267
1707994
1137448
1892253
1345670
4431496
2735748
2521259
3774958
511046
1095854
1349312
824389
1688154
1665564
2250833
3396352
404663
2560589
1623706
4104866
3093275
2004892
4131187
1715164
2719431
2223077
862088
1811477
3233265
4030294
4078685
2781571
1922705
3402307
1042089
1342804
2842104
2103267
3950672
1815608
1385397
2137778
2802736
2436912
1694582
4174332
1944926
3041566
2084545
2710014
4260818
49206
4189842
4274637
3516863
4029686
3013106
4317073
2633733
3905725
31651
4355352
3996216
1296370
1839222
4098179
1095855
1397854
3581600
113897
2226085
1166448
2593282
2448565
3404787
574165
3717906
3694302
3871780
4113492
2280029
3160790
3831812
4029776
3377513
3985496
3771810
3625849
2757086
511051
3117154
3629575
3755316
3265963
3104522
3722076
2747080
2719282
3338304
3320342
3957347
Total scores: 2681
Average score: 272246.06
SSH: 166, SH: 320, SS: 11, S: 136, A: 1605, B: 345, C: 59, D: 39
