2863215
1770368
3018109
1872396
2632230
3614081
2164274
2596314
2237465
2874408
1997307
4846148
3970329
2315560
2231705
894189
2791233
1804393
3260996
3215934
878379
2102287
2496646
1816113
2596018
1808605
1955042
642687
4821023
1943046
1861487
3466914
2169502
4689818
845378
3700073
2282512
1306493
1644535
1588369
1876558
2335757
839947
2118443
2453671
4112173
1981872
894744
791274
1851299
2677019
1717844
3749740
1065821
4318971
2978571
3523496
658127
4193382
1475620
1242427
2437233
2201460
1199955
3805691
2389623
1554632
2026764
2836353
1414282
1625858
2239445
1181761
2502643
924337
3392208
2659911
3704352
2365928
2012300
828242
1706834
1031991
3160882
2123199
3768514
3628459
145669
4099971
2964230
2025205
2569254
1569153
4215263
1997892
2685873
3898517
2030843
3239319
1650477
2719303
2209202
4181770
4112706
2079597
3648544
3965013
3468147
2480904
4440090
4704020
2659369
4704306
2222861
2190891
1764213
1377957
3130993
1697722
1296610
1853547
2059822
3814127
1201899
3638479
690982
4214164
3718236
1871842
2469346
1626300
2245783
3158090
2249059
1569904
297115
83975
3832793
2037204
2118440
1983676
724015
2540399
722844
3232952
1954900
4643192
1844417
2229689
3608737
2204379
2226722
2069999
2365752
555797
1804553
745360
2350478
1262832
3352257
4225952
2787169
2136676
1949536
3647082
2962206
308917
878369
1028733
1843593
809469
3096069
2045979
2059455
799916
1281015
1843595
462678
3141681
4698324
2477065
2201553
3623807
2964220
2654458
3032033
3142477
5001515
3087082
1251181
1848803
4646545
2449792
3517113
2994583
4363134
1986766
1122324
974352
1695382
2082715
882182
1762724
3851983
999720
3551549
1702172
1757416
3895775
2237466
3917718
3214586
2354761
1810374
3967922
3612033
2659368
2514777
1849505
2045115
3668941
592113
962454
4717705
1846898
1172819
2449781
1849580
711923
2610039
2654775
3040257
3837137
3939625
4343206
3385971
3722306
1594727
764082
2520049
2455484
3838647
4127115
2477067
4606556
3654660
2719305
773398
1353828
987133
1129193
2596015
3436440
2250429
3472780
890911
1909555
2001983
2077119
2229349
3877103
2369402
2964222
907594
2006569
547566
1044728
829921
4051851
3489230
4595471
2674297
1451282
727204
1874119
4300137
859696
2245777
644971
2098548
2315558
2841428
786018
341891
3036835
2414472
2791432
1029255
996356
3933767
2409643
3127889
655686
2094402
3601518
3642423
2480902
2102292
4693488
4894243
1178810
2983686
1292314
1277254
1861434
4214996
4306835
2449784
2962588
2673453
4644929
3955003
2681192
2728092
2884129
3118127
3607872
2651771
672594
933875
1142669
1354319
1107102
3017374
3992816
2099567
1746492
432155
3036752
2449782
3797165
4888061
4825535
2108217
2608130
2699196
786021
1045757
2624022
1768374
717632
2558617
2778999
1562317
4975570
2991731
4868754
3605633
3076004
4726119
2519706
1956919
2195031
2082447
3224505
2742959
4486700
4761895
3404946
2444148
2478408
2815870
1599674
820481
3128572
4128717
1107970
4112691
1669990
3817010
1069973
3759170
4340600
755932
1172150
1003013
1823875
435273
1373950
3526508
2077121
3890723
670881
1991177
3408259
3395033
1398881
2109843
1218337
2345714
2039845
1515526
4754134
2120145
172662
2493793
1021579
2352279
1648055
1263997
2564395
1170505
2231267
4485821
3561625
1033154
2881154
541392
2129143
1083583
2701095
2449791
3017372
3831289
3504206
2347578
1869619
3252699
1169773
1927666
2022061
2291305
3651245
2069841
2531164
4538704
1096903
3755042
4222805
2193838
896753
2540771
589671
1973474
1889232
2427265
1029307
4837677
1582287
3778960
3732309
1623025
3030156
1003447
2235465
2397136
857624
2778998
2709349
3621629
2486881
3105129
989244
1829925
1432943
4958758
1762728
1217241
2475939
1879911
4012167
2633754
2404778
870707
864223
4156030
1913699
3802842
3015347
3900695
2471434
2377917
3322616
3972386
4871419
3895384
3184241
3069848
1836687
2248125
2255707
2133576
3623693
119489
5028329
801557
552068
2874944
1020008
915210
1815397
2800923
1838165
2946220
2146365
3691246
2149823
2144116
1149303
1762037
1570203
4280483
2094186
1679799
2019880
902888
3852943
4065131
1402392
3658383
3912744
662064
1533884
4720294
1129371
4458959
2268036
4337667
2449789
2520047
1814702
1179971
2556233
844103
1385398
1383876
3875572
2477069
1312375
2496720
870839
2658147
1557181
1657612
725718
1436247
4140160
2173528
2324949
2725039
4869857
3350946
4009988
921226
2125715
1201636
2536719
4215279
3481587
898576
2860521
4127421
4683926
178353
2477878
1218731
1315468
1519160
735272
2452960
3113645
2197801
2779001
4661678
4190588
2633789
2456448
3875908
3210249
2730292
3308755
2983684
2613167
3157180
4479848
188709
1607736
1003687
1610745
1092516
1476606
1112521
2233823
3385967
3890663
2546607
2507884
1860169
4575997
335041
1125647
3789556
2455587
796161
3532407
3160676
1718671
1029562
2109961
3436261
3690248
4466793
1682830
2451194
2399861
1833964
2719283
990527
5002973
4570430
3340985
1153219
4802265
3254369
1797544
837604
803798
2102289
1706210
2817560
4590529
3089379
3385969
3535897
3414730
1532288
2246654
3333700
4155614
2245772
4960628
3815421
4006806
3460899
1565265
326660
4800513
4503490
1149638
3756074
3069847
3083782
2245478
3112102
3788957
1093703
2857645
1071416
475805
4689737
2868674
3548649
87923
930249
4337666
2997437
1079133
4651512
2278502
2855627
4122431
2633812
1030374
2270137
2325387
2071921
3757195
2149821
3066331
954692
2759787
3168378
1649990
2340906
2699218
667685
922172
3917473
675734
4521745
2932491
2442129
1797549
1627157
986939
3440631
2149822
1157868
1813910
3355432
1988829
2245774
2982835
2538500
3666655
2008748
2014390
1125642
2464481
1985237
677903
875945
2309955
2254763
2205657
3267170
3140221
2198640
1566064
3591067
890190
2719302
2223963
98486
1420671
1907933
2149558
4721786
911540
3206205
2674418
2995539
1608685
2367515
3494533
2621030
3784901
1893432
3572698
2205311
3544157
3802584
1849273
2779000
3311891
1430944
2789475
1200272
1728493
1306992
386899
4013640
3055878
3087084
4254659
1278814
3232953
2150737
847314
1915983
801303
2830966
2655079
3841084
3623106
2245294
4415495
3617592
4757408
3128003
119431
2449788
1907310
674349
1432899
2058788
1087334
2651889
4767844
3005828
1172171
2256387
1385397
4194071
3286837
2021335
2352543
2471823
2255709
2565986
3505029
1857519
1441454
3792984
2659337
4300976
2679887
4007262
4872636
2156120
1655981
1632673
1032126
3207049
1001682
2026805
1919744
2150736
2833172
3289187
4469452
3190144
2964434
857481
4749446
3336277
1391815
4956704
3224506
4831441
1115737
992281
3580003
4013493
1229493
2406462
2528118
3747453
2123262
2333933
2810965
3386465
790218
1414507
3727508
887621
1603635
4462029
2732387
3181298
869222
1762727
1304276
2034862
784791
2883760
1964153
522968
3544529
1827324
2518847
2943265
970163
1127840
1619555
1610746
4393042
3645658
2596164
743896
2898085
3320181
2189895
1231420
3586535
1934215
677938
2177100
1974023
3261481
2185951
4901739
4631895
3841174
4796274
986232
1605533
1579914
1062374
3877905
1454087
3443569
3207042
2485418
1222063
3275936
4667149
2708952
3089701
1573320
1589183
4649371
3459056
929999
3353486
2257151
1968674
3644656
2629594
1843594
3883745
3297593
3067638
3862068
124664
1850300
133938
1559778
2439848
2083439
679131
202756
2674582
884664
962194
1383825
1609195
2201814
2206544
3212576
1149713
2109559
4896167
4684394
1230854
1865075
555965
3317508
1894827
2113851
1290650
783127
2211018
1551135
1643631
3806985
1627148
1961271
3607095
880761
3626543
3993680
1629708
3891621
2025942
2880794
2520045
3205692
2222880
3112504
2651784
2086927
1645698
538388
896480
1489207
3899358
812161
1153238
3161211
2858218
840426
1011599
3085497
3954641
820483
3455868
1498774
1715819
2908653
3595096
1027560
1902624
3779038
4720942
2073335
2427603
1730139
3316968
2419085
787307
487384
1874165
1797548
3387004
2005910
2161658
1010596
3881333
3275914
2396057
2567509
3639155
1863228
4645011
1095854
3502500
4899491
1711830
1612453
966920
4061084
4917483
3602896
284104
2109448
2549105
678106
1513623
1511760
3645144
4682717
1940875
3012921
4303291
2452038
3669571
1826438
3472778
2843416
2016168
4836916
4641920
4956647
3274710
4691907
3549855
2265195
2546549
2815315
2797918
4672137
2664322
3066431
655682
3989774
1557405
2902513
1675830
2574880
1985735
3081598
1706410
2443188
4608844
1805627
3744526
4376041
2575008
3911528
2768998
1716732
4203275
647685
3985631
683970
2711306
1675844
2246465
2039543
3480947
3367978
4509874
624133
3259367
666445
1892340
3102022
2518845
3381137
1496486
1988753
1296925
2115738
1901940
526757
3478969
4312018
959426
4935714
3237678
2660097
4834849
1102101
1573321
2719462
2633712
3635406
1296538
2527026
3168015
1700933
1126915
696225
3078415
4226605
2102290
2740115
898575
3102108
4729371
3616546
2633788
422328
3879769
4795422
4407787
2556238
1046830
3255922
744673
1744385
1514898
1566024
2222070
3591050
1010850
2627176
1970829
3523788
1534949
3656056
2585550
2237467
2125723
2692144
1612454
1886684
1797557
3551313
2679372
2988681
3256129
1897802
3671976
337500
540798
3552839
996357
1621175
3466809
3311376
2478754
1675837
634351
1153237
2273951
1269345
2459394
1131424
4921872
3252516
234535
1762729
3409304
633993
3331463
2633777
812590
635679
1899011
102426
3294721
3613816
3635407
1294935
828940
3123993
47152
3130125
1864906
192180
3169427
1969095
2249320
1542373
3751526
1836274
4290894
4001452
1783812
2861378
651744
2583506
2931853
4216778
722525
3286838
2596789
3629942
3259719
1827323
3613813
2496721
908059
3099298
979155
107434
3665648
1665829
3879086
1925194
679943
948490
2868897
1298486
3621507
2640145
2221048
3724685
1127798
2349470
2750915
1412760
889632
780914
1890062
1396342
2549390
457274
3725695
2903363
4699367
1512177
2014387
1511837
1988963
3055879
2201824
1879176
2223259
1503470
2039544
2044368
2517107
2151745
3057865
3445605
3871800
1479203
3907957
2349467
1530642
2199470
1644648
3818656
1170480
1994599
2630863
657917
2779004
4868750
785897
3095041
3911155
4279620
2881287
2812977
1610994
2774812
2578936
1454085
3702456
2449729
1648053
2882501
2036804
2602759
3095036
2223303
4816701
3034573
1679794
1966084
3737950
1474946
3244035
4392960
1042794
3736118
3553781
1893431
3204347
3436442
2514776
2025938
2580222
2708997
2564546
3545215
3104529
3194798
4574993
1951721
3168330
1059894
3085629
3977190
3856468
3002063
2382743
2372825
2025940
2992174
1964152
2521210
2899187
4236205
2467121
1652844
2067859
3983866
2600870
2500330
3539959
2602185
1675843
2061815
2937933
193647
1827864
3239862
2149811
3157782
4647594
4838452
3632777
2761640
2719326
2044366
3513222
2799439
2738143
3927309
2014389
2926284
2234808
4805252
2135206
3172759
478437
4730092
3242265
1936561
3232558
2161305
823710
1827558
2083423
926644
3902542
1014244
1645802
2647406
3772513
1897577
667730
3164032
3211124
2331169
1955041
4534858
723891
2456817
2853915
3643875
764310
1016169
3900696
3959675
2785115
4638742
1932649
1797542
3206797
3055877
152480
1346941
2820474
808848
3010492
985141
816600
648081
3619564
3784222
3019887
2088216
3102967
1844331
3547292
712279
908042
4384562
3112503
2852420
1594731
1926750
4685807
1909963
4626371
1782215
1740157
1696136
3629621
1897567
1721060
1675842
742975
1717855
2606014
2245771
1639118
829779
724212
1988748
3584741
3019019
748983
3330445
3177954
1762733
966203
2556204
1854558
3293269
1528015
2039679
3754168
1575110
1623206
2506713
722968
192181
2324906
2069551
4384665
3057801
3120431
2044365
1962275
4443337
1623092
1702903
2873968
3263028
2444149
1675839
3853594
3261685
2245785
3081825
3129870
822765
1650139
2483555
1059388
1495848
3651716
4798246
2050696
3101105
1279343
3594038
3897504
3120531
2060305
652234
3579517
3503278
2059979
4472564
3331635
3645642
2226486
953394
2129147
3462039
2150740
4171632
1183543
2458212
2241149
2633685
655300
2465901
3612539
3722269
2149820
4684398
2456779
2511171
1843086
2252249
1609620
2413242
3503280
2292956
4395381
2596016
2100940
2443190
3207052
1765587
4521012
1988751
2938031
3713817
3783402
3606794
3708690
2724800
529990
2058787
2954855
2574380
4041465
1946909
2444910
1805910
3588263
1608414
1492012
95583
869197
1675833
4635976
2184260
4243834
1729283
4376042
3200833
3520087
1675838
3028087
1938323
221950
2502889
1149925
2836548
3268016
1649842
2816643
1836302
2817192
2577893
2708957
2237470
1972327
1457148
2060306
1399371
1309931
1535180
3917025
1083470
1228200
1643270
1988749
2496334
1850085
3669579
4313543
2201876
360925
2643158
2250247
3616054
1574296
2635238
1576773
3285674
4894595
2014469
4151497
3121664
2903032
4912108
2277236
1432783
3260633
2078788
1943786
2983683
4076864
823871
1642274
1385396
831241
1623397
135370
2061194
3470474
2248790
641387
1457925
1517726
3716283
3370177
1840736
3101756
3226413
1571863
2128030
1416272
1761677
767774
768454
3241159
2596017
263614
2317735
737408
228425
691549
2622787
4538347
856743
1583147
3467954
1621068
1257660
2770225
3270303
404440
2855075
1512179
3109881
4643978
1082260
3268563
2063419
1800249
2129145
3030463
2241150
2533964
2273952
1675832
722235
2678655
2567311
2367232
3240723
1735345
1962945
2765288
4629735
2786980
1675841
1749822
2049467
2640144
1891490
3344801
3899689
1617731
3010882
1623093
1322559
2223144
2241147
3199185
794899
2964438
1492008
676402
2373569
2222887
2628834
4440910
693288
3819588
3104675
1124179
2383096
3649088
2807872
4518724
1988750
2534559
2637354
3802259
2939821
3644429
1896298
1641323
1675840
2771296
2132928
1307401
2459145
3055880
4395015
1351114
790048
1610022
1589443
3144568
1836680
3044230
1794074
4431142
2546548
2118445
2156318
2765289
240488
145366
3583379
1002858
3167801
4894931
1964162
3697747
4956646
2742958
4155487
871446
3649428
3153029
2897265
2237468
1519137
3458527
2196289
2145832
1652163
3938939
4743693
2831942
2612423
3907769
1863462
3078491
1675834
1863231
3098623
3232268
3337690
2941970
3441410
1566387
683969
134334
1149864
1088719
3205089
3132732
2942337
2755127
1968605
3129449
3403124
1397263
2828542
2310343
1286241
2901666
3482929
1255789
5006678
1500058
3110488
1938324
2211017
3724686
4360286
3532349
3178260
2882382
3667951
1846226
3267169
1580814
2757595
3334384
3279511
2553242
177162
1474956
3881796
2699190
3238282
1514256
1993418
1843597
1740182
3780298
2719327
2634236
3099315
2648381
2868388
1123881
2124899
1827412
2090846
1989367
2887557
2471173
2340789
1512180
3866299
2776196
3648062
4684339
4865417
3777414
557963
2755563
3205626
4215344
2473039
1796421
1512325
3313885
2331367
2486581
1955170
4745591
4798513
2242173
3310535
3626627
953900
1492011
2902384
2223057
2824039
1345676
2058075
2841899
785902
958098
553131
2749924
3274541
2223134
3469301
1869937
1704259
1343517
1627194
3618901
881123
2701517
4377067
1594726
2012009
4755906
3364545
261705
1957429
202004
2118540
1402715
3613812
1442992
1821081
2757593
3208192
3925597
4734554
501049
859694
1609741
2022237
1972800
2969237
4687010
2807873
3081015
1613232
956103
2932798
2917121
1822108
1802637
2125717
3283353
1974323
2295195
875739
1795059
2919292
2249015
3789243
3081596
3434683
4684351
293536
1286225
3435257
2805891
1005072
2759110
1109849
3646974
1634984
1099752
808847
578163
3228488
2802273
2925556
2127114
1627149
4071674
1368564
3229225
655680
1256532
207846
3033861
1843591
2222967
2327247
369349
958160
161902
1975855
3298302
3539681
2271070
3259314
3843161
1943749
3260429
2376713
3168656
2634223
1740156
719594
1073275
2009432
726191
3401749
846872
3281757
2321980
1098625
2216966
3796494
1618411
3159015
4416883
2185106
1977950
3150892
1889660
1304553
4346508
2958956
1514253
3592622
2933892
1968445
3217990
1720983
3321425
4760524
1847043
2906211
2836842
2637355
2531886
2506721
3454075
2097562
113896
529358
3187413
2164859
2113754
2540064
989091
2562794
3356258
2105741
817269
1589444
3324646
2682720
3373642
2633684
1628302
2869650
1128411
2039119
1295906
2183215
1247754
2160544
3182426
3208196
3112505
3491545
2209289
3293272
2715016
2254470
2994883
676172
785982
919772
484890
1889829
3129871
3625849
885030
2442838
2448542
4671406
735833
2089071
1059390
2168419
2210812
1610523
3583774
1260122
1144257
1805075
3752975
832611
3217086
3673901
1537566
4267593
1899815
1035543
2578841
1495322
3385966
2635562
3248124
4202707
2879776
3298735
3268295
1634985
815857
1481747
2006067
1925935
4293574
4236749
3139469
767203
1862525
3467573
744675
3111553
1155987
2556347
4066074
2040764
3143835
3194250
2302615
4216779
4212498
2030431
3473962
637477
1109510
2924673
3067209
3764203
1009456
1291655
1160949
2125721
4422246
2538199
1435203
1754266
3220664
3606457
1938318
2535967
1655332
3806676
329261
1556943
1088733
785901
1987903
744672
2682717
2131813
3129873
2535650
2381623
2943287
2098534
736215
2055425
3352759
849199
2887659
4432931
3904548
2365948
1492010
3635192
1754329
2996940
991733
1652992
1646845
3167519
960875
3156597
893627
3301339
2265590
3095038
2845190
2939873
2812218
3557474
1681634
4476311
1016596
1464026
2149131
3153084
3191492
1492006
4722606
1614054
2976779
3622209
3447150
1163521
1962182
1499066
1851537
2778368
4078148
3333745
3555173
1582989
2245776
2640143
4419051
2957703
4677373
677872
3404786
2516616
2102288
2004385
1073278
1351972
1717851
2546547
2835408
3595377
1700527
1120184
1302567
3206043
3306465
4393066
4063840
2202719
667687
1772897
2076261
1127341
204672
2225530
4504367
2467744
3128254
2529041
3229091
2772367
2223734
356030
3170225
3760517
3057313
4235907
2453247
3295345
2585183
2811451
830322
2633674
4881796
2702129
2966498
1850585
2648002
4042579
3404789
1527960
3647690
4113664
3242328
2040812
4663291
2977897
777074
2221627
306018
2633856
2757086
1474012
2813346
2261703
2044485
2393032
3443974
1103841
1848250
1397837
1591935
4607972
1770626
3373242
4708805
2296022
2048191
4682959
3829812
3580348
4465093
1477241
858241
1894825
3196748
3209982
1313029
1969946
3821936
2942721
1192895
1582621
2623831
1899100
4176679
2758562
3594058
2290441
1115199
3326839
2383115
2793345
3395094
2789238
2898086
3054701
2359099
1592521
3104522
1495498
4339979
2160548
3631936
655683
3851850
2037761
1073279
3290202
1285258
3173268
1603081
1584957
4881932
1785659
2633779
2804204
4278011
3041193
1475722
969438
2592046
4647381
3862357
131564
1226524
4164087
2689510
3929904
1261879
2851425
3141161
3071477
3099626
3371379
1301562
361734
3128358
1329304
4284475
917704
785910
2885482
3779493
2963694
3087637
3697466
2657705
2096921
221777
2875795
1149423
988082
2719334
3846505
3322526
4179858
1492015
4386727
2409854
2165773
914220
1790866
2426162
3287118
4893839
2153771
137296
3255699
845391
1842523
2989093
3098286
2633705
4124405
4173682
2633668
1561550
1092234
1971493
3693870
3702327
3205642
2523668
2528358
3564151
3142494
1594426
2135207
4774712
4731228
3252363
3293169
2809623
1119043
2269544
4599327
1899511
2169346
591347
4386516
2046445
3337289
4947083
4610839
3188917
3293035
1314987
473210
4892836
4499556
1142884
3420529
3533276
3941047
3293168
3784539
3503277
4925296
3613647
2664875
1399651
2696829
2304990
2590221
614323
3762927
3316580
2103984
3217551
1643106
2015527
3057318
2654506
4321114
3530608
1013839
2098222
2649539
3050529
3363551
3155044
924759
1893461
1679789
3664899
1219310
1410548
3239350
1988434
4284879
2528447
2754917
3657305
741870
1344602
1581998
1332900
4106914
2596971
3097451
657916
112922
2718560
2601508
2804906
4208733
1131896
2921013
4148841
3088405
2726346
1150868
2546190
2267564
2262172
3818011
3161292
2176591
70050
2711305
862088
2065514
3453570
2599514
788979
3135149
3624869
2680634
4510284
2331037
663725
3401213
3533482
1960574
4622078
2670693
3117250
2679663
1073277
3102195
2264767
2300083
2726808
3089024
4277322
2947606
3908671
1743443
3549213
3135072
4032016
3600668
1826941
3236585
2160546
3169730
2907086
2535520
1041682
4626647
3650854
4448094
118068
900957
888621
1676639
2677460
3977191
4284814
2479479
3322168
1777467
3697682
4913726
1134237
1636879
1296370
3438148
2816117
544419
3912664
1231072
4872864
2207682
2521259
1231400
4301731
1451703
2677191
1180676
2744506
3591213
4276057
2668755
4669413
2641556
2560657
3499015
3640197
3921649
3783036
3243457
722514
3564083
2781571
4352925
1226973
3967023
2142744
415479
2790135
2200811
4243842
3816334
4302249
Total scores: 2526
Average score: 341313.34
SSH: 35, SH: 226, SS: 12, S: 195, A: 1681, B: 313, C: 61, D: 3
